Example_Watersheds/WA_MashelWatershed/DataInputs/o_3_ChemistryPools/Mashel_1990_Pools/C_g_Humus_4.asc
ncols         923
nrows         455
xllcorner     550005.67551598
yllcorner     5180549.8134422
cellsize      30
NODATA_value  -9999
[rows 182 to 207 of 455, columns 360 to 419 of 923]
16.497580 14.125497 17.583425 15.034891 16.468531 17.635352 17.583425 17.543862 20.623811 18.302951 21.211300 14.368889 25.070778 21.015731 13.430301 16.345171 17.136229 13.440238 14.419679 12.815136 21.333861 10.523043 23.837615 21.562702 21.250876 22.643142 22.643142 21.009324 21.411111 21.017839 18.027698 23.858117 24.541762 22.882333 22.227147 22.557113 22.141098 22.882333 23.502935 24.541762 22.626529 23.047543 20.935944 22.850669 23.278855 22.748476 21.373961 21.229560 20.273463 2.082669 17.445772 10.319847 10.397875 14.668444 15.534028 18.153034 22.746421 19.982454 18.378969 18.011057
2.594889 15.034891 15.034891 16.468531 16.468531 18.877435 15.034891 19.760537 19.897118 11.457646 19.867465 19.969869 18.981137 13.947242 20.034527 12.070283 13.078549 14.451488 14.451488 7.950253 9.525659 2.474218 5.848659 18.384219 19.776145 20.414322 22.557113 22.476356 21.816184 23.417081 22.476356 23.858117 22.995330 23.849412 23.159046 23.159046 22.644295 23.086342 23.502935 21.989396 22.606788 22.606788 22.334821 21.359860 23.819818 23.278855 23.159046 22.282692 21.690730 2.060135 17.348453 12.361679 20.568849 18.940087 19.099544 20.904897 19.650937 21.387624 20.206331 18.106604
18.877435 18.557766 17.909937 16.468531 17.113396 19.682215 12.486175 19.682215 6.744601 20.605417 20.605417 14.089913 15.294497 20.637099 18.544048 13.189900 12.749301 19.111878 12.940891 16.854821 14.977917 15.503986 17.762771 19.056256 20.915470 20.987047 21.816184 24.640518 22.489279 22.127587 22.643142 22.914566 22.788760 22.788760 23.502935 23.159046 22.476356 22.476356 22.476356 22.721171 22.092424 22.606788 22.904091 22.158887 22.748476 22.882333 22.623261 20.910212 20.379728 17.811539 10.319847 13.909709 16.497580 19.818606 19.528222 21.907102 20.723601 20.268597 2.112891 19.806388
16.468531 18.424765 16.468531 16.468531 16.468531 19.760537 19.682215 19.554620 19.682215 14.089913 14.089913 13.267407 19.743348 18.417337 18.769448 12.749301 13.614133 19.945932 16.891648 20.066789 12.563063 20.066789 20.996127 17.638360 21.515460 20.754515 22.662806 22.548733 22.127587 21.411111 21.411111 21.816184 23.849412 22.221413 23.502935 23.227248 24.541762 22.943860 22.788760 23.416249 21.870933 22.606788 22.748476 22.282692 21.542361 21.542361 22.600655 22.278213 18.766947 17.811539 11.448486 17.780159 2.087971 22.699753 18.371049 19.079434 20.723601 20.531163 20.531163 16.910907
16.468531 16.468531 15.034891 16.468531 16.468531 18.846039 17.883824 19.682215 17.257780 16.884357 11.742369 18.243108 18.756874 17.319709 17.181850 18.470565 18.544048 15.138415 12.749301 12.749301 12.749301 19.111878 19.111878 21.961989 18.769448 20.414322 21.855654 20.987047 21.816184 21.816184 20.408967 23.015485 21.989396 22.221413 23.086342 23.227248 24.533262 22.884935 22.788760 22.221413 22.221413 22.600655 22.748476 20.273463 20.408967 21.816184 23.832872 21.403440 21.403440 18.394648 16.468531 15.109366 3.322272 20.482114 20.268597 20.448008 19.796451 20.189500 21.175944 20.432701
17.382899 17.771489 16.468531 16.468531 16.468531 17.730397 19.911482 17.216339 15.430692 14.089913 14.501845 15.807801 14.014952 15.357553 17.181850 18.489206 18.407350 19.878513 18.444311 18.544048 18.544048 12.940891 1.960455 18.518956 20.196775 20.987047 20.987047 22.127587 22.188438 22.515257 23.191672 21.816184 22.476356 22.301437 21.870933 24.199557 21.690730 23.415345 22.914566 22.005310 22.788760 21.693234 21.693234 21.913865 20.236247 22.289197 21.310750 22.944941 22.343811 20.796237 17.733367 16.623382 23.012257 20.390472 18.916330 21.421093 19.071773 18.384219 18.741597 21.560516
17.382899 18.741597 18.741597 15.034891 17.662231 18.803783 17.691599 17.691599 16.963585 17.113396 17.635352 16.364932 11.001547 5.112732 18.013845 19.687306 18.774432 20.314540 19.867465 16.854821 19.111878 15.174467 17.780159 17.514345 22.218503 21.855654 20.414322 22.748476 21.060631 22.029829 22.570367 22.321210 22.476356 22.338845 22.338845 21.542361 22.459363 23.225098 20.408967 21.542361 21.909703 24.533262 21.464676 20.236247 22.904091 21.411111 20.993879 21.762594 22.897253 19.372071 15.034891 18.252042 23.524475 20.390472 22.831047 18.518956 18.741597 23.854784 21.036171 22.218503
19.372071 21.373961 22.282692 18.741597 16.468531 18.639363 17.543862 17.635352 17.730397 17.797355 17.803044 9.076652 5.994915 15.252224 15.824643 19.554620 19.969869 18.434586 18.444311 18.505204 20.066789 18.439460 14.987488 23.264589 21.989396 20.987047 23.469127 23.469127 22.127587 22.156426 21.411111 21.411111 23.159046 24.199557 23.502935 22.476356 22.882333 22.943860 21.693234 21.542361 21.542361 21.411111 23.015485 22.039015 24.199557 23.849412 20.993879 21.373961 22.218503 19.372071 18.384219 15.098413 24.533262 19.988621 20.796237 22.662806 21.783293 21.928746 21.861547 19.095752
22.882333 18.741597 18.518956 19.084505 15.034891 15.034891 12.003718 18.877435 18.741597 16.060071 17.194267 9.757041 16.335233 14.089913 14.014952 17.181850 19.682215 19.936949 18.444311 13.436928 17.400799 16.854821 2.058809 2.543687 23.869026 22.446589 20.987047 22.446589 21.435541 22.446589 20.408967 21.542361 23.264547 21.928746 23.849412 23.849412 23.832872 23.421469 24.199557 22.092424 23.849412 22.476356 23.264090 21.280890 23.264218 23.015485 24.621564 22.412290 18.798957 21.065937 20.386207 22.261637 23.386828 22.337532 22.943860 22.662806 22.422732 18.741597 19.369317 14.488893
18.741597 20.390472 19.387689 17.014701 15.034891 19.084505 18.741597 18.749265 19.084505 16.060071 16.468531 16.468531 18.741597 16.212616 13.730744 16.003572 19.682215 19.743348 17.319709 17.181850 20.066789 20.066789 2.543687 23.620657 21.870933 20.987047 21.816184 22.570367 21.867244 22.748476 23.819818 22.788760 21.278479 21.925818 23.162579 22.343811 21.226822 22.882333 22.882333 22.882333 23.849412 22.317872 23.417081 22.083030 21.845398 23.849412 22.009639 21.542361 20.526934 22.791428 21.053359 23.240617 19.387689 19.449683 24.199557 22.198597 21.540008 18.741597 21.051506 20.662373
20.796237 16.949870 17.730397 16.468531 16.468531 19.363736 21.928746 20.390472 18.741597 15.034891 18.187650 19.051026 18.741597 16.468531 14.763259 19.084505 17.662231 9.869366 13.905605 14.763259 2.147885 2.220789 2.543687 23.414369 21.613030 21.816184 22.756292 21.989396 22.177608 22.301437 22.882333 22.882333 21.347538 22.218503 21.783293 23.264547 22.343811 21.745197 22.882333 23.264547 24.760416 24.199557 22.548733 22.083030 23.831503 21.778339 22.643142 21.595156 22.282692 22.063518 21.053359 20.283993 21.542361 18.691664 22.882333 23.159046 23.008976 21.053359 21.977302 21.977302
21.362716 6.943833 18.465845 18.877435 2.060930 20.056196 20.910212 21.928746 20.236247 16.468531 11.445428 19.600019 15.034891 20.066789 17.730397 17.064003 19.743348 18.368397 19.901943 7.032882 2.543687 20.066789 2.543687 2.543687 23.619558 20.987047 22.218503 22.042520 21.816184 23.073268 22.282692 22.282692 20.910212 20.910212 20.910212 22.662806 23.264547 23.849412 23.849412 24.671728 24.574880 13.762704 13.762704 25.305844 19.611854 22.748476 20.432701 21.468895 18.741597 21.034191 20.392589 20.242903 20.756628 22.649523 22.746421 23.260113 21.865367 21.278479 21.690730 24.533262
21.341775 6.943833 21.636367 19.420547 17.017642 22.175362 21.411111 21.323601 20.236247 18.153034 19.982454 19.871912 17.400799 20.026236 2.082404 17.064003 15.571187 19.781275 19.844694 20.017854 20.066789 20.066789 20.066789 24.242533 21.544695 22.766811 23.584013 20.910212 22.218503 22.882333 19.079434 20.390472 22.282692 19.885034 22.282692 22.882333 24.199557 23.159046 22.476356 23.849412 24.461566 13.762704 13.762704 13.762704 13.762704 13.762704 19.611854 24.191599 21.423545 21.030188 18.518956 21.447097 21.998635 20.781001 22.184186 23.018661 21.173602 21.604325 23.849412 22.557113
25.064480 20.781001 13.762704 20.477380 23.300558 23.283339 24.760416 21.925818 21.925818 23.264547 19.671928 19.936949 19.969869 19.969869 19.969869 19.808849 19.808849 19.969869 18.407350 19.969869 20.066789 20.066789 2.543687 21.609604 21.544695 22.853778 23.584013 21.762594 22.282692 21.762594 22.063518 20.721298 20.910212 21.855654 17.921600 17.921600 22.282692 21.816184 20.987047 22.301437 22.621573 21.160158 13.762704 24.800940 13.762704 19.611854 17.547448 24.191599 20.588690 21.335864 22.358948 21.297312 21.304105 22.973290 22.184186 21.542361 23.264621 22.557113 22.414949 21.564870
13.762704 13.762704 13.762704 13.762704 24.987162 22.628110 22.619850 23.264547 22.343811 18.002662 15.034891 19.878513 19.682215 19.878513 19.743348 20.321932 19.781275 19.969869 20.066789 20.066789 20.066789 20.066789 20.066789 21.517998 22.371700 21.542361 23.584013 21.515460 21.515460 21.762594 23.008976 22.718634 22.282692 22.662806 20.987047 21.564870 23.595549 20.987047 22.179828 23.849412 24.780345 22.190523 13.762704 13.762704 13.762704 13.762704 13.762704 13.762704 21.253467 19.279183 22.188438 18.933031 18.839144 20.194361 22.940341 20.998362 21.656322 22.662806 19.731557 18.718240
13.762704 13.762704 13.762704 13.762704 13.762704 22.628110 24.760416 22.882333 24.199557 21.564870 15.329803 16.260580 19.682215 19.682215 19.743348 18.434586 18.434586 19.858465 20.066789 20.066789 15.034891 20.066789 20.066789 19.372071 21.776671 22.042520 21.816184 23.584013 22.882333 20.196775 20.910212 21.583542 22.735546 23.584013 21.816184 21.411111 21.816184 20.798085 22.355679 24.338907 16.343211 24.237439 24.573142 24.687287 13.762704 13.762704 13.762704 13.762704 16.343211 18.781858 21.630549 22.188438 20.414322 19.166650 21.250876 19.010877 22.470981 21.564870 20.213390 21.913865
13.762704 13.762704 13.762704 13.762704 22.448798 22.619850 24.199557 24.199557 23.419696 24.613407 16.819607 13.989662 13.989662 16.872123 19.858465 16.497580 20.066789 20.066789 20.066789 19.992686 15.034891 19.288244 2.058809 22.186326 22.476356 21.816184 21.989396 20.196775 22.882333 22.662806 20.682731 20.762892 20.910212 23.584013 21.816184 21.542361 20.987047 22.606788 21.928746 23.617855 23.617855 23.447894 20.938440 20.398872 13.762704 13.762704 13.762704 13.762704 13.762704 18.884431 20.138781 22.188438 19.776145 17.718465 20.196775 21.515460 20.987047 22.166109 20.213390 22.874250
13.762704 24.558043 13.762704 22.953484 22.953484 24.486871 13.762704 24.760416 23.079185 20.918079 24.624912 14.488893 14.650653 16.468531 15.034891 14.942413 19.969869 19.969869 18.153034 13.065259 12.563063 16.468531 7.354141 21.762594 21.544695 21.816184 21.475092 20.680213 21.838982 19.776145 20.682731 22.336191 22.336191 22.641954 22.718634 21.816184 22.662806 20.677682 21.460386 20.460447 23.613276 23.740665 20.796237 22.531008 20.307050 13.762704 13.762704 13.762704 17.206574 22.235534 21.329806 22.587425 20.721298 19.874121 19.948154 20.117343 22.188438 22.146314 21.030188 21.256042
19.439820 13.762704 24.478994 13.762704 25.053532 24.203297 13.762704 13.762704 25.327557 20.918079 15.034891 15.034891 16.497580 16.468531 15.034891 14.942413 19.969869 7.261306 7.032882 6.782089 19.051026 17.033178 18.311320 21.762594 21.123521 22.882333 22.882333 18.741597 20.910212 21.855654 21.542361 21.542361 22.662806 20.095091 20.987047 20.682731 22.470981 20.143897 13.762704 23.348611 24.833824 24.988577 24.834946 24.210300 13.762704 13.762704 13.762704 13.762704 20.762892 21.403440 20.432701 21.149336 17.834753 21.276051 18.940087 18.479933 18.839144 21.323601 21.542361 20.677682
13.762704 23.816466 24.478994 13.762704 13.762704 24.544571 13.762704 13.762704 13.762704 21.613030 15.034891 15.034891 15.034891 15.749811 19.982454 18.549554 18.549554 18.376335 6.878255 1.914857 20.066789 20.066789 20.352834 22.218503 22.882333 19.169094 19.554620 21.928746 23.849412 20.987047 21.542361 22.192582 21.542361 20.987047 22.662806 20.987047 23.849412 24.668066 23.854784 17.033178 24.203317 23.263803 24.705011 13.762704 13.762704 13.762704 13.762704 13.762704 18.827521 18.992149 21.515460 21.515460 21.323601 22.409600 20.442951 18.479933 18.688970 20.040005 20.987047 22.203526
13.762704 13.762704 13.762704 13.762704 13.762704 13.762704 13.762704 16.859313 13.762704 13.762704 19.674513 13.410352 15.034891 19.952571 15.034891 16.468531 15.034891 19.878513 16.122803 12.515333 13.339896 18.925914 15.909223 22.922116 20.910212 22.282692 18.741597 22.047596 21.816184 21.542361 21.198506 22.192582 20.987047 21.855654 22.662806 21.785954 21.785954 21.515460 21.762594 21.816184 22.218503 23.042185 24.673822 13.762704 13.762704 13.762704 14.794907 13.762704 15.034891 19.998714 21.276051 20.343521 23.222887 21.621271 22.063518 23.079185 17.939567 18.870815 20.910212 22.218503
24.673902 24.673902 19.439820 13.762704 13.762704 13.762704 16.171178 13.762704 22.577892 13.762704 22.107545 15.034891 18.877435 19.952571 18.661673 16.468531 14.744441 14.089913 4.708777 9.869366 13.339896 16.949870 17.302232 19.971990 22.130342 21.982212 19.909111 22.047596 21.280890 21.280890 22.662806 22.395665 21.989396 20.987047 21.542361 22.882333 22.585095 18.741597 22.927294 23.550977 20.677682 23.240617 22.837772 24.607295 13.762704 24.645048 21.462540 7.358948 17.033178 21.525501 21.760742 20.414322 23.868849 22.746421 24.676414 22.047596 13.762704 19.704850 18.877435 19.828219
13.762704 13.762704 13.762704 13.762704 13.762704 13.762704 16.171178 13.762704 23.369473 21.886457 17.905235 17.141369 18.834514 21.730524 14.881661 17.803044 10.390214 4.708777 4.708777 9.714269 19.969869 14.987488 10.659790 12.969525 22.505378 22.395665 20.987047 20.987047 20.907561 20.987047 20.987047 20.987047 21.542361 20.987047 21.542361 21.053359 22.130342 22.365388 23.618509 25.311283 22.218503 21.256042 22.980846 17.388037 24.635459 11.808259 11.804155 16.854821 16.854821 21.851617 20.682731 24.098254 23.784748 13.762704 22.321210 13.762704 20.874661 20.955976 18.479933 19.828219
23.263803 23.264635 13.762704 13.762704 13.762704 13.762704 16.171178 13.762704 24.242538 17.503464 13.078549 18.875235 19.901943 19.901943 14.014952 19.144324 14.089913 9.869366 17.245743 17.405871 18.314098 2.543687 15.313807 19.760537 21.632031 21.411111 19.195490 19.776145 21.855654 21.855654 20.987047 21.562702 20.010520 20.680213 21.515460 20.131725 17.514345 20.482114 23.618509 22.232767 21.468895 21.468895 13.762704 13.762704 24.607483 22.868631 11.300521 12.544260 20.066789 21.798931 20.196775 22.148883 24.573142 24.686453 24.661460 22.737802 19.477675 21.954005 18.574017 20.196775
24.782538 24.168946 23.725045 23.393192 13.762704 13.762704 13.762704 13.762704 13.762704 23.194604 18.694351 20.042728 18.576703 16.879476 15.405631 9.076652 11.742369 9.869366 19.867465 19.714683 7.051757 18.705034 18.394648 23.606523 21.632031 21.542361 20.987047 20.987047 20.987047 13.762704 20.987047 21.562702 20.993879 20.993879 18.741597 21.851617 20.614711 23.292092 21.624438 24.680660 24.587522 13.762704 13.762704 13.762704 22.744327 11.580579 19.111878 16.891648 20.066789 23.561031 20.048145 23.528522 23.400674 21.276051 22.321210 24.661460 21.515460 20.754515 20.637099 20.196775
23.853358 22.497624 20.863246 13.762704 23.292092 25.328366 13.762704 20.236247 22.961564 21.263668 18.694351 19.932402 13.410352 14.744441 4.708777 15.519038 15.555044 9.869366 8.166280 8.555051 10.859032 23.262582 22.882333 22.882333 22.882333 22.882333 21.855654 20.987047 19.116760 18.302951 20.723601 19.079434 15.034891 17.033178 17.033178 18.300149 20.066789 8.831392 24.124355 23.304684 13.762704 13.762704 24.105018 25.044210 13.762704 16.207489 21.721691 18.901750 22.024026 21.881478 21.602528 22.766811 21.749206 22.643142 22.521665 15.827110 23.263803 23.096851 21.323601 21.368374
