Example_Watersheds/WA_MashelWatershed/DataInputs/o_3_ChemistryPools/Mashel_1990_Pools/C_g_Humus_4.asc
ncols         923
nrows         455
xllcorner     550005.67551598
yllcorner     5180549.8134422
cellsize      30
NODATA_value  -9999
[rows 416 to 441 of 455, columns 780 to 839 of 923]
24.635611 24.377015 25.053745 25.326074 23.829213 24.667939 24.210300 23.252289 22.326004 24.338907 22.932058 24.203317 24.445981 24.720597 25.298097 21.848293 14.450840 24.757823 16.343211 24.701620 25.220251 25.009411 25.179340 25.179340 13.762704 24.643083 24.564786 24.484512 24.746771 24.828546 24.688231 24.354768 25.318219 24.760416 23.867655 23.986849 24.004673 24.173773 22.316160 23.393192 24.664829 23.240617 22.534052 21.488937 20.411650 22.049239 22.047596 21.931650 20.384059 20.645717 18.718240 18.759402 18.286050 18.728686 21.863468 22.498902 18.541286 22.783509 23.591196 23.255674
23.912699 25.326074 24.697065 24.668160 23.829213 20.644057 23.856864 24.222412 24.240311 24.809612 21.685660 24.203317 23.264482 24.587732 24.702277 24.676414 24.814226 19.783888 24.697065 14.622873 24.712021 13.762704 25.216158 13.762704 24.864168 21.867244 24.688231 24.687287 24.720597 25.090060 24.484512 24.484512 24.940999 25.321327 16.687279 23.986849 13.762704 24.501394 23.995841 24.661460 25.179340 24.549558 24.549558 24.467217 24.374543 23.261468 24.235777 23.851440 24.389108 19.427938 18.901750 24.389108 23.351806 21.645042 18.728686 21.820918 20.411650 19.019037 21.894320 20.384059
25.326074 25.193384 24.940999 25.090060 25.220251 24.621564 24.271645 24.271645 23.741460 23.102787 21.310750 24.635459 23.615421 22.649523 23.203039 25.010847 24.757823 24.617242 24.653802 14.794907 25.285389 25.298029 13.762704 19.955921 13.762704 13.762704 13.762704 24.515268 25.321327 20.299989 24.765619 24.655885 25.274738 25.328366 24.617242 24.617242 13.762704 13.762704 13.762704 13.762704 24.754813 13.762704 20.816090 24.467217 24.541508 24.213563 24.245320 23.616284 22.346123 21.683095 18.901750 24.351726 20.411650 20.718982 20.857454 20.664401 23.096851 19.019037 24.715279 17.921600
24.084733 24.693236 25.264756 24.754813 25.326074 25.010847 24.940999 22.785730 21.758871 25.303955 24.486871 22.636844 23.825523 23.507417 24.676341 23.540141 24.587522 25.274738 25.323659 25.317307 24.600834 13.762704 14.794907 24.242533 23.411012 13.762704 24.988577 24.988577 24.649483 24.835411 22.192582 23.888176 24.831824 16.343211 13.762704 13.762704 13.762704 13.762704 13.762704 13.762704 25.207347 21.848293 24.589414 18.751685 24.709824 25.274738 24.216667 23.050143 21.719432 22.333423 21.796379 22.412290 22.333423 23.620657 23.360962 24.389108 20.794377 24.831824 22.619850 24.549558
23.797192 24.687287 25.220251 24.229810 25.193235 25.010847 25.325995 24.815622 21.758871 24.689555 23.382227 25.220251 22.648548 24.749490 24.376646 23.540141 23.801119 24.225037 25.274738 23.619952 24.496576 24.731582 14.794907 24.731582 24.956683 24.916425 24.804586 13.762704 24.768204 21.940215 23.176110 24.515268 24.617242 15.827110 17.547448 13.762704 19.783888 13.762704 13.762704 24.600834 13.762704 17.547448 25.053745 25.322027 24.812913 24.836253 24.836253 23.620611 23.403986 22.628110 22.705348 24.351726 22.910514 24.351726 25.073915 25.178645 24.557804 24.046450 22.377884 21.632031
23.829213 24.687287 24.751291 25.053532 24.924900 24.579600 24.625143 24.682460 19.783888 24.158733 24.486871 24.486871 23.057630 23.823060 24.645048 24.237447 20.119765 21.834597 23.231368 23.804936 23.474218 24.168919 24.664930 24.671064 24.731582 25.323659 24.758204 13.762704 23.550977 23.176110 23.837615 24.506042 24.664951 25.298097 16.859313 13.762704 13.762704 13.762704 21.332192 21.332192 13.762704 13.762704 13.762704 25.297528 24.760719 15.311009 24.393905 23.867179 22.644295 22.802303 22.628110 24.062047 24.949126 24.434753 25.073915 25.244580 23.620611 23.586494 23.403986 22.271280
23.741460 24.800940 25.314380 24.589414 24.589414 24.484512 22.594200 24.619453 21.848293 24.069607 23.586494 22.847514 24.740743 24.601139 23.116213 22.073395 20.558639 21.834597 23.442369 22.347236 22.515257 24.198004 24.225037 23.847273 23.719353 24.431388 22.060172 24.731057 24.515268 24.834946 24.549558 24.549558 24.689555 24.916165 25.295324 19.611854 15.655076 15.483042 13.762704 13.762704 13.762704 13.762704 19.611854 22.880496 24.757823 25.120003 24.671064 23.867179 23.421514 23.136584 22.628110 21.332192 13.762704 24.484512 22.192361 16.687279 13.762704 23.995841 24.326246 23.855166
25.129772 19.783888 24.657635 25.326074 25.304240 23.856864 20.975379 24.400962 20.270803 23.420904 24.240304 23.597596 24.740743 23.848958 24.524254 20.928372 19.081973 21.494608 23.191672 22.347236 22.398516 23.436756 23.604912 24.216667 23.421352 24.890554 24.486871 24.484512 24.831824 13.762704 24.206878 24.515268 25.323659 24.822213 25.158975 18.407617 13.762704 19.783888 21.676259 13.762704 13.762704 13.762704 13.762704 24.522706 15.999144 23.420573 24.105018 23.797192 25.129591 23.573217 24.819689 25.053745 19.267786 18.235583 13.762704 25.090060 24.731057 14.106772 25.202809 18.063550
24.736592 25.323659 24.800940 24.671728 24.673822 23.856864 20.888615 24.594555 20.630509 20.614711 25.179340 22.619850 24.423951 23.064646 23.864519 20.398872 19.677089 21.090498 17.519756 18.325149 24.687266 23.869050 22.365388 23.847273 24.054328 24.837146 19.439820 24.484512 24.688231 14.794907 24.831824 23.837615 24.549558 24.617242 25.287908 19.783888 18.407617 16.859313 20.816090 16.343211 13.762704 23.052530 16.343211 16.343211 24.883627 24.600834 23.829213 23.264635 23.608048 24.680718 22.708462 24.825586 24.659807 24.749490 24.084733 25.317307 25.317307 25.193384 25.202809 25.178645
24.949126 25.193384 25.137307 23.756882 24.191621 21.224068 12.327592 22.702571 22.702571 21.433177 23.405534 24.804586 17.601925 23.854784 23.469127 22.238273 19.743348 19.076888 20.558639 21.499841 25.142660 22.782339 21.164082 20.578866 24.825586 18.664432 19.768382 23.821334 24.762980 24.806248 24.720597 23.620259 25.178488 24.804586 14.450840 14.450840 22.020327 13.762704 18.923719 23.052530 13.762704 24.775578 24.775578 24.676341 24.883627 25.232611 24.643417 24.198004 24.643417 24.731057 24.809067 24.825586 25.184063 25.244580 25.276984 24.736985 21.504226 24.731582 25.207347 25.232821
24.979920 24.829410 24.655841 25.232945 24.684682 24.376646 24.573142 20.482114 17.623270 21.146824 22.427760 16.982602 25.164013 23.331561 23.259346 21.916890 19.743348 23.169465 23.867774 24.828546 13.762704 23.617113 24.235777 20.578866 24.496008 16.497580 21.625994 24.826583 24.826583 25.312857 23.609485 13.762704 22.651364 24.688231 24.600834 16.171178 13.762704 16.343211 13.762704 25.298097 24.988340 24.653679 23.968387 25.274738 24.242538 23.958918 24.237439 25.325444 24.621564 24.765744 24.630536 24.423951 25.016338 25.318219 21.848293 21.848293 24.819689 16.171178 24.837146 25.255440
25.328366 24.512609 24.655841 25.120003 24.924900 22.943860 21.959352 19.653591 19.717120 21.146824 21.904414 21.904414 22.404122 23.254606 23.050143 22.910514 21.017839 22.640730 23.568631 23.052530 15.655076 13.762704 23.620488 23.088000 23.868896 21.126172 20.234008 24.664930 25.283362 16.171178 24.795220 24.680718 13.762704 13.762704 13.762704 13.762704 13.762704 13.762704 24.486871 13.762704 24.671728 13.762704 23.682884 21.315099 23.502935 24.722008 24.222397 24.222397 24.231947 24.643417 24.837692 24.679579 24.466742 25.304240 24.773251 25.255331 13.762704 25.322972 23.264316 23.069062
25.216158 24.988577 25.312857 24.515543 24.657737 22.933554 21.456027 21.007160 22.735546 22.572911 22.678903 21.433177 21.433177 14.794907 21.813785 21.774983 22.483075 23.766612 25.193235 25.328366 13.762704 24.724276 13.762704 24.515268 23.419696 20.639272 23.210933 25.193235 17.719482 25.193235 25.314380 24.213212 24.206878 25.064480 25.016338 23.812240 24.837345 24.486871 24.809612 24.834946 24.834946 25.325227 13.762704 23.610836 22.859857 23.829213 23.834924 24.484512 24.231947 23.581444 25.274738 25.164013 25.032798 25.291041 25.274738 25.255331 22.020327 25.163130 23.182515 21.753133
13.934738 18.063550 25.298029 23.105721 23.391142 23.391142 23.540141 23.091160 23.099382 23.689238 21.196319 20.535347 23.701615 25.220534 22.582730 23.864519 22.316160 24.191599 24.515543 23.832872 13.762704 13.762704 13.762704 23.829213 23.864734 22.083030 23.403986 25.193235 22.364395 25.317307 24.679579 24.809067 24.809067 24.643417 24.515268 25.093310 24.412853 24.587522 23.829213 24.643417 24.643417 25.303955 13.762704 21.717152 24.147910 23.254606 23.642444 24.216667 23.419696 23.868561 24.484512 24.559932 24.635611 24.643417 24.836585 25.179340 13.762704 25.264756 25.184063 24.655841
24.600834 24.987162 23.740665 23.264635 24.673822 24.673822 23.540141 22.969434 22.882333 23.846795 20.845701 23.949289 25.044210 25.220534 24.484512 24.168919 23.458685 20.384059 23.695481 24.736592 24.724276 24.762980 13.762704 23.124542 21.229560 23.231368 22.945976 19.752624 23.620259 24.242538 24.487008 24.640518 24.643417 24.731582 24.731582 23.719353 23.227248 25.274738 14.966941 25.325995 24.837006 25.164013 24.682460 22.610698 23.842139 24.768204 23.502935 24.486871 24.478994 24.077008 24.484512 25.146839 13.762704 13.762704 13.762704 13.762704 16.859313 25.325215 25.264756 25.311283
25.321327 21.160158 24.754813 22.920297 23.550977 22.998820 23.520341 22.479780 22.141098 16.982602 22.383939 24.587522 24.484512 24.643417 23.852952 22.386919 17.388037 20.384059 22.884935 22.422732 25.274738 24.603535 25.016338 25.216158 23.619558 22.481443 22.083030 22.430226 21.766235 23.829213 23.044890 23.300558 23.713551 23.474218 25.274738 21.209206 22.678903 24.775601 16.171178 24.837692 24.528797 24.890554 23.172818 24.285655 24.285655 23.050143 23.854784 24.768204 24.752216 24.664930 24.768204 24.643417 13.762704 24.736985 25.314336 17.719482 24.731582 23.179343 24.587732 25.311283
24.731582 24.624912 24.412853 23.570301 23.050143 23.254606 23.771311 19.847012 19.106966 19.106966 20.398872 19.005401 21.499841 19.934680 21.677904 20.748099 20.980089 23.412203 23.847273 22.733251 22.295445 24.643417 25.164013 24.621564 23.619558 24.565825 22.324434 20.090036 22.427760 22.699753 21.331842 23.300558 23.254606 21.525501 21.107289 23.050143 23.050143 24.105018 14.106772 25.285389 23.819818 25.093113 23.842139 24.486871 23.502935 24.643417 24.924900 24.478994 25.312857 13.762704 13.762704 13.762704 25.011075 18.235583 24.965058 25.274738 25.093113 25.016338 24.388746 24.864168
24.228179 24.228179 24.836253 24.825586 24.589414 21.621271 22.430226 22.246318 21.505121 21.703046 20.398872 22.478084 22.478084 21.972294 23.536355 21.479136 21.905769 23.412203 24.486871 24.478994 24.412228 25.111740 25.311283 24.549776 23.124542 24.244125 22.430226 20.680213 22.542967 22.628110 23.403986 22.631164 21.523019 21.905769 23.620259 22.427760 23.403986 24.484512 13.762704 25.129772 24.565825 23.235248 25.129591 23.260821 21.943021 23.564208 24.988577 24.643417 23.751851 24.388746 20.816090 13.762704 24.589414 24.917029 19.095752 24.837006 25.318219 24.496008 24.667939 25.255331
20.773079 23.829213 24.809067 24.661352 25.326074 22.608761 21.416137 25.326074 24.299425 24.775601 24.965302 23.604912 22.604779 21.139196 23.868163 20.945935 20.159470 23.502935 24.173799 24.643417 24.183029 23.620259 24.173799 25.111740 25.255331 23.224564 23.257630 22.623261 22.802303 21.732681 22.000884 23.263803 21.606103 22.083030 23.604912 22.000884 23.403986 25.274738 25.264756 24.837692 24.111623 24.630465 21.504226 24.118069 23.417081 23.502935 24.765744 24.594353 24.594353 13.762704 24.456319 25.305844 13.762704 25.325227 22.708462 24.705011 25.318219 16.515245 24.831093 25.093113
23.102787 21.836801 25.298029 24.496576 24.338907 24.198004 23.619971 24.163905 24.242907 24.979920 22.781128 23.086342 19.397942 19.397942 23.819818 22.705348 21.485069 23.348611 24.393905 24.533001 25.178488 24.640518 24.173799 25.193384 25.070778 22.865753 23.105721 21.058834 22.802303 24.339298 22.702571 22.186326 21.458215 23.751851 22.779877 22.000884 22.628110 23.283339 24.484512 24.559932 24.559932 24.158733 24.653679 24.678620 22.662806 23.274299 24.643417 24.643417 24.836253 13.762704 24.831093 24.528797 24.988577 15.999144 23.741460 22.708462 24.717735 24.717735 24.815622 25.295324
22.198597 22.817044 24.818426 24.643417 24.682460 24.682460 25.232821 24.743601 23.179343 25.309728 22.612600 23.813004 22.248942 23.780379 23.819818 23.780379 23.780379 23.588888 24.653679 24.685342 24.831093 24.640518 24.673902 25.178645 23.342006 23.839645 21.597027 21.544695 22.935003 13.762704 21.319383 22.766811 19.692362 19.692362 21.523019 22.227147 23.215895 22.430226 23.254606 25.325227 25.146666 14.794907 24.228179 21.504226 23.345344 23.842139 24.768204 24.450534 24.533916 24.988577 24.496008 23.604912 24.216667 24.746771 15.999144 25.032577 25.009411 24.351726 25.311283 25.274738
21.168873 22.200548 23.502935 24.818426 24.818426 24.818426 24.657751 24.743601 22.961564 21.571261 23.867036 19.341089 23.095506 23.784748 24.244125 19.847012 19.111878 22.455233 24.484512 25.314336 24.619079 24.195679 24.736592 24.557627 24.559932 22.003109 21.979769 13.762704 13.762704 24.809612 13.762704 13.762704 21.919890 18.229542 23.050143 23.254606 22.644295 23.254606 23.254606 25.274738 25.010847 24.717735 24.594353 25.327557 24.987162 24.445655 25.232821 24.811142 24.758204 24.624912 24.773251 25.207206 25.207206 24.916165 25.073711 24.833226 25.325227 24.837146 25.164013 25.309728
17.623270 23.669845 22.718634 23.613276 20.754515 20.754515 21.400848 22.472805 21.464676 23.252289 22.965525 20.384059 21.870933 22.685061 19.830600 20.164578 19.871912 19.871912 22.894881 24.988340 24.804586 23.479221 23.620259 23.345344 23.420573 21.982212 21.211300 23.254606 24.640518 24.241504 24.213563 13.762704 21.919890 23.502935 23.050143 23.254606 23.502935 22.435062 23.421352 25.274738 24.979920 25.053745 23.756882 24.173799 25.016338 25.016338 23.801119 17.203381 21.848293 22.880496 24.600834 24.533001 24.712021 24.428800 24.831093 24.773251 25.314380 24.603535 24.760416 24.603535
18.618820 23.868849 23.417842 22.640730 22.935003 20.231758 21.168873 21.215707 21.776671 21.624438 21.624438 20.000705 21.870933 21.240349 20.910212 23.084631 20.090036 23.062360 22.894881 22.626529 24.731582 23.780379 24.231947 23.868163 24.643417 21.982212 19.752624 24.228179 22.961564 24.173799 25.274738 21.695717 13.762704 24.687868 24.506042 23.520341 24.630306 24.630306 25.283278 24.183029 24.229810 24.965302 24.640518 24.558043 24.484512 24.643417 22.880496 17.891516 24.603535 24.325848 23.619077 24.621564 20.988124 25.137307 24.393905 24.768204 24.643417 24.655885 22.275931 23.479221
18.245350 24.687266 24.687266 23.296361 22.817044 22.248942 21.783293 21.512903 22.127587 18.258684 20.643581 20.000705 20.164578 21.168873 23.012257 23.099382 21.527966 20.930910 20.411650 24.659807 21.910971 24.496576 23.570301 23.862552 22.802303 21.523019 22.000884 24.242533 23.604912 23.570301 23.570301 23.283339 21.956691 24.643417 25.298029 18.751685 25.120003 24.731057 25.232821 24.559932 24.643417 23.829213 24.105018 24.768204 24.640518 24.643417 25.179340 21.332192 24.655841 24.965302 24.806248 24.705011 25.207206 24.643417 24.163905 24.222397 21.967190 21.967190 24.580669 23.635318
14.304417 23.255674 24.243409 22.817044 23.005643 24.187405 22.386919 22.362184 19.066630 19.435258 18.618820 18.781858 18.424765 22.935003 22.248942 22.338845 22.383939 22.626529 24.685378 13.822262 24.775601 23.848958 22.347236 23.736099 21.987025 21.606103 23.421352 23.842139 23.842139 24.216667 23.108183 23.829213 22.740017 24.173799 16.515245 14.794907 24.630306 24.533001 23.832872 24.173799 21.379479 22.651364 23.264635 24.768204 24.285655 24.643417 24.678686 13.762704 24.751291 24.751291 18.407617 24.506324 24.245081 25.244464 23.642444 24.564786 23.801119 24.334580 23.736099 23.493711
