Example_Watersheds/WA_MashelWatershed/DataInputs/o_3_ChemistryPools/Mashel_1990_Pools/C_g_root_3.asc
ncols         923
nrows         455
xllcorner     550005.67551598
yllcorner     5180549.8134422
cellsize      30
NODATA_value  -9999
[rows 405 to 431 of 455, columns 300 to 359 of 923]
0.704501 0.704501 0.704501 0.704501 1.503724 39.287262 43.036438 46.226940 46.656486 45.557551 27.042065 36.936064 36.936064 29.777928 44.923297 29.278398 41.758583 42.292077 44.242100 64.596850 64.596850 41.747128 46.327712 26.175624 36.145295 38.649764 22.744295 34.661000 22.744295 25.805408 34.981217 42.285748 28.294969 37.869755 35.481945 22.859199 43.716016 41.817455 45.858270 45.295143 45.295143 41.997489 42.128260 45.708287 44.084968 45.048256 38.631222 46.419958 43.220382 37.592497 38.645029 41.802963 44.234615 37.592497 37.696949 44.574859 34.439136 41.778694 45.891624 43.286446
0.704501 0.704501 0.704501 0.704501 18.177455 18.177455 39.233323 46.677188 64.596850 46.641473 44.976343 31.738644 26.484649 23.593249 30.738346 30.245895 29.278398 44.899590 45.768037 64.596850 49.725100 46.657526 42.171798 46.094929 64.596850 23.822408 38.575685 32.586707 34.756756 30.133360 38.639844 14.587185 14.587185 41.855362 23.534798 46.365027 41.497024 43.263366 45.374179 33.279377 43.612956 41.997489 42.783228 13.504166 43.668322 37.010218 42.161915 44.923770 43.220382 40.747954 37.381034 43.152408 41.725951 42.190948 43.189152 27.633374 42.134545 43.055869 31.525077 31.137979
0.704501 0.704501 0.704501 0.704501 0.704501 8.144738 64.596850 64.596850 64.596850 50.028056 64.596850 50.028056 47.089029 25.959583 37.657961 37.667782 29.487436 40.539269 46.020228 46.827509 49.725100 46.020228 44.573275 46.020228 44.242100 45.768037 39.909613 30.738346 33.994979 27.551576 35.016858 37.645351 40.064008 35.105133 23.534798 41.817455 41.817455 43.612956 38.591533 31.358722 18.600081 38.416726 45.168673 45.168673 45.175184 45.899735 32.668624 46.020228 42.208275 42.208275 38.632730 46.635549 41.707818 41.106773 45.845524 37.381034 35.032051 44.887447 42.208275 34.905117
0.704501 0.704501 0.704501 0.704501 33.377146 46.025054 64.596850 64.596850 45.464205 64.596850 64.596850 64.596850 64.596850 25.959583 40.751356 35.061861 28.279747 41.820870 37.158535 29.839849 46.831834 30.065729 41.817455 40.569053 40.306357 46.020228 64.596850 47.025394 52.283391 34.679041 34.921657 26.608389 45.361941 44.858200 23.924034 26.546509 33.320055 34.981217 32.450882 38.650878 42.285748 23.402186 47.165884 32.331191 32.331191 38.849007 32.668624 35.061861 44.559018 32.141516 40.065582 41.744155 46.317854 31.248464 40.043432 37.624805 45.224217 42.346420 38.742195 34.905117
0.704501 0.704501 0.704501 0.704501 0.704501 42.306950 47.597679 64.596850 64.596850 64.596850 50.889796 64.596850 64.596850 52.283391 40.520661 43.620496 37.010218 42.696899 38.384829 41.860615 29.529089 32.296849 28.385762 23.251213 40.895412 45.146478 46.856781 46.136894 46.036885 50.889796 37.621263 38.642493 34.981217 41.859318 28.294969 32.176147 32.176147 19.263334 34.810706 45.127436 45.997954 42.232162 43.242260 38.849007 45.313051 38.849007 47.451399 45.310988 41.778694 39.797495 33.048622 43.258400 46.317854 27.762906 31.115854 24.716975 43.463458 32.657017 42.134545 42.171798
0.704501 0.704501 0.704501 0.704501 0.704501 25.466631 42.883795 64.596850 64.596850 64.596850 64.596850 47.331343 64.596850 47.322369 34.414475 41.735804 47.025394 46.548016 29.839849 36.738337 29.424859 35.061861 34.702675 35.105133 40.895412 44.899590 43.091824 46.290850 42.134545 42.134545 64.596850 43.253093 42.318664 37.674305 38.352898 38.256896 23.276832 35.024479 34.810706 44.968519 46.449868 45.572855 42.208275 46.294429 42.208275 41.822221 46.241647 45.813947 32.668624 46.863546 38.645029 32.668624 31.738644 28.001323 36.047878 35.083713 29.089164 44.510426 46.210700 42.208275
0.704501 0.704501 7.809018 9.648871 18.424569 33.476073 33.747978 28.370694 46.094938 64.596850 64.596850 64.596850 64.596850 45.497110 41.750735 40.718114 50.889796 46.548016 50.028056 39.162812 44.976343 35.061861 35.061861 43.435938 40.904285 33.217622 43.269226 46.020228 44.600857 46.875174 46.657526 43.260642 43.158411 41.767954 33.196841 38.631222 34.756756 42.176420 42.128260 44.899590 40.534319 44.946555 46.176950 44.563878 46.677188 39.162812 38.921396 33.994979 33.994979 46.523288 46.404315 42.208275 42.171798 46.036885 42.208275 34.801835 42.567183 31.738644 42.134545 41.707818
0.704501 0.898239 0.704501 9.648871 3.857789 11.503587 38.641242 0.810176 38.352898 46.075536 64.596850 46.975384 40.262972 40.262972 43.469448 47.322369 46.161908 45.133870 47.032854 37.010218 34.792915 45.300487 64.596850 32.467916 31.005096 43.273700 45.464988 38.717169 41.497024 46.593172 40.212268 39.404472 44.899590 40.212268 37.717847 37.950822 38.464505 34.765868 29.278398 43.852450 44.337772 44.337772 32.668624 27.042065 46.294429 44.687736 42.348535 40.851369 45.655491 46.523288 47.211368 47.021117 38.849007 42.208275 43.775070 45.070272 42.567183 29.839849 42.161915 42.208275
0.704501 0.704501 0.704501 0.704501 0.704501 0.704501 0.704501 0.774951 0.774951 0.951077 8.523860 4.855987 39.245195 30.805156 42.961323 44.899590 44.692594 42.451656 30.268375 46.498653 32.668624 64.596850 64.596850 64.596850 31.614344 38.623204 43.235536 41.767954 41.497024 32.399682 33.080788 35.411156 43.288985 43.288985 41.764605 34.749940 40.182597 38.665500 35.316753 26.546509 40.306357 38.945243 32.668624 41.719744 40.112769 40.539269 46.577053 43.681702 45.544313 46.621279 46.036885 42.134545 46.799986 45.138636 40.327984 28.490510 29.839849 42.208275 46.623965 46.294429
0.704501 0.704501 19.438590 4.532867 0.704501 0.704501 0.757339 0.704501 0.774951 7.624753 3.567203 0.704501 0.986302 37.755894 42.961323 0.915852 38.849007 36.194707 45.680750 64.596850 50.889796 64.596850 64.596850 64.596850 47.025394 45.978276 46.482627 25.251338 43.405760 40.539269 31.507176 41.784411 37.804744 42.189451 34.970123 34.702675 36.194707 34.981217 25.712958 32.703295 41.776278 46.544906 37.648657 42.177932 44.112403 41.833767 46.709086 43.067309 44.586087 43.405760 34.701075 37.010218 40.112769 32.873335 40.867410 46.020228 37.592497 45.310988 45.619408 46.881078
0.704501 0.854208 0.704501 0.704501 0.704501 0.704501 0.774951 0.704501 0.704501 0.704501 0.774951 0.854208 0.704501 0.704501 7.994887 0.704501 18.585877 1.056752 0.704501 0.810176 50.559911 64.596850 64.596850 64.596850 64.596850 44.323251 41.820870 44.550678 39.196678 40.086467 33.217622 30.849651 37.760614 22.744295 28.813987 36.441790 29.278398 32.714803 20.196763 41.764605 43.278005 46.540548 46.794451 38.160580 40.212268 40.212268 44.994947 41.815840 42.346420 44.262142 38.905420 33.401880 40.792733 32.873335 37.804744 45.526797 37.010218 45.734440 48.627728 46.740947
0.704501 0.704501 0.704501 1.127202 0.704501 0.774951 0.704501 0.704501 0.704501 0.704501 0.704501 0.704501 0.704501 14.084018 14.334892 1.281535 0.704501 0.704501 0.704501 4.988082 43.402323 50.889796 50.889796 64.596850 46.542565 64.596850 52.734458 28.686249 42.132868 37.010218 39.132179 40.895412 37.760614 34.896774 35.047052 35.411156 34.756756 34.756756 34.981217 25.043173 46.477452 46.130381 44.323251 21.858087 41.851139 41.587308 44.994947 30.088282 36.367661 43.668322 41.838237 45.643634 37.479933 34.962166 38.015520 43.263366 40.709804 34.315816 43.704582 41.707818
0.704501 0.704501 0.704501 15.266907 1.136008 0.704501 0.704501 0.704501 0.704501 0.704501 0.704501 0.704501 0.704501 0.704501 0.704501 0.704501 0.704501 11.130511 0.704501 0.704501 41.786939 46.108853 52.646938 64.596850 45.012538 64.596850 46.626534 45.300487 39.158493 34.702675 34.702675 40.895412 27.682142 35.552724 32.817269 30.245895 44.293993 44.522833 43.284945 43.170387 40.327984 34.710283 40.730601 7.297122 43.693145 28.600834 28.962429 47.456145 46.745251 38.288931 22.929529 41.849042 43.555545 37.614075 38.336919 21.889439 41.869064 40.360764 17.996169 43.405760
0.704501 0.704501 0.810176 23.570006 1.136008 5.903894 1.227547 0.704501 0.704501 0.704501 0.704501 0.704501 0.704501 0.704501 0.704501 0.704501 0.704501 0.704501 11.130511 3.397731 18.656133 46.020228 0.907045 45.238941 64.596850 45.701128 46.875307 64.596850 64.596850 46.741097 28.856463 30.290846 40.895412 34.726308 34.702675 37.804744 39.114256 38.668253 44.337772 32.668624 29.549896 25.435861 7.846063 46.838076 46.028513 46.797684 46.557782 46.898661 41.755944 41.755944 28.600834 34.773571 28.792730 38.160580 17.321965 18.669955 33.426613 40.360764 35.175114 44.914599
0.704501 0.704501 0.704501 1.091977 0.704501 0.704501 0.704501 0.704501 0.704501 0.704501 0.704501 0.704501 0.863014 0.704501 0.704501 0.704501 0.704501 0.810176 0.704501 0.704501 29.695188 0.704501 0.968689 44.801996 42.855078 46.831521 64.596850 46.915051 47.089029 64.596850 24.045249 40.895412 40.478149 35.434753 37.257420 41.844981 39.114256 44.864891 37.034936 37.010218 46.541388 3.682217 3.682217 44.858574 46.381516 46.413612 46.848406 46.693590 45.376239 45.567817 28.600834 46.939660 42.285748 22.802113 46.261679 25.251338 32.862171 0.704501 2.605275 39.136612
0.704501 0.704501 0.704501 0.704501 6.448859 0.704501 0.704501 0.704501 0.704501 0.704501 0.704501 0.704501 0.704501 6.379840 0.704501 3.397731 3.397731 0.704501 0.880626 0.704501 0.704501 41.765137 0.968689 28.017010 46.791899 64.596850 64.596850 64.596850 54.868612 64.596850 44.573275 30.155885 18.600081 18.600081 18.600081 37.625246 45.051213 43.235536 40.087689 41.850097 43.681702 41.735130 44.554050 47.113949 46.036885 42.208275 46.497674 44.131444 44.017722 46.517609 46.676051 46.546280 46.930943 45.620305 45.956468 28.600834 24.736341 29.403975 18.724475 19.048969
0.704501 18.942506 0.704501 0.704501 0.704501 0.704501 0.889433 0.704501 0.704501 0.704501 0.704501 0.704501 0.774951 0.783758 0.704501 3.397731 0.704501 18.790900 0.704501 3.397731 0.880626 28.771459 3.397731 7.261039 29.907605 64.596850 47.232200 64.596850 42.208275 46.677188 46.910550 64.596850 24.580785 33.186414 33.133908 31.632150 37.010218 38.015520 45.454283 46.623965 38.384829 29.736584 45.506186 46.348480 46.705774 42.208275 45.557551 43.800856 34.439136 44.151089 44.560650 44.560650 44.811360 46.843385 45.542198 46.935091 40.455175 34.167774 37.749205 11.176849
5.463225 18.942506 25.189868 19.455429 11.929775 2.807650 0.704501 0.704501 0.704501 0.704501 0.704501 0.704501 0.704501 0.818983 0.704501 0.704501 0.704501 3.857789 0.704501 0.880626 0.704501 0.704501 0.704501 1.083171 19.312136 37.762397 50.889796 64.596850 42.208275 46.677188 64.596850 64.596850 64.596850 64.596850 50.028056 35.670665 37.010218 37.232698 44.709515 43.405760 38.384829 21.387835 26.856092 46.915051 45.444240 45.134731 45.134731 44.523862 42.208275 34.710475 28.686249 28.686249 38.666692 45.648649 45.542198 45.594280 40.007593 34.340483 41.823573 11.316371
33.309923 41.786939 30.626812 10.043808 34.682130 19.105434 0.704501 0.704501 0.704501 0.704501 0.704501 0.704501 0.704501 0.704501 0.810176 0.704501 0.704501 0.836595 0.836595 0.704501 0.704501 0.704501 3.510306 0.704501 24.165662 23.212441 50.889796 64.596850 46.226940 56.396854 64.596850 64.596850 64.596850 64.596850 64.596850 28.686249 28.686249 34.981217 34.981217 33.165485 40.478149 43.042632 22.700452 18.737913 42.942317 46.915051 38.849007 42.208275 44.531276 33.186414 28.686249 29.930222 41.982751 45.561970 44.560650 46.241819 37.690640 43.624424 41.859318 21.387835
19.105434 23.352592 29.570691 29.570691 34.682130 34.414475 44.827555 43.317832 34.513106 0.704501 0.704501 0.801370 0.704501 0.704501 0.704501 0.810176 0.704501 0.704501 0.704501 0.704501 0.704501 0.704501 0.704501 34.946107 34.315816 45.734440 49.853015 64.596850 64.596850 64.596850 45.535761 45.535761 46.290850 51.502439 64.596850 64.596850 45.789584 22.984970 25.282080 35.670665 28.686249 28.686249 21.387835 28.294969 37.331588 46.153682 42.208275 41.707818 38.637083 30.178401 28.686249 46.655959 28.686249 37.712825 45.561970 45.424528 41.835544 23.720225 41.835544 41.844981
23.251213 17.010372 27.166140 38.629687 28.664915 34.414475 42.205460 2.040128 23.627771 0.704501 0.704501 0.704501 0.704501 0.704501 1.232877 0.704501 0.704501 0.704501 0.704501 0.704501 0.704501 0.704501 0.783758 0.704501 37.664679 64.596850 40.481551 45.775984 52.882570 64.596850 46.831521 45.619408 45.619408 46.500166 64.596850 50.889796 64.596850 64.596850 29.508269 29.508269 28.686249 45.789584 18.966701 14.968287 37.331588 43.532550 40.175680 37.670851 36.713623 27.042065 27.042065 45.999476 45.126063 28.686249 41.773524 46.060825 46.297423 38.666692 41.835544 43.186448
19.263334 20.604197 28.643567 14.251109 25.189868 46.651510 43.271527 46.622454 32.703295 45.609176 18.469481 14.084018 0.704501 0.704501 0.704501 0.704501 0.774951 14.798514 0.704501 0.704501 0.704501 0.704501 14.292981 21.293790 46.269124 40.874963 34.833462 42.261535 46.173122 47.399973 46.831521 46.709086 64.596850 64.596850 64.596850 42.208275 64.596850 64.596850 42.208275 45.978276 47.362947 49.853015 27.600732 27.600732 16.700712 45.092546 25.343578 39.932025 46.226940 33.186414 38.733869 45.126063 42.134545 38.849007 40.360764 42.012109 43.107060 44.761615 39.054657 40.833935
13.463043 30.088282 37.158535 34.414475 46.375614 45.613794 46.332223 46.332223 43.284252 46.166775 45.613794 46.525691 1.118396 6.448859 0.704501 0.704501 0.774951 0.704501 0.704501 0.704501 0.704501 0.704501 0.704501 21.293790 24.502472 51.865986 46.130462 32.884475 42.249850 45.537070 46.483539 46.520021 64.596850 64.596850 64.596850 64.596850 64.596850 64.596850 42.208275 46.677188 46.542565 46.143935 24.813584 44.770576 44.533100 18.764560 39.184121 45.591439 64.596850 30.582135 28.962429 46.036885 38.849007 41.735804 42.208275 43.107060 28.686249 32.668624 46.242509 35.835733
22.700452 23.251213 34.636355 45.600677 38.605236 46.356186 42.306950 42.273055 44.964171 46.166775 45.449650 43.275746 24.967000 46.082155 0.704501 0.704501 0.704501 0.704501 0.704501 0.704501 0.704501 0.704501 0.704501 3.857789 0.704501 36.861914 45.734440 44.547258 37.696949 64.596850 42.961323 64.596850 64.596850 46.915051 64.596850 50.889796 50.889796 64.596850 46.834103 46.233350 46.677188 64.596850 28.218598 25.282080 31.984882 46.816457 42.205460 31.738644 64.596850 23.199426 44.871196 41.106773 42.208275 42.208275 45.437735 45.437735 31.738644 38.767080 35.835733 37.755062
38.352898 31.826948 33.476073 24.755686 33.476073 44.579300 46.728781 45.698008 44.039815 44.852243 44.574799 43.241398 45.537070 45.775984 30.492672 6.483465 0.704501 0.704501 0.704501 0.704501 0.704501 0.704501 0.704501 2.102846 0.810176 0.704501 43.210213 51.865986 23.639187 25.805408 27.321338 64.596850 44.516256 64.596850 64.596850 50.889796 64.596850 38.589916 41.847297 64.596850 64.596850 64.596850 39.237299 42.379344 43.618955 47.068097 32.331191 32.331191 32.939804 23.340080 38.984673 31.226385 34.765868 46.616142 45.857175 46.036885 28.686249 32.668624 38.808240 38.128406
31.489258 32.680205 38.352898 32.680205 34.365149 42.243976 31.314646 23.534798 44.143388 43.647349 45.146478 46.020228 46.020228 46.036885 42.208275 45.424480 19.519720 16.833187 0.704501 0.704501 0.704501 0.704501 0.704501 0.704501 3.397731 13.959113 45.814244 51.865986 38.256896 36.071443 55.333144 33.196841 40.212268 45.585128 64.596850 64.596850 41.822221 38.628123 47.322369 47.322369 50.889796 64.596850 45.796331 39.823738 44.535843 43.521045 47.174080 37.751192 45.170978 32.873335 35.151503 44.863573 38.655050 46.406956 46.500166 42.682499 29.930222 28.686249 35.061861 34.921657
30.515051 27.954104 31.756337 28.622207 28.622207 29.278398 42.298396 24.639286 40.481551 40.509495 44.603198 45.134731 42.208275 46.036885 46.407815 41.785891 44.623547 11.882082 0.704501 0.704501 0.704501 0.810176 0.704501 19.191792 7.698266 37.628291 45.768037 64.596850 22.859199 37.755894 45.126063 30.805156 24.384334 34.414475 44.899590 50.889796 50.889796 64.596850 64.596850 43.261564 43.253093 64.596850 41.792350 47.205527 42.134545 41.759440 46.700733 38.543963 43.215583 38.240865 34.414475 41.881494 38.824594 46.622815 40.327984 42.523885 37.685689 29.839849 39.378312 39.378312
