Example_Watersheds/WA_MashelWatershed/DataInputs/o_3_ChemistryPools/Mashel_1990_Pools/C_g_Humus_4.asc
ncols         923
nrows         455
xllcorner     550005.67551598
yllcorner     5180549.8134422
cellsize      30
NODATA_value  -9999
[rows 156 to 181 of 455, columns 180 to 239 of 923]
23.357981 23.573217 13.762704 22.879684 13.762704 13.762704 23.858451 23.613276 22.643142 22.882333 21.591359 22.953484 24.450534 24.240304 23.397076 24.949126 24.804586 21.676259 19.439820 25.010847 22.884935 22.884935 22.718634 24.782538 13.762704 13.762704 24.740743 24.619079 18.751685 24.619079 24.671728 22.582730 23.203039 20.266512 23.520341 13.762704 13.762704 24.466742 21.769795 20.053522 21.723930 23.868633 18.983353 19.263919 19.326672 17.564956 16.412697 19.600019 20.632718 20.632718 23.342006 17.375158 18.779390 23.269672 23.069062 19.941459 20.266512 21.798931 21.481131 19.355304
23.405534 22.401335 13.762704 19.005401 19.129110 24.541508 23.613276 23.338596 22.161321 21.591359 22.161321 24.487168 23.215895 23.614366 22.936407 23.348611 21.481131 21.392966 24.219611 18.923719 23.421487 25.322972 20.809097 13.762704 25.220534 24.607483 23.263049 25.193384 23.898759 24.749490 18.951710 23.262055 20.266512 20.266512 22.582730 21.194117 23.929555 21.349427 18.204154 23.278855 20.307050 20.307050 23.002257 16.922111 18.843747 17.044775 17.102074 18.846039 19.491241 20.110016 23.269672 21.194117 20.803552 20.266512 18.779390 18.187650 21.535247 23.374790 22.589719 18.951710
25.032577 24.594001 21.774983 23.393192 16.740106 20.352834 21.916890 23.338596 23.968387 23.264621 20.151730 22.890000 23.855166 23.237098 20.750250 21.916890 24.183004 21.604325 17.647351 25.178645 25.220401 23.096851 22.640730 25.244580 24.687287 24.241504 23.524475 25.193384 20.307050 22.329057 20.977741 19.415579 20.266512 20.266512 20.114911 24.237447 24.486871 23.868633 18.560490 13.762704 24.235777 19.173959 14.638731 17.033178 15.441743 16.894070 19.642921 21.365553 22.554355 22.693997 20.102599 20.654142 23.079185 20.266512 19.965601 18.360405 23.852952 22.141098 20.803552 17.564956
24.630306 22.949366 21.922866 19.195490 20.762892 21.007160 21.916890 23.613276 22.161321 23.300558 22.371700 22.371700 23.237098 23.237098 22.890000 21.395611 23.421469 23.331561 20.842728 23.442369 25.220401 23.616332 21.707829 24.789086 22.733251 22.733251 23.395170 18.311320 17.564956 18.951710 23.844522 16.792200 23.618509 5.363372 24.668160 22.678903 21.695717 20.457982 13.762704 13.762704 13.762704 25.314336 17.791644 12.012076 16.400107 18.774432 23.159046 22.562522 23.327936 21.618030 20.229498 23.856506 20.249466 20.249466 22.778586 21.609604 23.400674 23.813004 22.723667 20.652053
20.540306 20.583802 17.656295 23.179343 22.414949 22.837772 22.310852 23.613276 22.161321 21.591359 21.591359 23.561031 21.591359 22.371700 23.237098 24.046450 21.151833 24.225037 24.225037 23.418532 23.052530 24.182557 24.158733 24.789086 21.916890 22.582730 23.488968 13.762704 20.307050 20.779039 21.295015 18.930666 20.114911 22.003109 25.325227 19.459141 18.806187 21.959352 13.762704 13.762704 13.762704 24.021862 18.412355 19.449683 17.891008 17.891008 20.857454 23.576047 22.063518 21.551587 21.462540 24.231947 24.244685 23.868633 22.787790 22.899578 20.114911 19.369317 19.473089 23.260821
16.792200 22.890000 20.762892 22.644295 19.748003 19.600019 21.376729 22.758145 19.830600 22.063518 21.591359 22.702571 22.161321 22.161321 23.561031 22.841065 23.520341 20.384059 22.266516 23.237098 24.764489 25.129591 23.617855 22.930516 17.179353 20.779039 20.307050 20.779039 16.792200 20.017854 14.475200 18.930666 19.674513 23.853358 21.283285 23.345344 21.625994 21.110033 21.110033 24.242538 13.762704 13.762704 25.291117 16.585689 18.815734 18.769448 21.943021 23.576047 21.593267 22.693997 23.851010 24.257396 23.005643 20.910212 24.625079 24.158733 19.355304 20.493750 19.188379 23.081053
17.131071 16.849840 16.849840 19.195490 22.127587 20.880285 20.728169 22.784640 23.259346 23.855166 21.591359 20.621554 22.401335 21.801461 22.726123 23.516120 23.588888 20.384059 22.693997 22.961564 22.319555 20.321932 19.503746 20.743759 17.179353 23.418532 23.104795 23.047543 15.091093 20.660333 20.660333 22.650461 20.500593 21.878050 21.808920 24.564786 24.831824 24.916165 23.819102 13.762704 13.762704 13.762704 16.884357 16.487595 19.335346 16.181634 19.181202 21.855654 22.648548 23.524475 23.854784 22.626529 24.153401 20.815338 19.941459 21.000583 21.084778 21.084778 21.857640 20.058859
21.043952 22.310852 19.106966 19.195490 21.690730 21.470978 20.815338 23.269672 24.219627 23.008976 21.015731 22.344981 21.883160 20.750250 24.688354 24.166871 23.620611 22.587425 22.649523 22.551562 21.622864 20.053522 20.053522 23.619952 24.213580 12.007898 16.792200 21.913865 21.734818 21.449356 23.842664 19.387689 23.260821 22.880496 24.941252 24.227490 25.044210 23.185627 25.318255 13.762704 14.966941 23.642444 21.645042 17.888618 19.666732 16.189429 22.562522 22.240983 22.037226 23.524475 23.248363 23.854784 23.255674 21.916890 18.574017 16.740106 20.432701 20.739368 20.151730 17.410924
19.948154 20.017854 22.011767 21.771545 20.548235 21.690730 22.336191 23.283339 23.845024 22.401335 20.151730 22.401335 21.301857 22.953484 24.166871 22.702571 22.957550 24.625079 21.954005 23.616332 17.759855 23.929555 23.929555 21.598879 20.432701 12.007898 13.189900 23.614366 22.135774 25.303955 22.910514 23.866475 17.203381 13.762704 13.762704 24.227490 24.191599 21.758871 13.762704 13.762704 13.762704 24.544571 24.544571 20.628289 18.815734 19.410580 21.297312 22.927294 22.135774 20.505098 23.419696 20.963358 20.920673 21.453821 20.818437 19.982454 16.733894 18.683563 19.473089 23.116213
23.413322 23.819102 22.649523 23.081053 21.071115 21.690730 22.884935 23.863698 22.940341 23.283339 23.237098 22.161321 21.591359 23.237098 24.166871 24.046450 23.719353 24.166871 23.528522 19.193127 23.868633 23.929555 13.762704 21.532838 17.800202 23.262055 23.075293 19.637534 22.135774 25.327872 20.968209 22.314419 23.912699 23.603213 23.603213 13.762704 25.236390 23.616284 22.192361 13.762704 14.966941 13.762704 24.431388 18.815734 17.736331 19.056256 19.595109 18.726085 20.156900 22.243665 24.299425 23.413322 20.760817 23.366708 20.925820 22.502014 22.933554 21.693234 13.762704 13.762704
13.762704 23.203039 24.352110 21.667276 21.857640 19.405549 22.914566 23.863698 23.398911 23.283339 22.953484 23.868896 21.591359 23.237098 23.237098 24.687883 24.377015 24.687883 22.554355 21.339821 21.071115 24.077008 13.762704 22.029829 23.528522 21.825565 21.825565 21.573354 13.762704 13.762704 13.762704 13.762704 17.547448 25.305844 13.762704 24.206897 13.762704 13.762704 13.762704 23.826192 13.762704 24.231947 20.612406 17.662231 20.307050 18.013845 16.494256 21.695717 23.591196 22.761732 18.879628 18.650570 21.042028 23.366708 21.331842 17.040915 20.114911 13.762704 22.184186 22.086188
21.331842 23.719353 22.271280 22.726123 19.151832 17.430949 18.055656 22.190523 23.868896 23.719353 23.237098 22.953484 20.750250 22.953484 22.401335 23.474218 23.719353 23.719353 23.851440 23.851440 21.867244 20.307050 17.991390 18.951710 22.977094 21.741107 22.602735 24.630306 13.762704 13.762704 13.762704 24.766122 24.717735 13.762704 21.832372 24.601139 13.762704 13.762704 13.762704 23.826192 13.762704 18.579651 23.084631 19.724378 22.531008 16.585689 16.585689 20.721298 21.120854 23.246934 21.182875 21.007160 20.603064 20.920673 20.199180 22.190523 19.892256 13.762704 21.339821 13.762704
23.865468 23.547452 22.401335 22.953484 17.525147 20.249466 19.195490 22.175362 23.868896 22.733251 22.297471 24.352110 24.613588 22.011767 23.839645 23.185627 23.719353 21.901639 24.352110 5.994915 20.307050 21.769795 20.114911 21.071115 22.562522 21.741107 20.127955 13.762704 23.484138 24.603535 13.762704 24.271645 24.717735 13.762704 13.762704 13.762704 23.338596 25.291117 13.762704 13.762704 13.762704 13.762704 13.762704 22.053400 15.278308 12.506610 20.307050 23.144312 24.158733 24.158733 21.967190 20.654142 23.532482 22.716057 20.980089 20.352834 18.479933 23.502935 13.762704 13.762704
23.283339 23.203039 22.497624 22.497624 21.855654 20.114911 20.963358 20.963358 23.719353 22.794656 22.733251 24.352110 23.086342 22.045928 24.216667 24.664829 24.241504 23.246934 22.977094 12.855095 15.245535 5.994915 18.951710 23.136584 23.949289 24.168919 19.955921 23.819818 13.762704 24.191599 13.762704 13.762704 20.299989 13.762704 13.762704 13.762704 13.762704 13.762704 13.762704 21.667276 13.762704 13.762704 22.941560 16.220278 21.365553 21.991742 22.748476 21.571261 22.977094 21.164082 21.308551 22.524815 21.769795 21.074497 13.762704 13.762704 13.762704 23.502935 13.762704 13.762704
22.980846 21.408572 20.114911 20.114911 20.017854 23.237098 23.719353 23.719353 23.304684 23.304684 24.688354 22.733251 23.719353 24.352110 24.352110 19.440098 14.849401 16.844843 5.994915 24.091331 22.496313 21.499841 22.844312 22.844312 21.961989 24.768204 23.909184 21.922866 13.762704 13.762704 13.762704 13.762704 13.762704 13.762704 13.762704 13.762704 13.762704 13.762704 13.762704 13.762704 13.762704 23.408417 20.741570 16.220278 21.074497 18.771943 22.936407 19.463822 20.119765 22.778586 21.308551 22.011767 21.916890 20.307050 13.762704 22.570367 22.018006 13.762704 13.762704 13.762704
20.082377 22.287057 19.856192 22.794656 23.719353 22.953484 24.210300 22.744327 24.352110 24.687883 23.862289 23.730627 22.879684 23.839645 23.839645 23.100569 19.238986 19.956951 17.564956 22.324434 22.182021 21.110033 21.672631 23.155452 24.668066 22.492189 25.207347 25.193384 25.164013 13.762704 13.762704 13.762704 13.762704 13.762704 13.762704 13.762704 13.762704 13.762704 13.762704 13.762704 13.762704 25.073711 19.619322 19.619322 20.017854 23.780379 22.039015 22.752464 20.598321 23.292092 19.432826 21.664568 19.387689 20.511770 20.938440 13.762704 13.762704 13.762704 13.762704 13.762704
21.074497 22.847514 22.406877 23.719353 24.210300 23.847273 22.834432 23.203039 23.203039 23.642444 24.245081 24.166871 22.775883 21.878050 21.769795 23.100569 23.237098 23.591196 21.900219 24.645186 21.151833 21.825565 23.264547 23.421389 22.932058 22.920297 25.193235 24.206897 13.762704 14.450840 13.762704 13.762704 13.762704 13.762704 13.762704 13.762704 13.762704 13.762704 13.762704 13.762704 13.762704 23.253477 23.540141 18.482260 22.908419 19.097056 16.069088 20.507334 22.198597 24.326246 23.421469 24.013347 24.210318 22.056800 24.228179 13.762704 13.762704 13.762704 13.762704 13.762704
22.474597 17.564956 23.237098 22.344981 23.719353 23.719353 23.848958 23.185627 22.984545 24.965058 24.764489 23.403986 24.244685 24.183004 23.335114 23.839645 22.847514 22.505378 23.861009 24.461566 21.614715 13.762704 22.508707 22.781128 14.966941 13.762704 24.206897 24.206897 13.762704 13.762704 13.762704 13.762704 13.762704 13.762704 13.762704 13.762704 13.762704 24.659807 25.073915 16.859313 13.762704 23.498367 24.389108 22.537059 21.343712 18.731282 19.768382 20.507334 23.005643 24.183004 22.044236 24.158733 22.307172 21.310750 24.228179 13.762704 13.762704 13.762704 13.762704 13.762704
20.880285 20.114911 23.719353 23.185627 22.728539 23.283339 23.719353 24.687883 24.210300 13.762704 24.647473 24.659807 22.033576 24.789086 23.351806 24.400962 22.636844 22.278213 24.091331 25.184063 25.184063 23.103817 21.823252 21.418624 13.762704 24.720597 25.193235 24.645048 13.762704 25.009411 13.762704 14.794907 13.762704 13.762704 14.622873 13.762704 13.762704 13.762704 13.762704 22.604779 13.762704 24.354768 24.213580 23.919449 20.117343 22.754398 22.190523 22.190523 22.894881 23.242287 20.507334 21.931650 21.395611 24.163905 13.762704 13.762704 13.762704 13.762704 13.762704 13.762704
22.524815 23.929555 22.489279 23.203039 22.953484 24.210300 21.967190 22.042520 24.619079 25.303955 24.655841 20.017854 20.017854 24.423610 22.133071 24.517862 21.347538 20.605417 22.820613 22.980846 23.107415 13.762704 23.402366 13.762704 24.836585 13.762704 13.762704 21.332192 24.949126 13.762704 13.762704 13.762704 13.762704 23.052530 21.332192 13.762704 13.762704 13.762704 13.762704 13.762704 13.762704 25.314380 24.400607 22.662806 24.683236 22.612600 23.909184 22.809765 23.780379 22.496313 22.587425 23.103817 22.693997 24.717735 13.762704 13.762704 13.762704 13.762704 13.762704 13.762704
21.449356 23.248363 20.017854 22.540031 22.540031 24.210300 20.920673 23.839645 24.956683 20.899526 22.039015 23.304684 21.857640 22.551562 24.376646 24.377015 22.696895 20.419630 21.200677 20.965790 18.147657 24.054328 20.529054 22.868631 13.762704 13.762704 13.762704 13.762704 13.762704 13.762704 13.762704 13.762704 13.762704 25.274738 13.934738 25.202809 13.762704 25.193384 23.866307 23.052530 13.762704 23.484138 24.069607 23.808643 23.825523 24.752216 22.437431 19.939208 18.746716 21.816184 20.833724 23.103817 24.229798 13.762704 13.762704 13.762704 13.762704 13.762704 13.762704 13.762704
17.251771 21.202832 19.300213 21.732681 22.040780 24.235767 17.375414 23.861009 23.411012 22.240983 21.376729 23.420170 23.320472 22.476356 22.793005 23.822368 22.847514 19.748003 24.635611 24.751291 13.762704 23.493711 18.751685 13.762704 13.762704 20.988124 18.407617 13.762704 13.762704 22.788760 24.238959 24.533916 18.579651 24.890554 13.762704 13.762704 24.299425 25.193384 13.762704 13.762704 13.762704 13.762704 24.243409 12.341834 23.825523 17.971451 21.820918 22.029829 23.144312 20.066789 20.568849 22.141098 13.762704 13.762704 13.762704 13.762704 13.762704 13.762704 13.762704 13.762704
18.147657 19.520139 22.577892 22.044236 22.508707 21.741107 22.942733 24.680660 22.723667 24.178468 22.619850 22.133071 21.884819 22.508707 24.219611 24.487008 24.487008 21.847492 22.489279 13.762704 24.965058 13.762704 23.335114 13.762704 23.255674 24.312955 21.504226 25.303955 20.690209 20.690209 25.093113 24.956683 25.327872 13.762704 13.762704 13.762704 13.762704 13.762704 13.762704 13.762704 13.762704 22.930516 22.572911 12.193594 12.193594 19.430386 20.563768 23.064646 22.737802 21.954005 22.011767 21.007160 13.762704 13.762704 13.762704 13.762704 13.762704 13.762704 13.762704 13.762704
22.168462 23.327936 22.577892 21.078995 24.198004 24.655841 19.552018 18.791668 18.791668 20.264418 21.074497 24.601139 17.133652 21.589433 20.930910 23.649460 23.619106 13.762704 13.762704 13.762704 13.762704 22.027919 24.376646 21.304105 23.066880 13.762704 24.679579 24.601139 13.762704 24.671151 25.304240 13.762704 13.762704 22.025985 23.255674 13.762704 13.762704 23.405534 24.124355 23.756882 24.183004 23.815726 22.728539 18.886926 21.416137 21.078995 11.751999 21.857640 22.977094 20.955976 21.773274 23.252289 19.853911 23.649460 13.762704 13.762704 13.762704 13.762704 13.762704 13.762704
23.227248 23.227248 23.227248 22.453120 22.837772 23.224564 19.885034 17.154141 18.084188 20.857454 22.766811 15.238493 15.174467 21.785954 22.557113 22.928928 25.093310 13.762704 24.828546 23.015485 24.549558 23.261468 21.331842 25.291041 13.762704 24.244685 22.487776 13.762704 13.762704 13.762704 13.762704 13.762704 13.762704 13.762704 23.403986 13.762704 13.762704 24.682511 23.238888 24.240304 13.762704 23.815726 22.618091 14.789394 23.617113 21.382212 21.453821 22.113405 22.977094 19.385106 17.113396 23.868259 24.091331 24.312955 13.762704 13.762704 13.762704 24.673822 13.762704 24.242533
18.810974 19.865229 22.914566 19.300213 24.587732 21.705448 21.030188 20.923253 19.666732 19.666732 23.576047 18.125921 21.769795 22.498902 22.498902 23.619106 23.233338 23.261468 24.594555 24.673822 24.549558 13.762704 13.762704 20.472023 23.082868 24.743601 13.762704 13.762704 13.762704 13.762704 13.762704 13.762704 13.762704 13.762704 13.762704 22.430226 23.420978 13.762704 13.762704 13.762704 24.515268 24.565593 21.278479 21.078995 19.709784 17.430949 22.448798 21.395611 21.395611 18.394648 21.310750 19.475386 22.865753 24.091331 23.052691 13.762704 21.823252 22.618091 23.618543 21.276051
