Example_Watersheds/WA_MashelWatershed/DataInputs/o_3_ChemistryPools/Mashel_1990_Pools/C_g_Humus_4.asc
ncols         923
nrows         455
xllcorner     550005.67551598
yllcorner     5180549.8134422
cellsize      30
NODATA_value  -9999
[rows 104 to 129 of 455, columns 660 to 719 of 923]
22.827615 22.798502 22.859857 21.191900 22.998820 24.768204 23.421469 18.827521 21.847492 21.502490 20.968209 20.968209 24.607483 23.868849 23.844522 24.512609 24.916425 25.142660 15.483042 24.684682 24.528797 24.709824 25.142660 14.966941 25.044210 24.098254 23.420904 23.420904 25.314380 23.396597 24.423610 24.557627 24.484512 24.528797 25.314336 24.312550 23.615369 22.492189 24.325848 24.831093 21.987025 23.101704 23.075293 23.453333 23.262055 24.237447 24.668066 24.213212 24.557627 24.649483 22.906278 23.389021 24.661352 24.722008 24.835411 24.836585 24.600834 20.472023 13.762704 13.762704
23.615369 24.013347 18.784321 22.453120 23.831503 23.828568 21.196319 19.916196 23.411012 20.593529 19.748003 22.998820 23.411012 23.411012 24.668160 25.111929 25.193235 25.202809 24.643083 24.848922 24.377015 23.740665 24.717735 22.362184 22.565173 21.625994 24.517862 24.587732 21.884819 23.105721 19.058861 22.813427 24.233937 24.528797 22.602735 22.444348 21.028165 21.749206 22.887490 24.668160 21.987025 22.344981 23.262055 24.645048 24.671064 22.580329 23.862552 23.862552 24.580669 24.216683 22.512000 23.856506 23.862552 23.868849 24.182557 25.164013 13.762704 13.762704 13.762704 13.762704
22.713440 19.300213 18.901750 22.127587 23.263049 23.436756 23.354929 22.610698 23.411012 19.491241 22.534052 23.107415 23.107415 23.867774 22.212598 24.431388 24.105018 23.264218 24.653802 24.848922 24.828546 24.625143 25.146666 23.852952 23.096851 23.564208 24.517862 24.233937 24.377015 20.658281 19.200193 21.855654 23.263456 24.645048 24.671064 24.601139 21.841143 23.411012 22.718634 22.718634 18.273989 21.510327 24.671064 23.312721 24.645048 23.348611 22.659465 23.101704 23.075293 24.668160 23.856506 23.856506 23.856506 23.868849 24.213212 24.749490 20.299989 13.762704 24.736985 13.762704
16.817061 14.204753 22.862828 21.616382 21.616382 21.423545 20.227228 23.389021 22.322836 20.593529 19.748003 20.821523 20.253789 23.172818 14.968316 21.841143 23.839645 24.210300 25.304300 24.428800 24.987162 25.129591 23.218286 23.261468 23.215895 23.384563 22.884935 21.876304 23.384563 22.297471 20.607759 20.607759 22.484674 24.213212 23.862552 23.601428 24.233947 24.231958 23.849412 22.850669 22.330541 23.839645 22.672585 23.844251 23.828568 23.411012 21.317249 23.033756 23.453333 23.862552 22.998820 24.624912 23.868849 23.837615 24.687287 24.364306 25.255440 25.011075 24.736985 24.789086
22.163728 21.084778 24.682460 21.591359 21.271147 23.263803 20.581340 20.531163 22.998820 15.377467 22.998820 21.331842 24.731582 21.838982 20.359704 24.533001 22.718634 24.557627 25.070778 13.762704 16.515245 24.549776 23.620273 25.285389 25.285389 20.896819 22.484674 22.404122 21.771545 22.783509 22.310852 23.844251 23.274299 22.856841 21.527966 23.831503 24.233947 24.231958 17.999852 20.794377 22.303377 22.011767 24.524254 24.645048 23.828568 23.254606 22.647539 23.420170 23.283339 23.075293 23.831503 23.831503 23.761802 24.412853 23.856506 23.324240 24.183029 24.825586 24.229798 22.559835
20.500593 22.716057 23.524475 24.587732 21.460386 22.490750 23.060021 20.273463 20.794377 21.604325 23.837042 21.211300 21.442527 19.338222 24.506324 18.776914 22.666106 23.015485 24.389108 23.052530 24.811142 22.817044 13.762704 23.419149 22.143719 23.616284 22.310852 22.766811 23.511812 23.591196 22.310852 23.421389 23.463949 23.296361 22.297471 21.712531 24.216683 21.956691 16.440783 22.998820 23.088000 23.033756 24.237447 24.237447 24.645048 18.901750 23.107415 23.274299 24.645048 24.645048 24.233947 20.880285 24.680660 21.771545 24.206897 23.784748 24.241498 24.603535 24.557627 22.897253
22.936407 23.543840 23.524475 23.528522 22.309026 24.235767 24.210300 16.982602 16.982602 18.848324 21.159229 22.939076 20.331636 23.447894 21.074497 21.166485 22.666106 24.668160 24.782538 24.354768 23.642444 23.578789 24.603535 22.716057 20.566314 21.038138 24.645048 23.251040 21.841143 23.591196 23.421389 22.765158 21.428396 23.488968 20.486803 19.511980 19.511980 24.233947 20.486803 22.651364 20.968209 19.941459 23.831503 24.233947 23.844251 21.867244 21.104529 22.788760 24.645048 24.671064 24.671064 23.453333 23.858117 23.411012 22.331996 23.859618 24.506324 24.351726 24.685378 24.624912
24.084733 24.213580 25.312857 25.247761 23.719353 22.049239 24.528797 25.247761 24.664951 20.737153 22.782339 22.920297 23.536355 23.617156 22.130342 21.734818 22.634076 21.919890 22.299468 22.782339 23.264635 24.412576 18.896836 21.453821 21.161663 18.879628 22.844312 22.626529 22.626529 21.507734 23.868561 24.233947 24.587732 24.673902 22.856841 20.896819 21.762594 22.138449 19.263919 17.620236 21.078995 19.941459 23.057630 23.801119 24.630306 23.015485 21.549308 22.969434 24.645048 23.210933 24.671064 24.725133 24.550022 24.241504 23.411012 23.411012 23.389021 24.811142 22.682002 22.505378
23.248363 24.237447 23.233338 13.762704 24.271645 25.096042 23.676420 24.245320 24.580669 20.877480 22.487776 23.851010 20.513970 21.595156 18.571324 22.643142 19.074334 21.442527 23.073268 24.130483 22.343811 23.851440 24.613407 22.678903 21.537637 21.462540 22.809765 22.562522 24.235767 23.166052 22.650461 24.793292 21.878050 24.607295 22.856841 19.193127 20.136439 19.894692 22.130342 19.360933 23.411012 20.370937 24.780345 23.848958 24.780345 23.834924 23.372167 23.507417 23.507417 23.859928 23.417842 24.601139 23.047543 20.704823 23.411012 22.998820 23.831503 24.069607 22.324434 24.412853
22.465316 23.855471 25.291041 13.762704 24.600944 24.736592 23.676420 23.047543 25.325995 24.434753 13.762704 23.958918 23.958918 21.479136 21.040090 19.607321 18.427229 21.479136 22.973290 24.389108 22.343811 23.725045 18.125921 19.965601 17.980030 19.856192 22.678903 23.493711 24.649483 23.308739 23.986849 23.520341 23.393192 23.676420 18.394648 18.827521 20.486803 21.762594 20.573881 23.411012 23.411012 23.862552 24.187381 24.334580 23.447894 24.671064 21.780611 23.262055 24.645048 23.412203 24.601139 24.244129 24.780345 21.688205 21.903037 23.831503 24.603535 22.708462 24.760719 25.305844
24.664829 23.324240 24.685342 24.124355 24.549558 24.549558 24.183004 23.109563 22.766811 24.988577 25.283362 23.620273 22.899578 21.838982 23.263049 21.185154 21.569149 20.815338 23.225098 23.617156 24.198004 23.813004 20.668420 17.980030 20.114911 19.193127 20.460447 23.263049 24.245400 22.659465 23.264218 24.412576 24.412576 21.136622 23.858117 23.258518 20.899526 23.248363 19.360933 20.790618 23.649460 24.237447 24.668066 24.351726 24.768204 24.671064 24.213580 23.412203 24.601139 24.557627 24.233947 23.348611 24.780345 22.439769 22.455233 23.831503 24.557627 23.610836 25.114335 25.305844
22.299468 24.603535 23.819102 23.949289 23.384563 22.939076 23.618543 23.197475 22.013871 22.479780 24.607989 22.880496 25.327557 19.154320 22.190523 23.858451 22.675764 23.502935 21.656322 23.564208 22.910514 23.620616 20.581340 18.776914 21.544695 19.546789 20.187054 21.830124 22.224294 23.095506 23.108899 22.299468 21.030188 23.411012 24.715279 13.722346 19.159274 18.355047 19.360933 23.411012 23.867036 23.868849 23.620478 24.351726 24.515268 23.024856 23.606523 22.652665 24.671064 24.680660 24.768204 24.731582 24.731582 23.075293 24.722008 22.892464 21.497173 24.600944 24.587522 22.141098
23.419149 22.788760 23.109563 23.109563 22.766811 22.632638 23.081053 23.155452 23.417081 23.024856 24.607989 22.768423 24.557627 13.762704 25.142660 23.619558 16.171178 16.171178 13.762704 22.688080 23.398911 22.417575 23.269672 22.933554 21.544695 21.855654 18.857399 20.045442 23.264090 24.549776 23.610836 24.228179 22.330541 19.813746 22.316160 17.644359 17.489752 19.151832 22.326004 22.645412 22.685061 23.419696 23.402366 23.105721 23.105721 23.784748 24.158733 24.077008 24.191599 24.557627 22.628110 23.453333 22.768423 23.269672 24.557627 24.671728 24.701620 23.620735 22.453120 22.998820
22.450975 24.734574 23.865468 23.109563 20.548235 20.467773 21.337850 22.932058 19.439820 19.439820 24.594353 23.237098 23.237098 24.423610 23.617855 25.291117 18.579651 13.762704 23.751851 23.557766 24.241504 24.225023 23.060021 24.312955 21.373961 24.187381 22.641954 20.824594 23.417081 24.589414 22.562522 20.756628 19.045767 16.644434 19.533569 19.366531 19.366531 18.019403 22.170789 23.867036 23.839645 23.453333 24.645048 24.671064 22.685061 23.821334 24.671064 23.540141 24.364682 24.557627 23.262055 24.671064 24.671064 23.262055 23.264482 22.652665 24.701620 25.193384 24.229798 22.998820
22.049239 22.049239 23.208362 22.056800 21.614715 21.194117 19.876322 21.961989 21.567019 21.418624 22.327545 23.218286 24.484512 23.847273 21.922866 24.299425 20.904897 13.762704 24.557627 24.685342 23.761802 24.682460 24.098254 22.713440 23.411012 22.116295 22.619850 23.867036 22.545868 22.545868 23.618509 20.507334 23.635318 24.389108 22.793734 23.411012 22.600655 22.998820 23.030842 23.075293 22.778586 23.262055 24.645048 23.075293 22.685061 24.671064 24.671064 23.801119 23.264090 22.733251 22.321210 23.262055 24.671064 24.668160 24.580669 23.821334 23.821334 17.415958 21.982212 22.580329
25.297528 25.207206 22.478084 21.418624 23.761802 22.798502 22.916522 22.961564 23.109563 21.549308 21.806456 24.423951 22.771528 19.828219 21.922866 24.325848 24.450534 24.412576 22.685061 24.917029 24.334580 24.334580 25.283278 24.557627 25.162965 25.114335 24.760719 13.762704 13.762704 24.619079 13.762704 25.323679 24.940999 24.178468 22.998820 22.998820 23.411012 24.580669 23.419696 24.580669 24.245083 24.671064 24.671064 22.534052 23.411012 23.419696 24.671064 23.855166 24.206878 24.206878 23.864519 21.798931 22.659465 23.862552 24.580669 23.411012 19.813746 21.423545 22.330541 23.208362
25.297528 23.377341 23.593416 23.109563 22.505378 23.852952 23.109563 22.961564 22.644295 23.386828 20.403566 19.760537 23.608048 23.608048 16.245578 23.813004 24.245081 21.758871 24.795220 23.619582 23.060021 24.607483 23.771311 22.198597 24.965302 24.917029 13.762704 13.762704 13.762704 13.762704 24.476926 23.635318 23.601428 22.730915 22.730915 23.411012 23.862552 23.342006 23.837042 23.389021 24.671064 24.671064 24.601139 23.421487 22.977094 20.136439 23.262055 24.091331 24.671064 23.262055 21.690730 23.069062 22.685061 24.091331 24.580669 19.745680 20.805955 23.815726 24.668160 22.859857
24.814226 23.848958 22.988192 22.766811 24.789086 24.789086 23.819102 22.787790 22.813427 23.363871 23.238888 22.794656 24.668160 24.389108 22.798502 24.645048 23.826192 23.557766 24.389108 21.437887 16.974478 19.874121 24.238951 25.129591 22.020327 15.138975 24.917029 20.644057 24.484512 13.762704 22.901858 23.635318 23.418532 23.418532 21.418624 20.486803 23.862552 23.342006 23.060021 21.453821 24.091331 24.423610 23.844251 23.839645 23.831503 23.614366 23.262055 23.826192 21.766235 20.769042 22.582730 24.238951 23.453333 24.091331 23.411012 22.793734 22.179828 23.407011 24.241504 23.793154
23.832872 23.775900 22.713440 23.172818 23.813004 24.245081 23.865659 21.771545 24.233947 24.240311 22.095502 22.035413 23.264589 23.663160 23.813004 23.858451 24.245081 20.769042 24.389108 19.536230 18.269644 21.855654 24.837692 24.601139 24.684021 24.684021 13.762704 25.323679 25.303955 24.742242 13.762704 24.084733 24.198004 23.614366 22.492189 23.374790 23.411012 22.998820 22.498902 23.862552 24.673902 22.740017 23.847273 23.862552 24.580669 24.326246 24.013347 23.826192 22.788760 22.788760 23.995841 22.859857 23.453333 23.453333 24.423951 20.460447 22.063518 22.659465 22.659465 24.685342
23.312721 24.760416 24.285655 23.218286 23.813004 24.178468 24.423951 23.109563 23.210933 22.787790 22.401335 22.035413 24.449509 23.372167 23.929555 23.263456 23.231368 18.718240 18.718240 22.505378 21.433177 20.801742 24.168946 24.809067 25.193384 23.039428 24.225037 24.600834 13.762704 25.312857 13.762704 23.615369 24.178468 23.616284 22.518479 21.798931 22.998820 22.998820 23.831503 23.867036 22.619850 24.671064 23.283339 23.516120 23.264090 23.264090 24.326246 23.312721 24.326246 24.338907 22.945976 24.206878 23.176110 23.858117 25.265423 25.265523 22.920297 23.866307 21.961989 22.309026
24.062047 24.338907 24.312955 23.865468 24.206878 19.669335 24.229810 21.685660 20.654142 20.375355 20.375355 20.457982 22.887490 24.054328 23.561031 23.649460 19.288244 24.235777 24.238951 24.178468 22.730915 24.389108 24.601139 25.178488 23.725045 23.898759 13.762704 13.762704 13.762704 25.129591 13.762704 24.183029 23.868259 24.285655 24.166871 21.074497 23.411012 23.411012 22.998820 22.998820 24.178494 22.844312 24.725133 23.516120 23.262055 23.262055 24.326246 24.685342 24.240304 22.459363 22.945976 23.844251 24.431388 24.940999 24.837626 24.334580 24.683236 23.866307 23.197475 23.851010
22.374808 24.837626 24.837626 23.828568 24.203297 24.178494 24.818426 22.243665 20.496042 19.982454 22.297471 22.215565 24.621564 24.130483 23.264413 21.624438 21.319383 22.754398 21.421093 23.597596 23.248363 23.447894 24.601139 16.515245 24.227503 24.245083 23.615421 13.762704 15.655076 25.129591 25.283362 13.762704 23.586494 24.617242 23.858117 22.334821 21.134033 20.707215 23.421514 23.342006 24.178494 24.326246 23.847273 22.733251 22.301437 24.613588 23.865659 23.793154 23.316632 24.541508 22.791428 24.617242 25.297528 24.241504 23.101704 24.822213 13.762704 13.762704 24.979920 25.304240
24.734574 24.313978 23.877434 22.937764 22.871464 23.474218 24.238951 22.923888 20.496042 21.483109 22.505378 22.691059 24.487168 24.688231 22.341385 21.624438 23.342006 23.417081 23.419149 24.225037 15.655076 23.091160 23.091160 24.643417 24.688354 23.849412 13.762704 13.762704 25.304240 13.762704 13.762704 13.762704 24.195657 22.439769 21.984631 23.136584 24.664829 23.411012 21.347538 24.178494 23.867036 25.291041 24.241504 20.639272 13.762704 23.613276 24.467217 24.237447 23.128616 23.128616 24.640374 17.375414 24.949126 24.105018 23.312721 23.458685 24.594001 24.326246 23.868849 25.255331
24.233947 23.804936 22.730915 24.680660 23.635318 23.593416 23.397076 22.497624 20.496042 21.553847 21.000583 23.229338 24.687266 24.377015 24.377015 18.144960 23.867179 23.849412 22.766811 24.940999 25.032577 25.327557 24.484512 24.717735 13.762704 25.037597 13.762704 22.935003 13.762704 13.762704 13.762704 13.762704 23.713551 24.206878 23.610836 24.046450 23.182515 22.708462 23.431056 23.813004 24.199578 23.821334 23.821334 13.762704 24.241504 24.668160 25.073915 24.564786 21.919890 25.070778 24.742242 22.777255 23.369473 23.421164 23.312721 23.418532 23.713551 22.322836 21.808920 23.868259
24.621564 24.326246 23.620657 24.940999 23.421469 24.734574 24.734574 23.682884 21.019932 23.635318 20.687729 21.721691 23.619106 24.734574 22.151424 20.899526 24.478994 24.245320 23.839645 24.731582 24.655885 24.809067 25.303955 22.980846 24.524254 25.037597 13.762704 23.612100 24.917029 22.364395 22.708462 13.762704 13.762704 24.206878 24.147910 23.784748 23.617855 24.222397 24.237439 23.233338 24.625143 25.053745 24.245320 25.291117 25.304240 25.142660 24.712021 24.917029 13.762704 24.775578 23.586494 23.033756 19.783888 25.304300 24.487008 20.403566 23.812240 23.264635 21.494608 22.598539
25.244464 24.795220 24.173773 24.233947 22.865753 24.496008 23.877434 22.737802 23.248363 23.635318 24.423951 24.206878 23.619106 24.684064 24.694330 24.240311 24.940999 25.146839 22.435062 24.731582 24.940999 24.809067 24.671728 24.487008 24.809067 24.619453 24.619453 20.299989 25.090060 23.861009 20.644057 24.084733 13.762704 24.241504 24.617242 24.587522 24.625079 13.762704 23.865468 25.162965 24.668066 23.801119 24.517862 24.203297 25.323659 24.686424 25.297528 25.297528 22.827615 24.657751 23.384563 23.819102 24.124355 24.607989 24.607989 23.345344 21.909703 22.766811 22.766811 22.031715
