Example_Watersheds/WA_MashelWatershed/DataInputs/o_3_ChemistryPools/Mashel_1990_Pools/C_g_root_3.asc
ncols         923
nrows         455
xllcorner     550005.67551598
yllcorner     5180549.8134422
cellsize      30
NODATA_value  -9999
[rows 324 to 350 of 455, columns 240 to 299 of 923]
35.529132 24.658742 22.328392 32.950797 23.475205 23.402186 0.704501 31.984882 33.320055 31.826948 31.542963 34.685642 42.123842 29.152358 42.999061 30.626812 30.626812 30.626812 38.368868 41.849596 23.377480 33.091461 0.704501 0.898239 0.704501 0.704501 3.567203 0.986302 0.704501 0.704501 0.871820 28.048308 0.704501 1.003914 39.902501 37.657961 45.551887 21.732681 21.732681 12.950894 19.002419 38.543963 36.024311 45.652833 34.854341 47.003923 47.032854 45.990240 45.026739 44.704566 45.633312 44.872924 44.899590 38.666692 46.704450 28.126100 32.983626 38.240865 40.688962 40.479730
35.529132 26.237392 25.682151 25.682151 30.515051 22.700452 24.580785 23.327522 32.668624 34.685642 42.123842 35.076477 18.557237 38.667759 30.626812 23.251213 23.251213 38.708796 32.850982 37.657961 0.898239 0.704501 0.704501 0.704501 0.704501 0.704501 0.704501 0.774951 0.871820 0.704501 0.704501 0.704501 19.159983 19.222913 24.967000 25.189868 45.146478 31.049427 26.391892 19.181266 0.704501 19.463734 8.837643 42.346420 46.402043 46.926925 47.032854 44.985904 42.495003 44.899590 45.156525 47.052840 42.140808 38.666692 45.077657 30.447885 12.557493 44.264448 44.264448 19.632689
0.977495 39.149798 38.589916 19.105434 12.557493 28.558049 22.328392 32.176147 29.798581 34.365149 29.757263 31.525077 38.368868 40.539269 40.539269 41.738156 43.146395 40.688962 35.104299 41.775911 18.893197 0.704501 14.000709 14.000709 0.704501 0.704501 0.704501 0.704501 0.704501 0.704501 0.704501 0.854208 19.159983 41.797691 23.093660 39.031471 39.404472 37.657961 15.096030 19.181266 0.704501 25.100068 34.907347 45.813001 43.336376 46.921601 44.942014 36.763052 28.079502 37.853515 34.266476 24.541673 42.923222 35.363957 41.316710 41.787080 44.963158 28.126100 40.709804 42.103940
43.635437 38.635660 40.956496 45.600677 14.251109 17.996169 21.199748 22.915554 32.771974 19.977392 27.567987 31.525077 41.738833 28.203247 36.960782 36.960782 30.894109 38.708796 33.059369 4.790550 14.084018 38.708796 41.765137 43.620496 14.418832 0.704501 14.209277 0.704501 0.704501 0.704501 0.880626 34.797201 0.704501 41.794959 42.290369 37.657961 17.996169 39.797495 16.524630 24.185653 30.716057 38.616390 44.994500 49.677974 38.708796 44.927339 45.768037 28.264498 35.387557 33.797392 40.131772 39.008143 29.110241 37.183256 37.739594 39.118766 42.234474 45.030457 34.956596 25.990432
22.984970 27.714526 43.116178 30.515051 14.251109 18.378966 26.083007 21.231095 19.105434 38.601292 25.100068 25.128416 37.610431 38.368868 38.368868 44.483790 39.072817 30.626812 30.626812 0.977495 39.287262 41.794959 42.263474 41.376777 43.024019 36.664196 42.255703 29.236436 32.501937 41.773524 40.481551 45.156525 14.502930 44.923770 37.657961 37.657961 24.658742 14.251109 27.567987 30.626812 44.665812 46.020228 45.425568 46.968448 44.562270 44.915482 31.578686 46.321172 46.025054 36.071443 40.131772 32.783334 21.325138 40.813356 35.741416 42.012109 42.012109 45.030457 42.260317 42.189451
18.557237 44.988461 32.972707 43.116178 38.953161 19.386234 15.352582 20.071407 17.996169 37.667782 34.981217 42.012109 40.895412 41.886681 41.787080 0.933464 37.999358 34.365149 38.708796 22.998716 43.251579 42.159467 41.812604 42.234706 40.241948 44.899590 29.278398 29.278398 43.405760 41.840440 29.089164 30.626812 28.048308 32.917746 39.204955 11.550602 24.658742 35.090901 17.996169 42.348535 40.730601 46.020228 46.791899 46.968448 43.284517 46.803317 56.484375 46.985919 46.621918 41.732088 37.677746 39.692572 35.269545 39.096029 45.156525 45.156525 39.954394 40.777804 44.337772 43.077795
39.237299 44.645679 28.110594 31.292594 27.827053 26.484649 1.039139 22.816453 10.266181 16.966017 25.128416 24.065374 0.704501 39.072817 15.869944 0.933464 41.758583 40.688962 44.352221 30.626812 30.626812 42.422741 42.422741 44.352221 38.256896 44.506479 44.236022 38.256896 44.337772 22.787727 34.844456 21.826735 14.418832 34.734922 38.708796 32.603613 17.188188 28.370694 38.700406 43.693145 40.043432 40.824919 45.628556 46.979798 38.632727 41.797691 44.840053 40.709804 47.304089 46.828734 25.312827 32.760589 31.774014 42.999061 38.656967 41.785891 43.104021 33.994979 38.881337 42.012109
31.005096 44.645679 9.175486 18.378966 30.671453 44.092189 37.706967 4.660895 10.266181 32.895590 38.700406 19.977392 0.704501 0.704501 0.704501 23.720225 42.159467 42.195950 41.823573 42.130454 44.600857 43.158411 42.935962 45.511347 41.769545 38.832747 41.744826 38.637083 39.229327 42.132868 42.310998 16.087187 0.704501 26.237392 31.435409 30.626812 33.401880 46.200442 26.175624 26.175624 29.278398 44.899590 41.725951 45.146478 44.242100 46.792766 44.825843 46.411669 42.992797 46.592073 50.007859 39.072817 40.284686 41.802963 38.656967 40.613510 45.042336 38.840885 35.009814 42.012109
12.265998 23.438901 47.166107 37.614075 37.614075 32.668624 28.415819 35.151503 35.599904 43.116178 36.688909 26.887076 0.704501 0.704501 0.880626 0.704501 0.704501 34.562411 41.765137 15.826613 39.072817 45.511347 38.708796 38.543963 44.081131 41.849596 18.829836 41.869504 43.414788 46.020228 39.640143 23.944292 23.944292 23.944292 43.275890 37.610431 39.039215 46.037261 44.827555 38.840885 29.278398 44.899590 44.979052 44.737644 43.271613 34.962575 45.584922 46.411669 43.042632 44.527593 37.696949 35.387557 38.384829 33.016234 41.861309 44.830610 43.646241 42.260317 45.075943 45.075943
0.827789 0.704501 35.009814 42.298396 46.619612 38.598509 34.726308 35.764997 43.116178 23.251213 32.002350 0.968689 1.047946 0.704501 0.810176 4.097578 0.704501 0.942270 4.097578 15.826613 35.269545 44.084968 38.708796 19.632689 19.632689 29.632997 34.938005 45.739271 21.513230 45.146478 37.749205 33.401880 30.760625 19.105434 42.379344 31.435409 34.315816 45.643634 45.523910 38.607087 29.278398 44.242100 44.266205 46.360450 47.385569 45.151193 44.993514 45.628556 44.574799 29.998016 34.192452 33.426613 37.749205 34.783948 19.340497 42.238080 41.837929 44.600857 45.471446 42.208275
0.704501 18.571595 22.234327 32.331191 45.732164 38.598509 27.042065 40.139076 45.531936 31.093721 40.244358 0.704501 1.047946 0.959883 0.704501 0.951077 0.704501 0.704501 0.871820 0.704501 28.279747 36.960782 40.481551 19.632689 41.286691 23.903753 14.209277 41.844818 41.869504 44.899590 29.278398 32.569785 29.466590 31.204297 30.805156 42.682499 32.633731 32.633731 44.533100 45.647045 45.941547 45.393474 45.768037 43.278005 44.704566 46.340184 45.426748 43.146897 44.883703 43.502854 46.131449 46.640059 35.505539 37.788469 0.801370 31.738644 44.144524 40.987016 45.471446 44.081131
0.704501 0.704501 1.118396 23.684394 32.749179 0.704501 19.463734 37.751192 37.751192 24.716975 35.411156 23.706724 0.704501 0.704501 26.887076 0.704501 29.508269 43.620496 23.720225 25.189868 23.924034 38.767080 36.960782 40.481551 34.701075 40.262972 45.768037 40.064008 42.103940 39.118766 19.105434 31.314646 32.983626 30.604478 28.579448 30.626812 30.626812 22.729727 42.165643 45.647045 45.042336 38.632730 38.649741 42.306950 44.704566 45.026739 45.426748 45.658663 44.518175 39.535347 45.413322 46.640059 28.558049 37.667782 44.899590 44.899590 42.373334 36.936064 37.356311 35.670665
22.787727 22.787727 1.003914 0.704501 1.021527 9.432425 19.511952 0.907045 18.177455 15.096030 32.348338 10.946006 36.639482 41.764071 39.945569 30.626812 32.002350 19.395152 26.237392 25.189868 25.189868 17.010372 23.186365 40.481551 32.176147 39.299866 39.260759 44.899590 44.899590 44.899590 44.899590 37.967010 23.402186 30.268375 41.738156 41.106773 34.682130 33.401880 44.654124 28.032672 44.899590 44.899590 43.440392 45.613794 64.596850 64.596850 44.009715 45.919341 45.950953 39.213155 41.813300 46.236908 19.105434 37.667782 40.428804 36.713623 36.713623 43.266833 45.310988 45.487241
1.003914 4.532867 1.003914 4.532867 1.618559 4.532867 4.532867 4.532867 0.704501 15.096030 16.392983 0.704501 0.704501 1.065558 28.664915 38.651963 32.002350 11.550602 19.542565 24.085476 22.915554 29.004726 19.632689 19.321666 0.704501 0.704501 0.704501 43.200151 41.747568 44.899590 37.749205 23.186365 28.835232 31.314646 41.808166 44.065386 39.031471 41.863280 46.589869 46.411290 43.517586 44.899590 44.899590 46.303303 42.306950 54.188645 43.281124 45.413322 45.238941 46.723359 46.946840 44.915482 34.414475 37.667782 19.977392 19.105434 11.550602 43.067309 46.020228 42.208275
6.311077 1.039139 8.220049 19.496186 20.792257 0.951077 1.100783 2.040128 1.227547 18.177455 20.635540 9.005887 0.704501 0.704501 17.545714 0.704501 41.762299 6.311077 26.701243 22.816453 6.552870 13.176291 0.704501 19.191792 4.596677 14.125732 0.704501 27.166140 43.288453 26.670287 14.587185 23.964528 41.738833 30.626812 44.242100 38.256896 23.604802 43.207636 43.717455 44.242100 44.242100 45.551887 45.075943 42.089273 45.393474 45.112448 45.425568 45.425568 45.238941 43.181292 35.670665 45.867809 34.414475 19.105434 19.977392 19.105434 41.758583 39.264602 43.194219 44.968519
0.704501 0.704501 0.704501 0.704501 4.532867 4.532867 0.898239 4.532867 4.532867 4.532867 0.704501 0.704501 0.704501 32.805982 46.149111 38.667237 29.152358 32.037238 20.604197 19.447048 3.976870 8.409449 19.447048 27.954104 25.374335 21.607279 0.704501 27.166140 38.629687 10.762856 23.944292 29.998016 41.738833 41.738833 38.775343 31.435409 18.880678 11.834474 42.346420 44.899590 42.215379 45.075943 46.979798 44.579300 43.878258 45.414194 44.665812 43.271527 46.213150 45.395480 22.984970 46.067412 43.182323 19.977392 35.151503 35.055072 38.629687 44.955436 45.768037 46.600223
0.704501 0.704501 0.871820 0.704501 1.618559 0.898239 0.898239 1.180040 4.532867 2.040128 0.704501 0.704501 14.968287 32.805982 23.781602 7.846063 23.451048 25.189868 30.268375 20.384805 3.976870 19.283084 17.010372 18.378966 27.228205 27.228205 27.954104 2.040128 1.162427 33.320055 23.186365 37.749205 30.626812 35.009189 43.260642 17.010372 17.010372 42.393813 45.768037 38.176655 45.156525 44.242100 44.745902 43.275746 45.849186 41.784208 45.620305 44.242100 44.916976 44.899590 43.249770 44.135669 37.617686 34.414475 38.368868 19.977392 41.587308 29.278398 44.506479 44.923770
0.810176 0.704501 0.704501 0.704501 0.704501 1.224071 1.180040 0.704501 0.704501 14.292981 0.704501 12.025416 45.719368 28.520206 13.463043 33.016234 22.859199 17.010372 25.189868 25.043173 17.010372 23.463149 31.809319 39.535347 40.541851 36.911347 38.618151 27.600732 19.105434 34.845711 39.294663 25.959583 44.236022 43.852450 45.568921 28.203247 30.626812 45.010842 46.510556 44.745902 44.899590 43.693145 37.010218 29.278398 31.826948 31.826948 25.189868 43.205043 46.831521 37.599295 30.626812 30.626812 37.617686 38.063952 33.102110 19.632689 40.688962 41.982751 42.360957 44.923770
1.083171 0.704501 0.704501 0.704501 0.704501 0.704501 1.224071 0.704501 0.704501 0.704501 0.704501 18.542803 40.112769 24.502472 38.873278 25.128416 19.243276 19.105434 19.302528 41.735804 35.953603 27.073076 19.403993 29.466590 27.954104 37.885986 34.891707 22.729727 24.404079 30.626812 37.084375 25.959583 37.694185 44.136715 38.708796 15.610553 19.557411 19.557411 41.800336 46.677051 64.596850 44.899590 35.670665 23.761165 11.550602 11.550602 0.704501 34.946107 35.977173 40.306357 24.619808 41.765137 37.772186 46.439676 33.920897 42.182941 43.232690 42.323556 37.664679 38.953161
1.065558 0.704501 0.704501 0.704501 0.704501 17.680436 1.180040 0.704501 0.942270 0.704501 0.704501 38.590942 27.617066 23.684394 16.966017 29.695188 22.729727 19.105434 15.138690 41.917529 41.765137 16.524630 32.633731 17.635489 27.954104 35.411156 27.166140 30.693760 27.665912 27.665912 25.959583 0.704501 0.704501 0.704501 21.544580 0.704501 0.704501 44.639837 46.879230 64.596850 33.723268 34.241803 0.704501 18.829836 0.704501 0.704501 3.798858 0.704501 35.009189 12.362824 15.653686 19.438590 15.395478 38.368868 46.677980 44.971841 45.520248 45.520248 41.744155 37.631789
0.704501 0.704501 0.704501 0.704501 4.988082 0.792564 0.704501 1.118396 2.963701 0.704501 23.684394 37.624805 20.259443 14.251109 10.355724 30.515051 19.116497 25.220601 17.500885 31.774014 19.105434 30.515051 19.977392 34.192452 32.983626 18.394244 30.716057 14.587185 24.025102 30.088282 8.677306 0.704501 0.704501 0.704501 26.113875 0.704501 0.704501 0.836595 46.020228 16.349180 31.703210 0.704501 0.704501 0.704501 3.397731 0.827789 0.704501 0.704501 2.963701 2.963701 0.704501 0.704501 7.846063 22.744295 46.839597 46.318427 45.340935 32.668624 35.061861 44.795098
0.704501 0.951077 0.704501 0.704501 0.704501 0.995108 0.977495 1.100783 1.100783 0.704501 19.542565 39.981312 16.349180 18.697368 19.025847 19.105434 18.803956 22.901534 41.744826 44.527593 28.430809 17.010372 35.953603 38.601292 32.569785 17.996169 19.116497 30.515051 24.986077 13.586528 34.986195 0.704501 37.614075 0.845401 0.704501 0.704501 33.238305 11.084258 43.279458 0.704501 0.704501 0.704501 0.863014 0.704501 4.281690 0.704501 0.704501 0.704501 0.704501 0.704501 0.704501 19.349798 27.762906 46.034000 42.393813 46.241819 46.020228 35.670665 45.048256 33.920897
1.855714 1.118396 0.704501 0.942270 1.100783 0.704501 0.704501 0.704501 0.704501 1.100783 0.704501 33.846799 19.302528 34.929855 19.025847 23.924034 45.975301 43.681702 46.114076 19.550026 28.095061 17.010372 30.916325 25.805408 41.867157 39.100615 32.348338 42.318664 24.986077 18.378966 30.626812 21.293790 41.812604 41.812604 40.613510 38.638477 38.873278 38.607087 28.460711 0.704501 0.704501 0.704501 0.704501 0.704501 0.704501 0.704501 0.704501 0.704501 37.631789 0.704501 0.704501 30.671453 23.944292 46.020228 45.457787 46.020228 46.585743 36.985500 44.773110 26.422807
0.704501 0.704501 0.704501 1.100783 0.757339 3.917126 0.704501 0.704501 0.704501 0.704501 0.704501 25.466631 19.105434 16.966017 17.010372 27.197170 45.337289 45.012538 19.191792 30.290846 19.977392 35.269545 14.292981 5.672958 0.704501 38.128406 38.128406 38.840885 30.088282 22.887468 23.133665 0.704501 39.039215 38.663511 39.149798 36.540633 34.970123 0.704501 1.003914 0.704501 0.704501 0.704501 0.704501 0.704501 0.704501 0.704501 0.704501 0.704501 18.930294 0.704501 15.224129 1.618559 27.166140 27.166140 45.734440 45.413322 42.208275 37.734355 34.679041 38.767080
0.704501 1.100783 1.100783 0.704501 0.757339 1.180040 1.100783 0.757339 0.704501 0.704501 37.381034 19.519720 25.189868 16.966017 10.355724 16.966017 38.629687 35.953603 31.826948 32.817269 19.105434 41.869504 29.046970 10.266181 12.852036 22.673315 19.159983 30.515051 25.528185 21.168401 32.124177 34.340483 39.008143 43.620496 38.543963 31.399429 38.288931 11.550602 0.704501 0.704501 0.704501 0.704501 0.704501 0.704501 1.003914 1.003914 0.704501 0.942270 0.704501 0.995108 0.704501 0.704501 40.033879 42.422741 42.393813 44.520083 47.207819 44.509821 42.285748 34.756756
1.012720 1.180040 1.100783 0.704501 0.704501 0.704501 0.704501 0.704501 43.107060 26.330078 26.330078 39.233323 0.977495 19.105434 24.305129 31.826948 25.189868 19.977392 31.826948 27.073076 27.518676 20.854945 24.794307 1.174183 5.870379 22.673315 38.080078 23.053244 30.088282 41.256681 30.626812 29.998016 39.008143 14.418832 41.795029 41.647544 19.977392 30.805156 30.805156 0.704501 0.704501 0.704501 0.704501 0.704501 0.704501 0.713307 0.704501 16.130754 0.704501 0.704501 18.930294 0.757339 33.175962 46.130462 45.449650 46.245782 45.658294 41.840440 41.750084 45.106322
5.189275 1.503724 0.792564 0.792564 0.704501 41.867157 44.571739 45.768037 31.578686 41.810741 31.115854 39.233323 31.967398 26.515577 25.189868 19.977392 16.966017 25.189868 31.826948 31.525077 14.587185 29.068074 18.394244 1.083171 25.651348 20.259443 41.813300 27.954104 32.645387 23.684394 23.684394 21.826735 15.696859 37.673886 37.133814 37.635231 30.805156 19.977392 0.704501 0.704501 6.038594 0.704501 1.206458 0.704501 1.003914 0.713307 0.704501 0.704501 0.704501 0.704501 18.313834 0.704501 21.952144 46.247954 64.596850 45.613794 40.212268 40.212268 41.859318 42.121954
