Example_Watersheds/WA_MashelWatershed/DataInputs/o_3_ChemistryPools/Mashel_1990_Pools/C_g_root_3.asc
ncols         923
nrows         455
xllcorner     550005.67551598
yllcorner     5180549.8134422
cellsize      30
NODATA_value  -9999
[rows 270 to 296 of 455, columns 180 to 239 of 923]
0.704501 0.704501 0.704501 9.562038 19.412757 0.704501 38.607165 0.704501 25.005131 0.704501 13.793126 0.704501 1.618559 33.599693 10.581062 24.658742 28.294969 29.089164 29.089164 39.068117 24.755686 24.755686 31.453374 18.378966 21.952144 17.996169 17.996169 14.251109 30.649137 16.966017 22.729727 12.217712 38.607373 33.091461 20.792257 20.322123 0.704501 2.040128 29.695188 33.476073 35.039576 25.189868 19.191792 27.762906 33.426613 42.973942 0.704501 0.704501 0.704501 0.704501 0.704501 0.704501 0.704501 38.659632 37.765862 19.233133 0.704501 0.704501 1.224071 0.704501
0.704501 0.704501 0.704501 36.170001 5.054740 9.648871 0.704501 4.660895 32.552847 28.962429 1.241683 18.697368 0.704501 41.812604 40.349724 31.137979 0.704501 32.633731 16.966017 38.742195 16.261691 17.996169 24.658742 18.905639 18.683700 17.996169 12.557493 14.251109 14.925784 34.682130 19.496186 14.587185 17.996169 31.093721 20.792257 18.880678 0.704501 0.704501 31.897301 23.863125 23.863125 19.105434 44.900781 19.105434 34.844456 19.403993 31.632150 0.704501 0.704501 0.704501 0.704501 0.704501 0.704501 25.159140 0.704501 0.704501 0.704501 0.704501 2.605275 0.704501
0.704501 0.704501 0.704501 0.774951 4.660895 4.660895 0.704501 1.136008 6.657458 0.942270 0.704501 29.757263 18.542803 41.812604 41.857305 40.936178 45.523910 10.355724 22.729727 34.682130 16.261691 14.587185 27.321338 18.378966 14.587185 12.557493 17.996169 10.355724 24.245491 32.633731 25.128416 14.334892 40.915817 40.915817 17.099201 8.333497 32.961764 0.748533 39.587734 32.620503 17.815514 46.315207 45.901101 46.486108 23.264045 25.528185 32.749179 18.571595 0.704501 0.704501 0.704501 0.704501 23.593249 24.658742 0.704501 0.704501 0.704501 0.704501 4.532867 0.704501
24.522084 0.704501 0.704501 0.704501 7.297122 10.946006 0.704501 4.532867 0.704501 5.672958 7.478497 18.737913 26.918064 39.072817 29.862345 43.275078 44.988461 6.004823 28.920081 30.626812 10.355724 23.570006 30.982917 14.925784 38.683581 38.683581 10.355724 13.463043 10.355724 30.716057 31.453374 46.722991 44.595920 18.378966 41.869504 34.749940 18.614209 6.208415 39.932025 46.323548 41.780456 39.932025 44.964171 46.187708 15.352582 0.704501 4.532867 19.377240 0.704501 0.704501 0.704501 0.704501 0.704501 0.704501 0.704501 0.704501 0.704501 0.704501 0.995108 0.704501
0.704501 0.704501 0.704501 0.704501 0.704501 0.704501 4.532867 4.532867 1.618559 40.306357 15.010828 2.294743 37.430483 19.138393 0.704501 38.593068 37.504658 32.895590 37.673886 31.560832 27.228205 4.532867 44.777945 17.366636 33.175962 20.823601 27.352391 19.455429 43.255227 46.323548 38.649741 46.722991 46.589869 35.198723 45.591559 18.378966 34.747596 45.146478 39.932025 26.732203 41.842648 39.114256 44.654124 39.404472 25.774586 25.774586 1.224071 1.118396 4.532867 0.704501 0.704501 0.704501 0.704501 0.704501 0.704501 0.704501 0.704501 0.704501 0.704501 4.532867
0.704501 0.704501 0.704501 14.125732 0.704501 0.704501 4.532867 1.056752 0.704501 0.704501 0.898239 0.704501 0.907045 0.898239 0.704501 16.261691 17.456096 32.895590 0.704501 18.542803 21.419183 0.898239 0.880626 27.290289 33.175962 0.704501 24.502472 1.188846 26.083007 44.013614 45.060056 44.405639 46.640059 45.739428 46.001953 18.499040 38.639026 38.639026 35.039576 20.290783 33.340247 44.883701 44.858574 30.916325 37.306865 13.545327 2.705649 2.705649 4.532867 0.898239 0.704501 0.704501 0.704501 0.704501 0.704501 0.704501 0.704501 0.704501 0.704501 1.091977
0.704501 0.704501 0.704501 0.704501 0.704501 2.963701 4.855987 0.704501 7.405754 4.532867 0.898239 0.704501 4.532867 0.704501 0.704501 0.898239 0.704501 1.618559 19.191792 0.704501 18.132074 1.676913 18.557237 1.916562 0.898239 0.907045 19.083078 23.650558 27.633374 27.633374 43.017795 41.812604 34.828305 33.401880 46.449217 42.367151 38.791823 10.355724 41.859318 41.912420 43.288338 39.587734 46.632367 45.946526 23.684394 12.411364 1.224071 0.942270 0.951077 0.898239 0.942270 0.704501 0.704501 0.704501 0.704501 0.704501 0.704501 0.704501 0.704501 0.704501
0.704501 0.704501 0.704501 0.704501 14.084018 8.754414 33.451344 0.704501 0.959883 0.951077 0.704501 0.704501 0.704501 0.704501 0.704501 0.704501 20.635540 2.359956 2.807650 29.445731 0.898239 0.704501 24.502472 4.532867 24.165662 14.084018 14.084018 19.212616 30.155885 26.825113 31.542963 25.558969 40.241948 42.012109 29.194422 42.367151 18.484299 0.704501 18.669955 0.704501 24.619808 42.948662 46.632367 42.208275 28.579448 12.411364 0.704501 4.532867 1.056752 1.056752 0.898239 2.705649 0.704501 0.704501 0.704501 0.704501 0.704501 0.704501 0.704501 0.898239
29.715892 0.704501 0.704501 0.704501 0.704501 0.704501 0.704501 0.704501 0.704501 0.704501 1.618559 0.898239 0.704501 0.704501 0.704501 1.047946 0.898239 0.704501 0.704501 1.618559 0.907045 0.704501 6.311077 0.704501 16.612592 0.757339 29.236436 27.469132 30.155885 0.704501 0.704501 0.704501 28.520206 17.635489 26.330078 28.475624 45.745292 39.587734 10.266181 1.047946 7.846063 7.846063 30.155885 25.620550 18.086733 17.010372 1.056752 0.704501 0.704501 0.898239 4.532867 0.704501 0.704501 0.704501 0.704501 0.704501 0.704501 0.704501 4.532867 1.039139
41.758583 0.704501 0.704501 0.704501 0.704501 0.704501 0.704501 0.704501 0.704501 0.704501 0.898239 0.704501 0.704501 0.704501 0.704501 29.236436 37.772186 10.490672 10.946006 0.898239 0.704501 15.309725 1.618559 4.532867 6.518135 2.605275 1.039139 17.411346 15.913313 0.704501 0.704501 5.870379 11.977553 5.054740 5.054740 0.704501 24.285272 35.090901 39.132179 14.251109 6.242571 21.168401 37.657961 19.002419 25.959583 13.669049 0.704501 0.704501 1.224071 0.898239 0.898239 1.056752 2.705649 0.704501 0.704501 0.704501 1.916562 1.281535 4.532867 0.704501
16.261691 13.463043 0.704501 0.704501 0.704501 0.704501 0.898239 0.704501 1.618559 14.125732 0.704501 23.389856 37.685689 28.294969 27.762906 32.331191 29.004726 0.704501 1.618559 4.532867 0.704501 0.704501 0.898239 0.898239 0.704501 4.532867 4.532867 24.541673 32.603613 37.739594 14.587185 0.704501 0.704501 0.704501 0.704501 18.893197 18.683700 10.854262 18.954642 14.251109 18.359372 7.010259 13.545327 19.094294 12.411364 0.704501 0.704501 0.951077 2.705649 4.532867 2.605275 4.532867 4.532867 4.532867 0.704501 0.704501 0.704501 2.166188 0.704501 0.704501
18.628261 0.704501 0.704501 0.704501 0.704501 0.704501 0.704501 0.704501 0.704501 0.704501 18.424569 33.123333 26.360983 14.251109 24.085476 31.489258 19.060416 4.532867 30.693760 0.704501 0.995108 0.704501 0.704501 0.704501 0.704501 1.618559 31.005096 39.023711 34.907347 14.587185 0.704501 10.581062 0.704501 5.602641 19.105434 0.704501 11.503587 0.704501 14.209277 8.638848 26.825113 14.587185 6.140294 0.704501 0.704501 1.224071 1.224071 0.942270 0.704501 0.951077 0.704501 2.705649 4.532867 1.795490 0.704501 0.704501 0.704501 2.705649 0.704501 10.762856
24.813584 0.704501 0.704501 0.704501 0.704501 0.704501 0.704501 0.704501 0.704501 0.704501 0.704501 1.056752 25.712958 29.653740 34.702675 16.568591 33.550250 29.529089 30.693760 14.167485 0.704501 0.704501 0.704501 0.704501 0.898239 15.956723 28.750176 39.179897 23.570006 0.704501 0.704501 0.924658 9.218098 0.704501 35.222332 0.704501 0.704501 16.261691 16.261691 29.236436 11.929775 13.258023 4.921832 0.704501 0.704501 0.704501 2.705649 2.705649 2.705649 0.942270 0.704501 4.532867 0.704501 0.704501 0.704501 10.355724 4.532867 0.704501 32.906680 41.812604
41.810741 24.697586 0.704501 0.704501 0.704501 0.704501 0.704501 0.704501 0.704501 0.704501 0.704501 0.704501 14.125732 37.624805 14.925784 0.704501 33.258890 14.209277 14.125732 4.532867 0.704501 0.871820 0.704501 0.704501 0.933464 0.898239 0.704501 29.068074 25.024163 24.364566 24.364566 0.704501 11.929775 30.065729 41.812604 35.016858 46.865261 39.999000 45.106322 18.710960 42.883795 8.182362 38.496314 0.704501 0.704501 2.705649 2.705649 0.774951 1.224071 1.224071 0.704501 1.618559 0.704501 0.704501 19.511952 0.704501 1.083171 0.704501 36.664196 41.812604
38.432661 46.337668 27.383449 0.704501 0.704501 0.704501 0.704501 0.704501 0.704501 0.704501 0.704501 24.502472 0.704501 14.125732 14.125732 0.704501 0.704501 0.968689 0.704501 0.704501 1.618559 0.704501 23.133665 38.621587 38.607087 18.484299 36.194707 7.994887 0.704501 26.175624 10.355724 37.664679 32.450882 27.890785 32.484934 30.403063 46.865261 37.661543 44.964171 45.376719 46.640059 15.783322 19.138393 0.704501 4.532867 0.704501 4.532867 0.704501 0.704501 1.056752 1.056752 4.532867 0.898239 0.704501 0.704501 0.704501 0.704501 0.704501 37.657961 13.586528
44.595920 41.812604 2.756446 0.704501 0.704501 0.704501 0.704501 0.704501 0.704501 0.704501 0.704501 0.704501 0.704501 0.704501 0.898239 0.898239 0.898239 0.704501 16.305416 0.704501 1.091977 0.704501 23.133665 23.080234 6.414317 24.384334 0.704501 0.704501 1.039139 2.605275 4.532867 4.532867 23.314918 4.532867 27.698347 34.291147 35.222332 23.944292 35.009189 29.549896 34.938954 46.678062 46.678062 38.496314 0.704501 0.704501 0.704501 0.704501 0.704501 4.532867 4.532867 0.704501 0.704501 0.704501 0.704501 0.704501 0.704501 35.788577 32.019802 18.268335
37.869755 41.812604 23.039681 0.704501 0.704501 0.704501 0.704501 0.704501 0.704501 0.704501 0.704501 0.704501 0.704501 0.704501 0.704501 0.704501 0.704501 0.704501 1.232877 1.618559 36.194707 0.704501 0.704501 6.208415 10.854262 39.015935 4.532867 0.704501 1.618559 0.898239 1.224071 2.705649 4.532867 0.942270 0.942270 4.532867 1.618559 4.532867 4.532867 16.174360 4.532867 4.532867 25.528185 26.515577 0.704501 4.532867 4.532867 0.704501 0.704501 0.704501 0.704501 0.704501 0.704501 0.704501 0.704501 0.704501 0.704501 30.626812 16.966017 35.434753
44.745902 41.741164 38.657884 39.171393 3.397731 0.704501 0.704501 0.898239 0.704501 0.704501 0.704501 0.704501 31.649939 0.704501 0.704501 0.704501 0.704501 0.704501 0.704501 0.704501 22.700452 34.217129 2.457764 44.858200 44.868253 36.194707 0.704501 0.704501 1.618559 1.056752 0.942270 0.704501 1.056752 0.942270 1.056752 0.898239 4.532867 1.039139 4.532867 4.532867 4.532867 0.704501 0.704501 0.704501 0.704501 1.618559 0.704501 0.704501 0.704501 0.704501 0.704501 0.704501 0.704501 0.704501 0.704501 13.959113 0.704501 35.245939 23.146909 34.810706
43.158278 41.587308 45.127436 15.524405 14.084018 8.523860 0.704501 0.704501 0.704501 6.379840 0.704501 0.704501 1.916562 11.977553 0.704501 0.704501 11.176849 0.704501 0.704501 0.704501 15.053410 0.704501 31.720935 32.484934 26.175624 0.704501 0.704501 0.704501 0.704501 0.704501 1.224071 2.705649 0.704501 0.704501 0.704501 0.704501 0.704501 0.704501 0.704501 4.532867 0.704501 0.704501 0.951077 0.898239 3.857789 12.362824 15.524405 15.524405 28.385762 0.704501 0.704501 17.143675 0.730920 0.704501 2.359956 28.325337 0.792564 26.175624 37.699680 35.039576
41.106773 44.827555 46.348480 1.250490 0.704501 8.523860 1.916562 7.189067 13.298948 42.301752 38.659632 38.659632 32.817269 39.955037 32.002350 24.443503 21.575929 0.704501 0.704501 0.704501 4.660895 41.820870 39.175654 0.704501 1.065558 4.532867 0.942270 0.704501 0.704501 0.704501 0.704501 0.704501 0.704501 0.704501 0.704501 0.704501 0.704501 27.874891 19.359022 19.359022 0.704501 35.126119 0.704501 0.704501 36.491211 43.268431 64.596850 25.005131 36.886630 0.704501 0.704501 17.143675 30.716057 18.954642 0.704501 36.120589 0.704501 32.002350 37.699680 30.626812
44.603198 46.149111 31.914850 40.034384 40.034384 41.076820 45.905375 32.603613 11.550602 46.818455 46.309702 42.115627 46.182654 47.451399 36.219414 44.013614 26.949058 19.025847 0.704501 23.402186 0.704501 0.704501 0.704501 0.704501 0.704501 0.704501 0.704501 0.704501 0.704501 0.704501 4.532867 4.532867 0.704501 0.704501 0.704501 1.618559 0.704501 27.073076 43.172687 45.425568 43.209525 44.858886 36.639482 41.166708 36.491211 36.565345 45.732164 34.266476 37.699680 0.704501 25.620550 45.379429 44.059105 27.228205 0.704501 44.568630 38.632730 30.716057 43.158411 45.491774
45.425568 44.242100 44.786941 41.376777 43.878258 40.449974 46.020228 46.020228 42.973942 40.499427 44.745902 46.025054 45.768037 44.654124 44.745902 47.207879 45.497110 31.685469 24.404079 23.402186 0.942270 1.215265 0.704501 0.704501 0.704501 0.704501 0.704501 0.704501 0.704501 0.704501 0.704501 0.704501 0.704501 0.704501 1.618559 0.898239 0.818983 41.824573 37.183256 42.961323 43.363430 34.929855 42.219968 42.346420 34.340483 41.812604 28.172466 47.120463 37.673886 42.346420 30.626812 30.626812 38.662044 28.707571 28.962429 44.988461 33.599693 40.772066 41.789653 41.762299
43.491876 44.871196 44.786941 45.603318 44.899590 44.887447 42.205460 42.768848 43.279458 40.499427 43.717455 44.745902 45.732164 46.071854 44.940946 44.988461 44.988461 46.886098 24.813584 37.738767 0.704501 0.704501 0.704501 0.704501 0.704501 0.704501 0.704501 0.704501 0.704501 0.704501 0.704501 0.704501 0.704501 0.704501 0.880626 0.704501 36.886630 39.535347 46.584343 41.812604 45.620305 29.529089 30.626812 30.626812 42.165643 39.797495 37.657961 43.207636 37.657961 33.871500 37.699680 31.314646 37.405758 28.664915 31.826948 44.988461 16.966017 28.249224 28.664915 24.986077
44.743930 46.020228 45.768037 45.732164 43.288338 44.887447 45.732164 42.357371 42.357371 46.632846 45.585128 42.362814 46.356186 46.632367 46.640059 45.808772 35.269545 32.019802 18.454587 44.937465 0.704501 4.532867 0.704501 0.704501 0.704501 0.704501 0.704501 0.704501 0.704501 0.704501 0.704501 0.704501 0.704501 0.704501 0.704501 0.704501 29.025854 43.981557 46.203133 46.586805 43.417308 32.633731 41.840297 22.844996 34.682130 35.057049 30.626812 30.626812 37.657961 39.171393 39.031471 31.314646 31.314646 27.762906 38.432661 36.170001 33.797392 25.189868 28.249224 13.834563
46.918169 45.288143 44.899590 34.682130 38.649741 42.165643 41.812604 38.668253 45.901101 43.194219 44.579300 45.732164 46.236908 45.008638 46.640059 46.337668 44.852243 6.174322 43.287864 25.043173 0.704501 0.704501 0.704501 0.704501 0.704501 0.704501 0.704501 0.704501 0.704501 0.704501 0.704501 0.704501 0.704501 0.704501 0.704501 3.069768 44.158772 41.497024 46.310544 36.540633 33.500800 34.929855 41.812604 42.696899 30.626812 41.136736 30.626812 18.880678 25.189868 33.500800 29.152358 17.010372 17.010372 16.966017 31.632150 31.632150 34.019669 30.626812 17.188188 17.054767
42.306950 44.470770 36.071443 37.657961 19.138393 30.626812 41.812604 37.710264 44.704566 44.579300 47.030160 43.651893 46.589622 45.008638 42.118340 37.207977 45.746240 18.978683 19.488187 10.762856 10.762856 0.704501 0.704501 0.704501 0.704501 0.704501 0.704501 0.704501 0.704501 0.704501 0.704501 0.704501 0.704501 0.704501 0.704501 0.704501 35.505539 43.521045 39.132179 22.700452 29.089164 35.977173 37.504658 38.320932 28.249224 24.045249 43.256143 43.256143 23.186365 35.069193 38.647453 38.612784 30.626812 25.620550 22.729727 31.632150 27.843025 16.349180 17.188188 17.054767
42.012109 44.745902 36.268828 34.946107 24.775007 31.314646 20.259443 17.232741 40.034384 46.918169 38.968948 45.185370 45.185370 38.717169 43.269451 40.688962 44.104612 4.281690 4.660895 0.704501 0.704501 0.704501 0.704501 0.704501 0.704501 0.704501 0.704501 0.704501 0.704501 0.704501 0.704501 0.704501 0.704501 0.704501 0.704501 32.972707 32.972707 42.248976 30.716057 14.251109 14.251109 19.105434 0.704501 24.423802 39.915983 23.534798 34.685642 42.012109 28.233924 43.235104 37.755894 41.812604 30.626812 31.314646 40.004769 10.355724 18.439616 24.482838 13.463043 17.010372
