Example_Watersheds/WA_MashelWatershed/DataInputs/o_3_ChemistryPools/Mashel_1990_Pools/C_g_root_3.asc
ncols         923
nrows         455
xllcorner     550005.67551598
yllcorner     5180549.8134422
cellsize      30
NODATA_value  -9999
[rows 351 to 377 of 455, columns 180 to 239 of 923]
46.724878 18.966701 15.913313 0.959883 0.704501 30.671453 19.191792 19.002419 1.447241 0.810176 28.063918 24.105556 0.704501 8.879577 0.783758 20.948980 38.662791 46.187481 39.149798 6.903745 9.132959 41.812604 0.704501 43.172687 44.745902 44.457749 43.288338 43.288338 39.955037 45.901101 64.596850 46.553376 40.709804 0.704501 32.950797 38.612784 0.704501 31.525077 39.054657 44.626846 38.649741 45.618330 43.146897 45.386400 42.567183 37.706967 46.231023 44.887447 46.588224 16.966017 18.790900 0.704501 0.774951 4.532867 4.532867 4.532867 1.003914 15.913313 0.704501 0.704501
38.639844 34.896774 18.893197 0.959883 8.295617 0.704501 1.127202 0.704501 0.704501 0.827789 0.704501 0.704501 43.067309 1.281535 0.704501 29.632997 46.505934 46.584343 34.773571 31.703210 31.703210 0.704501 0.704501 2.040128 34.726308 45.394366 31.093721 43.024019 43.646241 45.901101 45.464988 45.973877 22.579242 1.916562 25.651348 0.836595 0.704501 31.914850 23.377480 40.060170 41.226681 45.010842 45.825486 45.386400 44.871994 46.705774 45.425568 43.128295 45.425568 45.307750 41.942876 27.502187 0.704501 1.618559 4.532867 4.532867 1.003914 12.411364 24.004933 1.232877
38.654049 25.928739 0.704501 0.704501 0.704501 0.924658 3.917126 1.281535 0.704501 0.704501 0.704501 25.805408 32.994520 22.610600 18.585877 0.704501 26.237392 35.127891 46.187481 18.499040 6.903745 17.545714 0.704501 0.704501 0.704501 0.704501 12.753516 0.704501 43.288338 45.778717 29.632997 25.466631 0.704501 0.704501 0.704501 0.704501 31.596523 37.710264 46.705774 46.705774 64.596850 36.392370 45.140562 46.332223 39.015935 31.632150 46.407177 42.306950 45.785357 44.745902 36.095884 18.542803 1.224071 0.898239 0.898239 1.618559 0.704501 0.704501 46.325864 0.704501
27.698347 25.928739 27.567987 0.704501 0.704501 12.217712 0.704501 1.030333 0.704501 0.704501 0.704501 0.704501 16.612592 31.435409 23.377480 7.588093 29.257423 46.390252 39.587734 18.499040 0.704501 1.030333 26.639335 6.345426 0.704501 20.635540 0.704501 0.942270 35.009814 31.248464 18.557237 0.704501 0.704501 3.917126 0.704501 0.704501 42.754465 37.306865 33.340247 44.527593 33.207244 18.557237 42.306950 33.525526 4.219913 43.140372 42.768848 30.805156 43.544050 46.635549 25.189868 18.542803 1.618559 1.618559 0.898239 4.532867 0.704501 25.220601 43.878258 43.878258
43.486506 19.359022 34.882721 3.567203 24.502472 0.704501 0.704501 0.704501 0.704501 0.704501 0.704501 12.901423 19.149226 0.704501 15.610553 20.854945 29.403975 46.195789 24.832839 18.499040 25.959583 0.704501 8.795794 8.715828 8.715828 8.295617 0.704501 0.704501 0.704501 0.704501 0.704501 0.959883 1.855714 3.917126 7.698266 0.704501 0.704501 18.268335 15.696859 30.335760 33.207244 0.704501 31.226385 13.917557 0.704501 45.151193 43.158411 30.805156 42.165643 34.682130 19.758032 29.046970 14.587185 0.704501 1.618559 0.704501 0.704501 0.739726 36.985500 44.932406
46.044913 46.356186 36.268828 6.903745 0.704501 0.704501 0.704501 0.704501 0.704501 0.704501 1.162427 0.704501 0.704501 1.136008 9.303575 13.793126 19.071785 42.923222 14.084018 18.905639 11.739511 29.839849 25.897899 16.218006 16.218006 0.801370 0.704501 21.669980 24.755686 0.704501 18.499040 9.090517 30.849651 31.380746 40.481551 15.567459 0.704501 46.056891 0.704501 7.809018 0.704501 0.704501 0.704501 0.704501 1.030333 0.704501 31.093721 45.398602 10.355724 17.010372 17.010372 17.010372 20.384805 0.704501 0.704501 0.704501 0.704501 11.409810 32.737745 29.952829
37.715353 42.367151 19.283084 0.704501 0.704501 0.704501 0.704501 12.362824 12.362824 0.704501 0.704501 0.704501 0.951077 29.695188 21.638629 7.809018 6.727505 16.436826 23.120376 17.054767 18.600081 23.706724 14.629372 18.600081 17.635489 21.669980 23.093660 24.025102 28.126100 19.542565 22.873356 19.349798 0.704501 0.704501 4.921832 4.158542 4.158542 46.231023 64.596850 32.569785 0.704501 0.951077 0.898239 0.713307 0.704501 0.704501 37.983188 26.794138 19.025847 23.781602 17.010372 35.953603 0.827789 0.722114 10.535825 36.688909 0.704501 29.998016 32.737745 45.536584
14.587185 14.587185 23.463149 0.704501 0.704501 0.704501 0.722114 0.704501 0.704501 0.704501 6.727505 0.704501 22.830747 0.704501 8.371441 21.168401 36.936064 28.249224 20.886290 18.600081 16.436826 27.969870 21.983496 24.065374 18.600081 18.966701 13.751727 19.263334 19.263334 13.751727 27.762906 15.524405 2.040128 0.704501 45.226367 21.795384 25.024163 46.231023 30.223407 19.632689 0.730920 6.903745 18.642235 0.704501 0.704501 25.189868 18.737913 0.704501 24.443503 18.614209 30.626812 35.953603 30.626812 29.998016 31.380746 34.682130 34.682130 19.395152 34.929855 46.187481
44.883703 29.839849 15.181390 16.966017 0.704501 0.704501 0.704501 0.959883 0.704501 0.704501 0.704501 0.704501 0.704501 34.792915 0.704501 4.469463 23.720225 23.120376 21.983496 22.802113 13.751727 13.751727 12.362824 18.966701 19.368169 15.053410 13.339913 16.436826 19.202243 23.511098 27.762906 42.002375 7.442094 42.096515 28.415819 32.433831 46.385629 43.286446 39.000335 0.704501 0.704501 43.368605 36.763052 25.024163 36.738337 30.626812 28.490510 0.704501 30.626812 31.380746 23.377480 16.966017 17.010372 30.626812 30.626812 17.010372 27.352391 43.110105 41.784208 45.426748
42.096515 37.059655 23.604802 0.704501 0.704501 0.704501 8.638848 31.632150 0.704501 0.704501 0.704501 0.704501 23.695582 13.135484 26.237392 8.523860 29.907605 11.834474 20.948980 19.222913 21.199748 19.368169 19.212616 17.590582 34.019669 18.942506 23.604802 29.131306 38.400782 19.202243 22.673315 44.678787 38.824594 22.202972 25.805408 41.729028 40.284686 32.771974 18.669955 0.704501 0.704501 39.771256 45.149275 46.149111 19.488187 22.453815 30.626812 29.998016 37.657961 26.794138 38.742195 10.355724 23.570006 30.738346 25.189868 31.314646 25.620550 30.805156 43.878258 46.640059
41.744155 10.626383 23.604802 0.704501 0.907045 0.907045 11.456656 18.868082 0.977495 0.704501 21.168401 9.389390 16.921701 29.591473 34.946107 29.131306 34.783948 19.071785 28.310166 23.604802 38.272918 18.966701 21.325138 34.414475 19.368169 17.188188 40.244358 35.670665 13.258023 23.212441 44.222958 43.594758 28.813987 28.813987 32.433831 45.967046 46.152065 44.017722 42.177932 37.756947 25.990432 39.771256 46.482627 52.882570 25.928739 30.626812 40.241948 31.984882 37.657961 30.626812 10.355724 29.674470 31.160094 22.171618 38.368868 31.314646 38.656023 38.080078 41.855362 46.632367
30.088282 42.177932 33.165485 23.438901 1.171233 4.158542 38.256896 25.589757 38.650878 27.551576 14.629372 10.132503 10.132503 13.094717 38.112305 19.504107 35.647079 25.081126 19.149226 28.475624 16.436826 29.320308 16.436826 25.251338 30.335760 30.335760 43.278434 31.399429 28.415819 25.024163 39.109728 38.400782 19.202243 19.202243 32.433831 39.294663 45.463692 33.279377 23.650558 45.732298 46.294429 44.379570 46.632378 46.506312 49.677974 39.718795 35.069193 30.626812 41.812604 40.688962 22.816453 28.340482 27.584373 41.758849 15.567459 24.852072 34.907347 37.729808 32.633731 41.817455
45.369078 44.540275 43.267273 19.463734 18.378966 23.964528 29.025854 32.817269 20.510170 27.890785 1.039139 23.639187 28.032672 13.094717 30.178401 41.817455 37.756947 23.302268 36.540633 35.269545 30.268375 19.455429 19.455429 30.716057 19.455429 21.325138 41.839527 36.441790 31.248464 27.383449 32.657017 24.928780 20.353464 33.426613 30.716057 18.669955 42.115627 41.719744 29.757263 38.824594 43.284074 46.200442 45.732164 46.746511 15.096030 43.363430 30.133360 38.368868 32.850982 28.294969 28.203247 38.368868 10.355724 17.635489 27.762906 35.001472 33.747978 40.034384 34.488451 42.247534
36.417080 44.947265 37.479933 31.270534 16.480708 34.891707 29.025854 24.639286 32.124177 32.124177 25.774586 13.876041 9.475545 0.704501 0.907045 34.954160 43.230253 28.664915 40.086467 34.636355 39.718795 38.336919 41.869504 29.173396 35.098041 10.355724 22.729727 34.266476 14.587185 34.774932 33.299765 37.657961 25.867064 12.557493 16.921701 45.379429 33.289583 33.289583 38.352898 35.694250 44.112403 43.189152 45.962080 45.488176 35.030455 43.363430 21.889439 39.999000 17.996169 30.626812 19.105434 37.967010 10.355724 36.071443 24.678175 34.907347 34.636355 40.562998 35.788577 42.247534
43.288985 42.335382 42.335382 39.955037 30.960729 6.974690 13.876041 30.515051 43.243616 3.624507 39.849987 42.221832 0.704501 8.562125 42.292461 38.629687 31.614344 38.272918 14.587185 14.587185 24.045249 35.098041 26.052144 28.203247 31.160094 27.762906 10.355724 38.750506 38.661268 38.661268 41.987677 10.355724 46.722991 45.867809 39.797495 39.249115 41.812604 46.589869 38.352898 41.732755 46.831521 33.133908 46.386214 45.869240 34.759560 27.518676 21.889439 42.123842 22.729727 13.463043 32.983626 22.901534 23.251213 29.403975 31.204297 31.826948 17.010372 17.010372 40.402439 40.688962
42.342307 41.851139 45.658177 43.200151 36.837198 21.983496 31.984882 44.189325 42.234474 4.855987 41.865854 46.037261 44.957777 35.016858 39.999000 9.475545 22.729727 38.272918 4.988082 33.059369 27.665912 26.144747 37.765862 37.696949 13.586528 25.867064 43.275890 36.071443 26.052144 30.626812 33.165485 34.365149 42.335918 43.567036 23.639187 30.626812 43.229664 46.640059 39.072817 39.561538 44.041635 44.017722 41.735804 41.376777 24.105556 27.778982 22.108910 42.123842 30.626812 38.368868 19.977392 13.586528 21.293790 25.189868 35.039576 25.189868 17.010372 30.626812 44.899590 40.402439
38.112305 42.596032 39.123256 43.200151 41.016941 38.647453 45.899339 45.075943 39.039215 31.507176 41.865854 22.140263 32.633731 40.688283 40.197568 23.251213 22.729727 19.273247 0.704501 26.144747 16.392983 22.014849 10.355724 23.570006 29.257423 41.732755 37.158535 29.257423 30.626812 41.812604 43.191840 45.843367 46.592767 41.867362 33.016234 41.812604 24.755686 46.640059 33.723268 33.027055 46.640059 46.640059 37.755894 46.231023 34.808830 29.591473 19.977392 23.964528 21.481881 38.368868 19.977392 17.010372 25.189868 35.126119 28.249224 17.010372 17.010372 20.040068 18.880678 29.278398
0.704501 25.712958 46.616142 41.947906 40.218030 45.023653 45.023653 40.349724 46.594855 46.187481 38.881337 35.032051 40.751356 22.729727 11.503587 19.664024 30.043167 0.704501 9.823551 25.743770 23.340080 41.808166 40.349567 35.481945 33.352409 27.922497 31.160094 38.618151 39.196678 41.812604 42.980237 41.376777 46.274888 46.274888 42.948662 37.657961 44.827555 43.222857 46.720050 38.352898 37.745132 46.301360 37.755894 9.218098 42.336068 20.510170 24.105556 34.389813 42.110585 17.010372 22.579242 31.160094 32.314028 28.279747 36.071443 37.670851 21.795384 35.812155 33.186414 19.977392
0.704501 0.704501 0.704501 0.704501 7.883173 45.169855 46.594855 41.812604 20.604197 41.812604 31.453374 32.839769 8.795794 29.025854 27.518676 23.463149 28.385762 24.245491 24.967000 23.264045 24.600308 41.808166 44.057487 27.259244 43.239891 39.204955 39.204955 43.211986 37.821010 38.659632 41.753023 29.046970 45.655491 64.596850 44.786941 31.826948 46.094929 39.204955 42.215379 44.293993 28.233924 42.215379 41.844818 0.704501 18.642235 32.348338 0.924658 2.555698 13.380917 31.471324 0.704501 32.348338 33.401880 0.704501 0.704501 0.704501 0.704501 0.704501 11.130511 8.715828
2.911277 9.911400 0.704501 8.371441 44.993514 21.262443 33.550250 41.812604 14.713864 37.837267 36.540633 0.704501 3.798858 7.514965 27.518676 0.704501 34.729132 32.620503 32.862171 0.704501 15.696859 27.290289 0.704501 0.704501 14.084018 33.649128 20.698226 16.744831 35.977173 14.084018 20.698226 46.553066 46.060868 44.988461 29.736584 38.368868 44.520083 42.243976 37.739594 37.739594 38.639844 27.383449 38.496314 0.704501 0.704501 0.774951 0.898239 0.704501 0.704501 18.724475 16.261691 0.704501 0.704501 0.704501 0.704501 0.704501 0.704501 0.704501 0.704501 0.704501
2.911277 0.704501 0.704501 14.587185 0.704501 0.704501 12.802733 24.045249 15.783322 7.735119 7.735119 18.571595 0.704501 0.704501 0.704501 21.826735 33.016234 31.542963 14.167485 0.704501 14.125732 15.696859 14.167485 0.704501 14.167485 11.882082 0.704501 0.704501 0.704501 0.704501 20.760913 45.383334 46.002364 29.320308 23.604802 43.232686 44.915412 45.923868 45.923868 39.204955 41.756560 32.983626 24.105556 14.587185 0.704501 0.898239 0.898239 0.704501 0.704501 0.704501 0.704501 0.774951 0.704501 0.730920 0.704501 0.704501 0.704501 0.704501 0.827789 0.704501
26.021286 0.880626 0.704501 0.704501 0.704501 0.704501 0.704501 0.704501 15.309725 23.944292 1.003914 0.704501 0.704501 19.438590 26.144747 19.421445 12.655335 40.747954 0.704501 14.883321 14.167485 14.084018 23.822408 38.659632 6.414317 11.882082 0.704501 0.704501 14.545038 24.541673 24.541673 41.226681 46.584343 34.738388 30.133360 31.614344 30.515051 35.039576 29.299359 45.849186 1.065558 24.105556 29.632997 34.759560 24.004933 0.704501 0.704501 0.704501 0.704501 0.704501 0.704501 0.704501 0.704501 0.704501 0.704501 0.704501 0.774951 0.704501 0.704501 0.704501
38.610939 27.843025 16.087187 0.704501 0.704501 0.704501 0.704501 0.704501 24.580785 23.475205 1.003914 0.704501 0.704501 23.352592 16.087187 0.704501 29.236436 26.330078 0.704501 0.704501 14.084018 0.704501 7.010259 0.704501 0.704501 23.684394 0.704501 0.704501 22.729727 23.822408 27.352391 41.781721 35.505539 27.874891 38.629687 23.414470 39.179897 17.996169 38.464505 8.715828 32.950797 45.051213 26.391892 14.587185 36.024311 0.704501 0.704501 0.704501 0.704501 0.704501 0.704501 0.704501 0.704501 0.704501 0.704501 0.704501 0.704501 0.704501 7.624753 0.704501
22.700452 18.499040 15.913313 0.704501 0.704501 0.704501 19.149226 23.053244 23.093660 29.025854 0.704501 0.704501 0.704501 0.704501 19.377240 0.704501 13.669049 40.175680 5.121804 0.704501 14.167485 14.167485 14.167485 0.704501 0.704501 0.704501 2.756446 10.355724 10.717281 18.614209 30.671453 27.073076 33.048622 32.850982 33.624411 38.128406 42.243976 24.025102 8.837643 26.639335 46.768344 37.739594 37.739594 28.141581 17.860618 4.790550 8.921596 0.704501 0.704501 0.704501 0.704501 0.704501 1.012720 0.704501 0.704501 0.704501 0.704501 0.774951 0.827789 0.704501
17.950946 43.275078 15.740071 0.704501 0.704501 0.704501 0.704501 0.704501 15.956723 7.189067 0.704501 0.704501 0.704501 0.704501 0.704501 0.704501 16.568591 28.063918 14.167485 0.704501 14.167485 0.704501 0.704501 0.704501 0.704501 19.455429 14.587185 16.966017 19.191792 18.614209 41.812604 30.088282 31.791674 37.232698 37.232698 29.736584 17.188188 23.264045 30.088282 17.996169 44.988461 44.696096 39.229327 24.443503 15.524405 23.238335 0.704501 0.704501 0.704501 0.704501 0.704501 0.704501 0.704501 0.704501 0.704501 0.704501 0.704501 0.704501 0.774951 0.704501
23.402186 13.463043 23.365059 12.121395 0.704501 0.704501 0.704501 0.863014 16.656632 14.587185 0.704501 0.704501 0.704501 0.704501 0.704501 0.704501 25.620550 27.445580 14.167485 29.975427 0.704501 0.704501 0.704501 14.167485 14.167485 0.704501 19.977392 19.977392 24.678175 24.482838 35.104278 37.657961 23.593249 27.551576 27.584373 29.736584 24.755686 30.088282 17.188188 39.797495 46.411669 44.899590 31.399429 19.883379 16.218006 34.915331 12.704383 0.818983 0.704501 0.704501 0.704501 6.004823 0.704501 0.704501 0.704501 3.453815 0.704501 0.704501 0.704501 0.704501
24.928780 13.463043 35.090901 27.778982 0.704501 0.704501 0.704501 10.355724 16.656632 18.893197 0.863014 0.704501 11.409810 0.704501 0.704501 43.054991 23.695582 39.902501 14.167485 17.635489 16.261691 29.424859 0.704501 0.898239 32.771974 34.701075 23.534798 19.430056 21.231095 29.046970 30.626812 27.073076 27.843025 24.443503 34.685642 37.667782 38.873278 33.772686 34.217129 38.272918 37.657961 35.977173 16.656632 19.977392 19.542565 23.534798 23.534798 16.612592 18.930294 0.704501 0.792564 0.818983 0.704501 1.250490 0.704501 0.704501 0.704501 0.704501 0.704501 0.704501
