Example_Watersheds/WA_MashelWatershed/DataInputs/o_3_ChemistryPools/Mashel_1990_Pools/DOC_Pool_2.asc
ncols         923
nrows         455
xllcorner     550005.67551598
yllcorner     5180549.8134422
cellsize      30
NODATA_value  -9999
[rows 243 to 269 of 455, columns 732 to 792 of 923]
11.637426 11.665405 11.934265 11.932668 12.491100 12.752252 12.623141 12.623141 12.663057 11.678478 11.677625 12.692052 10.702053 12.097219 12.050667 11.981659 11.932668 11.912563 12.050667 10.765561 10.684171 10.382613 8.947855 9.097614 8.136908 7.811242 10.065423 10.153665 8.687025 7.907742 10.641856 11.787732 12.738163 9.141112 8.469036 8.469036 11.636322 8.497402 12.140037 12.114560 12.140037 12.105593 12.149624 10.752382 9.718688 10.663957 12.240797 12.120732 8.944401 9.721250 8.943960 10.246902 7.765982 8.388136 7.776902 12.024858 8.943808 8.510090 8.649649 8.944247 8.128438
9.706728 8.687025 11.637426 11.912563 12.192943 11.607063 11.790024 12.623141 10.497597 12.750413 12.141447 11.816456 11.917024 12.721196 12.097219 11.955753 12.135278 12.159144 12.050667 12.092157 10.065423 10.207178 9.720804 8.862922 9.721281 7.811242 11.816456 11.816456 9.720804 12.504289 10.192384 12.524309 10.783021 12.575995 10.668217 10.201373 9.720804 9.706728 8.497402 10.065423 8.497402 12.133317 12.168464 12.098685 12.168464 9.499949 12.162603 9.721316 11.926479 11.923335 8.862922 8.193514 8.193514 8.862922 8.859682 10.437540 12.050667 8.471033 8.182392 9.089923 9.049241
11.477641 8.687025 10.362735 12.405898 12.192943 11.932868 11.593583 12.692052 12.750413 11.816456 11.759386 11.816456 12.119082 12.550988 10.702053 11.709334 12.465031 11.601917 11.790100 12.346809 12.550988 10.207178 8.947855 9.097614 8.193514 9.706728 11.816456 11.906093 12.499363 8.402743 12.692052 11.607331 12.198449 12.057405 11.255583 12.278397 10.559172 8.945783 8.945783 8.944279 8.193514 8.947855 9.717601 8.497402 8.497402 12.277681 11.931837 9.721464 8.245579 8.394556 8.381408 8.862922 8.379748 8.313467 12.002964 8.497402 12.023880 8.834198 8.471033 8.471033 8.471033
8.862922 8.687025 8.687025 11.830135 11.912563 12.713491 11.742290 11.742290 11.927022 11.932668 11.932668 11.932668 11.934265 11.912563 12.435043 12.464853 5.054282 12.488594 12.488594 11.934571 11.900210 10.995064 8.545306 10.668217 8.945783 9.720804 8.020251 10.452406 12.296792 12.101955 11.735693 12.211767 5.686067 5.054282 10.334590 12.499070 8.799520 9.491898 10.698277 10.698277 7.465573 7.829111 9.720804 8.947855 8.193514 8.947855 8.947855 10.167693 8.749454 7.811242 8.381408 7.811242 8.379748 9.059114 11.841506 12.201133 9.707342 8.834198 8.945783 8.182392 8.128438
9.097614 9.261581 8.687025 10.191354 10.191354 11.761869 11.612632 11.926067 11.910428 11.934265 11.932868 11.934265 11.932868 11.801514 12.499808 12.169228 5.054282 11.912563 11.816456 12.700459 12.171317 12.587630 8.545306 10.668217 9.720804 9.720804 8.807081 8.807081 12.594675 12.101955 11.592481 11.592481 12.508192 11.725179 12.658463 10.402995 10.395757 12.237293 10.395757 8.952310 10.533442 11.700443 10.152134 9.720804 9.089923 7.811242 8.872615 11.691777 8.381408 8.381408 7.811242 9.720804 8.953251 8.856437 12.463338 12.068974 11.132690 8.316490 12.314211 12.314211 10.266235
8.915927 10.118334 10.266235 8.736955 11.704424 12.377957 12.491100 12.692052 11.910428 11.912563 11.932668 11.932668 11.912563 11.912563 11.787070 12.169228 12.338941 12.028826 10.034870 11.914746 10.415594 12.713491 9.720804 8.469036 9.720804 11.710490 10.115079 8.612335 8.424681 8.944247 9.059114 11.934761 8.465922 12.508192 12.580186 12.288345 11.830135 12.393262 9.969119 9.721460 11.830135 12.555459 8.796355 11.988007 12.752855 12.430953 8.945783 12.025278 10.428440 9.720804 12.455718 8.162823 10.246902 10.246902 8.944401 8.944401 10.730420 8.834198 7.811242 9.564007 8.834198
10.771458 10.427434 10.352064 12.707201 9.033474 10.606264 12.692052 12.405898 11.912563 11.637426 11.910428 11.932668 11.637426 11.912563 11.773655 12.468958 12.015125 12.421254 12.048634 11.758105 12.397482 10.266235 8.944279 12.178278 8.749454 10.694986 9.717733 9.720804 8.687025 8.944279 12.040425 10.246902 12.124532 10.596052 12.283120 12.312244 12.242225 10.596052 12.229681 9.719098 11.834556 11.931837 12.171702 12.171702 11.666928 11.788932 12.700459 10.628753 10.457567 12.025278 8.128438 10.448840 12.240522 10.623573 8.944401 9.999298 9.004009 12.463338 10.730420 7.811242 9.218781
12.443372 11.280647 9.721348 11.816456 10.691917 11.699059 12.295779 11.932668 11.932668 11.637426 11.637426 11.932668 12.377957 11.745515 11.932668 11.932668 12.421254 12.141447 11.816456 10.246902 8.469036 8.834198 12.108868 12.511635 8.749454 10.266235 9.717733 11.914969 12.314211 11.789713 10.246902 8.944279 10.693926 10.596052 10.065423 10.065423 8.947855 12.172218 8.687025 11.866359 11.765397 11.711618 11.923989 12.555459 12.107438 12.015545 11.956024 12.220874 10.164643 8.226815 8.365792 12.507622 12.583958 10.128054 8.951795 11.986067 8.926123 8.628794 8.944242 10.421963 9.218781
12.443372 11.917024 12.133317 9.721348 11.985705 12.309193 11.834556 10.727822 11.637426 11.318060 11.912563 11.637426 12.377957 9.720804 11.932668 12.464853 12.753722 12.108704 11.704424 10.246902 10.266235 10.266235 12.750413 11.752528 12.377957 10.362444 11.637426 12.695742 12.695742 11.931238 11.756798 12.117659 10.266235 8.947855 9.710192 8.944247 8.859682 7.982179 8.687025 8.517255 12.463909 12.507056 11.912563 12.731948 12.243556 11.919168 12.242225 12.520338 9.635322 12.157449 11.887456 9.707643 12.097010 8.853188 11.620369 11.912563 8.985731 9.418994 10.533442 10.621267 8.138588
11.710490 11.710490 12.525595 10.092103 10.092103 12.309193 10.427434 8.193514 10.379436 8.865024 10.395757 10.490713 11.637426 9.720804 8.273793 12.491718 11.781215 11.801966 9.720804 10.246902 9.720804 10.246902 10.246902 11.917024 11.880330 12.092157 11.750238 11.943375 12.752855 11.642044 11.920456 10.492192 12.169320 8.947855 12.162408 8.947855 8.687025 10.151326 8.504675 11.932668 11.704424 11.834556 11.928287 12.036836 11.060491 12.262661 12.171702 12.171702 11.703125 11.961172 8.865024 12.086530 10.694986 11.604639 10.436558 9.418994 11.986067 12.221264 10.533442 11.919168 10.621267
11.710490 11.710490 10.183923 10.434574 12.111436 10.065423 9.720804 8.193514 8.193514 9.720804 12.086081 10.395757 10.395757 9.009869 12.154393 8.820646 11.934265 12.054434 10.368452 8.131228 10.333485 8.388136 10.266235 11.917024 10.596052 11.305613 12.178278 12.546418 12.456613 11.931238 11.920456 12.061521 12.108868 9.707342 9.707342 12.121071 12.263139 10.151326 12.287059 12.346809 12.346809 12.521618 12.318892 10.826348 11.759386 11.784078 11.587884 11.910965 12.297362 12.240153 11.501825 10.343039 10.464441 10.566545 12.165823 10.101992 10.911625 11.932380 11.919168 11.756967 12.727239
11.703125 12.105941 8.834198 10.065423 10.065423 10.065423 8.947855 10.405342 9.097614 8.381408 10.667458 8.687025 10.455015 11.830135 11.830135 12.178034 11.934265 12.667538 9.719820 10.668217 8.644100 8.502862 9.720804 11.917024 10.246902 9.097614 12.504235 12.158233 12.491718 11.615239 12.421254 12.377957 12.377957 12.021393 11.685323 12.108704 12.168464 11.748407 11.792510 11.745515 12.750413 11.755465 12.093036 10.392814 12.180543 8.497402 12.246162 12.108868 12.105941 11.789713 12.162958 12.035397 8.864696 12.086530 10.704982 10.721589 11.988007 11.706936 12.727239 10.877735 12.221264
11.587884 11.922196 11.754106 10.156835 10.444241 10.156835 10.118334 8.416153 9.706728 8.381408 9.720804 9.720804 11.830135 12.287059 12.532225 8.463913 12.752855 12.421254 9.981218 10.261589 11.549900 9.720804 12.172218 12.292122 10.663376 11.917024 12.583958 12.205761 12.709373 11.691227 12.451611 11.784237 12.542857 11.746917 11.745515 12.059520 12.508013 10.577638 11.927022 12.747543 12.432057 11.693239 12.070645 11.044244 10.694986 10.266235 12.071962 12.246162 10.444241 12.320285 11.710490 12.144839 12.056802 12.389034 10.359232 12.165823 9.097614 8.402042 10.412898 11.932668 12.176857
11.674885 12.180543 12.551874 12.124144 12.105593 8.947855 10.405342 9.097614 8.862922 8.193514 10.151326 10.246902 10.352064 12.178278 11.710490 10.204557 11.761869 11.932668 12.476100 12.202922 10.387656 8.500833 7.811242 10.246902 12.159144 12.716467 12.499808 11.884179 11.925491 12.046451 12.521618 12.521618 12.514313 12.750413 11.745515 11.786976 12.068259 12.109426 10.251541 12.576314 12.089052 11.693239 12.268051 11.699059 11.699059 12.101363 8.956744 12.278397 8.497402 12.320285 12.311240 12.040425 12.172285 11.084723 11.489745 12.189232 12.086530 10.175185 12.165823 11.912563 12.583958
11.710490 12.180543 12.098685 11.738077 12.149624 10.362735 9.097614 8.193514 9.097614 9.097614 9.720804 9.720804 8.193514 10.668217 12.463338 11.710490 12.532225 12.707201 12.298840 12.312244 10.387656 8.469036 10.266235 11.745515 12.346809 11.816456 12.432057 11.884179 12.559829 11.917824 12.421254 12.508013 12.726430 12.508001 12.354490 12.508196 12.508196 11.920456 12.716467 11.477641 12.074321 12.097219 12.120732 12.176857 12.567449 11.652003 12.050667 11.636322 9.721348 11.790072 11.789713 12.077037 10.444241 10.693926 8.497402 7.811242 10.359232 12.086530 11.927022 12.328991 12.194054
11.710490 11.710490 12.181648 12.114560 12.754138 11.780239 8.193514 8.834198 11.897993 8.834198 8.945783 10.694986 8.931934 10.668217 8.415729 9.883382 12.292122 8.555486 8.685920 9.908064 8.862922 8.945783 11.688575 11.685323 11.801514 11.719069 11.912563 12.460915 12.746262 12.746262 12.437531 11.933301 12.582284 12.718410 12.638957 12.456613 12.745821 11.730579 11.849925 11.789946 12.549710 12.322643 12.052023 9.708525 11.901743 11.867342 11.674107 10.266235 12.098685 11.790072 11.789713 12.040425 10.065423 11.780944 9.709923 9.016103 10.632721 10.606264 10.708539 8.448453 12.086530
11.743859 12.655300 12.168594 11.092763 11.701798 12.070645 12.290877 9.261581 10.190993 8.429774 8.834198 9.721281 11.788072 10.492192 12.532225 9.627437 8.131228 12.059520 7.641665 9.120777 12.237293 8.944465 12.292122 12.749435 9.718688 9.000974 8.173379 11.777156 9.757745 11.934571 12.437531 11.750238 11.782750 11.978631 12.479474 12.162603 12.479474 12.385320 12.385320 11.986042 12.751279 12.507056 11.994524 12.068259 11.715845 11.867342 10.221045 10.266235 10.266235 12.445315 12.084336 10.444241 10.065423 12.046451 12.002964 10.669180 12.577937 11.688575 12.655300 11.788072 11.957254
12.671906 12.273159 12.655300 12.130048 11.925056 11.924448 12.092157 12.108868 10.647036 9.944808 9.097614 10.669180 10.694986 10.694986 8.862255 12.532225 10.334590 12.591203 12.460915 12.059520 9.018105 12.240797 12.421254 10.739233 9.718688 10.587265 11.897993 9.721062 12.361984 12.211767 12.150851 11.750238 12.745821 11.978631 11.943375 12.726430 12.464853 12.162603 12.385320 12.535890 10.615872 10.615872 12.052023 12.468958 11.798400 11.933524 11.915593 12.564100 10.404172 9.864773 12.056802 8.944279 8.947855 12.046451 11.655213 12.219350 11.790099 12.040425 11.727499 11.790072 11.697647
12.451801 12.507056 11.703442 12.130048 12.372176 12.372176 11.798400 12.141533 10.694986 10.647036 9.097614 8.944279 8.687025 10.427434 8.193514 9.938707 10.456723 12.591203 12.472538 12.084336 9.720996 12.739420 12.015125 12.155356 12.017469 10.587265 11.601917 9.721062 9.721062 12.442582 11.680232 12.507056 11.805332 11.805332 11.978631 12.114903 11.537560 11.737279 12.591203 12.514313 12.440634 12.232471 11.880330 12.440634 12.630744 12.246581 12.323622 7.892133 9.720804 9.719709 10.197871 8.381408 10.585708 11.928767 12.752855 11.926479 11.790099 12.287059 12.115276 12.153008 9.707342
12.415453 12.535890 12.507056 12.688249 12.521618 12.655300 11.772714 10.332064 12.108868 8.687025 8.193514 8.193514 9.720804 8.193514 9.920349 8.834198 11.636322 12.476100 12.472538 12.550988 10.752382 12.520338 12.212854 11.687898 11.990081 12.586736 11.637426 10.261589 10.224665 12.101363 12.569593 8.844993 12.155356 11.615239 11.978631 12.555459 12.209747 11.985705 12.162603 12.177927 11.674885 12.508013 12.421254 12.658463 12.161460 11.788671 12.001971 8.388608 8.193514 9.719709 7.811242 8.944335 8.944335 8.834198 11.655213 11.790099 11.790099 8.918063 9.707342 12.287059 12.300465
11.875301 11.877843 11.745401 12.426623 12.155628 12.655300 11.769735 11.852852 12.108868 10.427434 9.097614 10.667458 9.720804 9.720804 9.706728 10.333485 12.108868 12.108868 12.209379 12.212926 12.707201 12.707201 12.750413 11.692591 11.930377 12.671906 12.064927 8.307868 10.224665 10.765561 12.066438 5.054282 12.491718 12.718410 12.504235 12.555459 12.168019 11.990184 12.162603 11.784078 11.932868 12.703887 12.421254 12.421254 12.743361 12.743361 12.442364 12.323622 11.590748 7.505911 10.151326 11.060491 7.811242 11.829948 12.399747 11.926479 12.320285 8.944279 12.225875 11.790099 10.359232
11.901743 12.454340 11.747900 11.785645 12.024243 11.604639 12.180543 11.852852 12.105941 9.706728 9.706728 12.292122 10.694986 9.720804 9.706728 12.108868 8.834198 10.472335 12.505408 12.668972 12.750413 12.707201 12.209023 12.460915 12.421254 12.029146 9.802140 8.944440 8.943753 10.380929 11.965316 12.155356 12.421002 12.390087 12.753198 12.753198 12.399747 12.399747 12.507085 8.086851 12.040395 11.690158 11.788072 12.050667 11.745401 11.735755 11.724736 11.905837 11.230421 9.999298 10.426389 10.644946 12.097219 11.684521 11.928767 11.790099 10.055302 8.834198 12.060870 11.655213 11.789713
11.901743 11.609996 11.609996 12.077037 12.111436 12.168464 12.580186 11.932157 12.168464 12.240153 12.240153 10.632721 10.694986 9.938707 8.945783 12.125365 11.663423 12.068259 12.162603 11.998033 12.063244 11.932668 12.750413 12.165296 12.628526 11.993748 8.349987 9.802140 12.112968 12.196536 10.023275 10.380929 8.482671 11.648814 12.507056 12.753198 12.753198 12.437531 11.977598 11.715691 11.566115 10.325271 12.408955 10.770218 12.502921 12.421254 12.499363 12.616192 11.697647 10.698277 8.160593 10.478342 12.246162 11.684521 11.655213 12.097219 10.140916 10.408234 12.279061 11.655213 11.790099
11.930289 11.973520 11.789713 12.149624 12.133317 10.183923 10.453433 12.036269 12.324642 12.149624 10.632721 10.694986 12.068259 12.307200 11.733733 12.750413 12.162603 12.447236 12.311240 11.988007 11.710490 12.247253 12.172218 12.142711 12.508192 12.219616 11.693239 10.621834 9.802140 12.210276 10.380929 12.095119 8.482671 12.421254 12.129799 12.047244 11.925491 12.465897 12.437531 11.715691 12.650517 12.057405 12.459731 11.788072 12.464853 6.001959 12.499363 8.542093 9.016103 9.016103 8.944372 8.964199 8.951332 8.471033 11.655213 12.752855 11.829948 11.655213 11.790099 11.655213 11.789713
12.650517 12.603754 11.981785 12.105941 11.710490 12.105941 10.065423 12.162958 12.024243 11.919721 12.240153 10.694986 11.816456 12.476100 12.476100 12.138638 12.273459 11.910965 12.606309 12.454340 11.795497 12.105941 11.710490 10.668217 10.246902 12.219616 12.506303 11.912563 8.173379 10.911625 9.716418 10.587265 12.460915 12.162603 12.453465 12.706135 12.073011 12.167153 12.504235 12.212854 12.493538 12.493538 12.753612 11.659375 11.745515 12.638451 12.017491 12.201358 12.128422 8.434353 8.291628 10.380929 8.944372 8.448453 11.915593 11.914105 12.085058 11.655213 11.790099 12.040425 11.790099
12.716467 11.710490 12.077037 12.077037 11.710490 11.148532 11.148532 10.196511 12.168464 12.168464 11.628199 10.225857 12.064927 12.287800 12.025278 11.781215 9.707342 12.609614 11.789375 11.501825 12.097010 11.710490 12.133317 10.092103 12.370494 12.499808 12.745821 12.583958 10.409554 9.802140 10.449441 8.173379 11.921690 11.658438 11.658438 12.507056 11.919372 11.779507 12.745821 12.044462 12.623141 11.978631 12.210276 12.035397 12.716467 11.913458 11.652003 12.604495 7.617387 9.738579 9.088884 8.944372 8.160593 8.373150 9.764115 9.218781 10.382613 11.655213 11.674885 11.655213 11.716164
12.638957 12.002964 12.105593 11.981785 10.809072 12.117659 10.188145 12.133317 11.688575 11.931238 11.919168 11.771016 12.468107 11.786976 11.932668 11.790099 12.280427 11.966979 12.655300 12.158892 11.676696 10.427434 8.497402 10.183923 12.149624 12.580186 12.200335 12.426495 9.720804 10.668217 10.660085 10.660085 10.481382 12.213044 11.537560 11.652003 11.919372 11.620369 12.718410 12.169087 12.177927 11.849925 12.575188 12.035397 12.071962 12.169757 12.751279 9.080145 10.512873 7.723666 9.088884 7.855300 10.197401 10.197401 7.507399 10.511373 10.710185 12.586736 12.339645 11.674885 11.655213
