Example_Watersheds/WA_MashelWatershed/DataInputs/o_3_ChemistryPools/Mashel_1990_Pools/DOC_Pool_3.asc
ncols         923
nrows         455
xllcorner     550005.67551598
yllcorner     5180549.8134422
cellsize      30
NODATA_value  -9999
[rows 112 to 139 of 455, columns 630 to 692 of 923]
2.788372 2.732279 2.786448 2.734799 2.839339 2.795216 2.717702 2.369699 2.823193 2.787595 2.754367 2.791826 2.975841 2.931099 2.757282 1.192949 2.746462 2.910239 2.736759 2.493049 2.865431 2.791848 2.831366 2.831366 2.718177 2.790517 2.802754 2.915400 2.943326 2.754279 2.748233 2.946169 2.750476 1.192949 2.968503 2.751535 2.766927 2.934715 2.987020 2.478803 2.858748 2.789620 2.424736 2.563652 2.074756 2.798462 1.954389 2.489595 2.783458 2.875386 2.880299 2.791452 2.960809 2.797702 2.510228 2.484556 2.843958 2.837585 2.921842 2.754101 2.791519 2.908810 2.836280
2.939541 2.983209 2.786448 2.937008 2.845403 2.729983 2.817144 2.597533 2.963170 2.737700 2.756124 2.861669 2.737743 2.951982 1.282420 2.773857 2.756669 2.853113 2.661802 2.820407 2.941298 2.753324 2.978873 2.864389 2.714806 2.929026 2.722939 2.839339 2.983209 2.941314 2.863393 2.798213 2.855986 1.192949 2.958343 2.314664 2.766927 2.794257 2.842391 2.929615 1.192949 2.824906 2.824906 2.480004 2.414839 2.148214 2.072758 2.480004 2.815366 2.976639 2.880299 2.773078 1.914219 2.262416 1.887561 2.260946 2.797702 2.721068 2.968606 2.735711 2.832458 2.726550 2.725386
2.717191 2.787670 2.779000 2.912994 2.722492 2.863148 2.908810 2.908810 2.817811 2.861006 2.504414 2.438366 2.987956 1.714864 2.447057 2.773857 2.903303 2.820407 2.737918 2.789980 2.761766 2.978873 2.978873 2.820360 2.788704 2.909858 2.709174 2.840490 2.844475 2.941314 2.972477 2.734556 2.979633 2.873337 2.924733 2.924733 2.894583 2.755022 2.829058 2.754721 2.817811 2.757026 2.834098 2.813297 2.743021 2.381949 2.538319 2.445357 2.751313 2.758715 2.963054 2.787595 2.424084 1.887561 2.319215 1.977102 2.461284 2.743021 2.935873 2.791848 2.738527 2.978155 2.978155
2.837375 2.857601 2.722492 2.956051 2.742643 2.917524 2.788423 2.931099 2.817811 1.192949 2.680666 2.931295 2.506808 2.050791 2.976639 2.932377 2.506147 2.930639 2.784339 2.856026 2.745094 2.844475 2.803341 2.831242 2.873337 2.407790 2.829058 2.829058 2.792640 2.714806 2.907557 2.873288 2.785250 2.822343 2.727181 2.824345 2.758196 2.753111 2.836164 2.860598 2.927736 1.983278 2.750376 1.970004 2.932673 2.792084 2.796741 2.722939 2.630145 2.736316 2.832068 2.756375 2.413370 2.059375 2.516318 2.099436 2.348787 2.808508 2.936003 2.770109 2.756124 2.907557 2.426609
2.786916 2.723969 2.924811 2.951982 2.792507 2.865479 2.132397 2.726297 1.491186 2.791826 2.936890 2.730452 1.831441 2.259184 2.490036 2.745159 2.758196 2.499412 2.868090 2.526383 2.755022 2.755022 2.423587 2.740247 2.736759 2.842610 2.754402 2.840729 2.829058 2.987662 2.714806 2.840729 2.755022 2.755022 2.829058 2.806249 2.779418 2.754279 2.716563 2.801825 2.927736 2.829792 2.853113 1.192949 2.753748 2.754153 1.401715 1.401715 1.192949 2.800548 2.723969 2.869770 2.737918 2.826277 2.516318 2.822682 2.084777 2.280015 2.741869 2.948874 2.749564 2.965313 2.890204
2.821387 2.765874 2.736759 2.728870 2.926322 2.954444 2.896374 2.750020 2.932435 2.437049 2.818834 2.818834 1.886953 2.491204 2.469843 2.801401 2.735432 2.825383 2.842590 2.526383 2.475384 2.755022 2.829058 2.897573 2.717732 2.874550 2.754402 2.910389 2.727181 2.024582 2.865673 2.932360 2.791826 2.755022 2.409317 2.456504 2.494148 2.826749 1.685041 1.685041 2.957070 2.750020 2.750020 2.927837 2.752893 2.820407 1.610481 1.192949 2.776499 2.734799 2.943326 2.914528 2.789405 2.971454 2.504191 2.896374 2.799444 2.450214 2.716563 2.870978 2.837585 2.434253 1.948659
2.710473 2.855666 2.731927 2.720430 2.720430 2.743737 2.860554 2.752839 2.262373 1.985230 2.070042 1.676581 1.886953 2.438505 2.491204 2.813121 2.260901 2.736316 2.485683 2.485683 2.848787 2.753324 2.934788 2.950306 2.742370 2.863393 2.849433 2.791826 2.711112 2.870039 2.822893 2.822893 2.752543 2.825387 2.584522 2.383127 2.261305 2.850720 2.536340 2.495092 2.892163 2.751877 2.921025 2.791058 2.859530 2.970497 2.494275 1.192949 2.853113 2.979633 2.777775 2.978229 2.864909 2.808765 2.719898 2.868734 2.813879 2.792111 2.842819 2.842819 2.753324 2.429491 2.761766
2.747077 2.754459 2.743021 2.839850 2.798071 2.789980 2.100296 1.942818 2.438505 1.956444 1.936420 2.261410 2.516318 2.490036 2.490036 2.792421 2.792640 2.791302 2.914262 2.858342 2.863148 2.873288 2.942879 2.987494 2.985459 2.817973 2.930079 2.964310 2.750676 2.750676 2.757051 2.863148 2.860958 2.495092 2.777775 2.844726 2.830798 2.817973 2.755022 2.520357 2.796256 2.978873 2.831242 2.260360 2.859530 2.912661 2.848740 2.978155 2.799605 2.680666 2.911497 2.911497 2.857135 2.853113 2.864640 2.708697 2.371157 1.192949 1.192949 2.639686 1.192949 2.836556 2.864533
2.824527 2.821387 2.658997 2.113061 2.491204 2.439005 2.497503 2.892163 2.429662 1.978407 2.490036 2.415453 2.314937 2.758196 2.852184 2.858691 2.865585 2.750234 2.788423 2.944297 2.749564 2.982124 2.815761 2.987494 2.928376 2.897573 2.732963 2.723969 2.850668 2.931940 2.757051 2.728458 2.743866 2.755022 2.853855 2.789900 2.755022 2.817973 2.797478 2.726742 2.496443 2.258598 2.748513 2.748513 1.798302 2.787595 2.933533 2.752833 2.932377 2.757633 2.789405 2.987822 2.779000 2.940782 2.750676 2.680666 1.192949 1.192949 1.192949 1.192949 2.936459 2.761766 2.746278
2.871337 2.826819 2.658997 2.262243 2.005354 1.769830 1.862004 2.401994 2.401994 2.779418 2.951222 2.736752 2.824320 2.333453 2.712184 2.987662 2.865585 2.809152 2.709495 2.944297 2.756706 2.976639 2.978873 2.939208 2.932360 2.719359 2.904977 2.754551 2.955432 2.857135 2.914262 2.789328 2.811838 2.829058 2.932529 2.932529 2.785250 2.840090 2.843694 2.730452 2.749784 2.844974 2.987494 2.976639 2.844726 2.967572 2.788958 2.734799 2.976639 2.490703 1.990833 2.261269 2.924604 2.865272 1.908719 1.312244 2.680666 1.789424 2.921025 1.192949 2.833700 2.761766 2.715399
2.801205 2.931916 2.483425 2.262504 2.793515 2.393237 2.839339 2.837008 2.932328 2.831812 2.261481 2.789620 2.792421 2.754479 2.932377 2.745094 2.788713 2.832483 2.928571 2.931295 2.949631 2.723195 2.731568 2.932160 2.729983 2.792687 2.919988 2.835641 2.835641 2.786916 2.792594 2.779592 2.808765 2.753952 2.787595 2.933533 2.792640 2.771334 2.947947 2.944297 2.853022 2.828560 2.740662 2.765259 2.787595 2.792084 2.933533 2.435678 2.976639 2.091176 1.961205 2.822682 2.925624 2.987662 2.978944 2.978944 1.192949 2.836556 2.742000 2.504414 1.192949 2.087661 2.963054
2.873169 1.924960 1.942281 2.802375 2.917782 2.839446 2.751507 2.967572 2.820407 2.753952 2.985063 2.857135 2.922466 2.779592 2.864533 2.761766 2.479199 2.978873 2.949631 2.911624 2.920087 2.854426 2.824345 2.925950 2.748804 2.871265 2.980296 2.932360 2.912842 2.931656 2.735432 2.932697 2.969513 2.751877 2.787595 2.892769 2.978873 2.755022 2.752386 2.840090 2.871337 2.828560 2.918907 2.729275 2.817144 2.742643 2.750695 2.061106 2.061106 2.853855 2.491806 2.439424 2.960165 2.861588 2.794432 2.797123 2.951222 2.132397 1.192949 2.756158 1.192949 2.751533 2.892769
2.084048 1.890946 2.748233 2.715399 2.754367 2.729275 2.751507 2.879774 2.924604 2.954122 2.853113 2.792651 2.792651 2.851417 2.899310 2.830366 2.516932 2.792594 2.910645 2.867051 2.920087 1.819248 2.958295 1.371892 2.865204 2.757051 2.974253 2.982066 2.738527 2.927272 2.853846 2.914651 2.971454 2.791826 2.904977 2.194901 2.949631 2.661851 2.422321 2.471990 2.471990 2.462877 2.836016 2.851563 2.735563 2.763538 2.030959 2.947070 2.924604 2.892769 2.814822 2.976639 2.987662 2.864215 2.773078 2.809172 1.192949 1.192949 1.192949 2.865272 1.192949 2.958798 2.792750
1.828874 2.068482 2.748233 2.755444 2.755444 1.550834 1.192949 2.483425 2.987020 2.904977 2.930498 2.987494 2.755518 1.908719 2.861298 2.903303 2.888225 1.491186 1.192949 2.865614 2.850270 1.685041 1.192949 1.192949 2.963170 2.947415 2.918907 2.926033 2.934715 2.955432 2.873474 2.924811 2.924811 2.786519 2.903303 2.959277 2.915515 2.929739 2.437424 2.262493 2.908503 2.938659 2.928376 2.875386 2.738966 2.595687 2.475920 2.823751 2.494547 2.745094 2.748233 2.712095 2.987662 1.431539 2.950438 2.938120 2.759189 1.192949 1.356980 2.865272 2.817811 1.192949 2.741940
2.089105 2.582646 1.992344 2.844726 2.820546 2.823193 2.808171 2.421569 2.789620 2.758196 2.923053 2.787863 2.854426 2.746560 2.844191 2.895791 2.895791 1.192949 1.819248 1.192949 1.207861 1.192949 1.192949 1.192949 1.863983 2.755444 2.734024 2.789620 2.987662 2.929525 2.932360 2.910107 2.803739 2.824835 2.838174 2.717191 2.924604 2.829042 2.437424 2.478856 2.853855 2.801485 2.982625 2.982124 2.882295 2.595687 2.732963 2.716563 2.714806 2.951222 1.356980 2.773246 2.773246 2.879954 2.982680 2.791261 1.192949 1.192949 2.853472 1.192949 1.192949 1.192949 2.899885
2.059503 1.885769 2.761766 2.763538 2.495092 2.414272 2.949631 1.908719 1.819248 2.117485 2.923053 2.865431 2.861792 1.192949 2.982625 2.743934 2.848740 2.848740 1.789424 2.314664 1.729776 2.753748 1.192949 2.689322 1.863983 2.722492 2.831959 2.931328 2.837375 2.932160 2.947947 2.783375 2.814822 2.977487 2.761766 2.743866 2.724448 2.856026 2.437424 2.524378 2.459718 2.750907 2.980931 2.975841 2.975841 1.921749 2.792721 2.791261 2.829058 2.864533 2.865585 2.750376 2.921025 2.542857 1.192949 2.697460 1.192949 2.825801 1.192949 1.192949 1.192949 1.192949 2.771619
1.954904 2.007759 2.748233 2.763538 2.496443 2.822343 2.738966 1.192949 1.192949 1.192949 1.789424 2.985421 1.819248 2.860782 1.192949 1.192949 1.759600 1.192949 2.739936 2.314664 2.855986 1.192949 1.774512 2.730388 2.806700 2.865272 2.854765 2.581466 2.865272 2.753952 2.928376 2.972385 2.756032 2.864533 2.710473 2.932360 2.932360 2.767742 2.438409 2.761766 2.426335 2.703975 2.757920 2.932360 2.897118 2.491204 2.853576 2.934715 2.788028 2.895791 2.882088 2.861588 2.742000 2.813610 2.944418 2.697460 1.192949 2.750073 2.680666 1.938542 1.968366 1.192949 1.192949
2.834696 2.834696 2.377924 2.752451 2.417748 2.484801 2.895791 1.222773 1.849071 1.714864 2.834466 1.192949 1.327156 2.523615 2.964197 1.192949 1.327156 2.661802 1.521010 2.745739 2.724838 2.745739 2.852106 2.784470 2.840518 2.333453 1.192949 1.789424 2.711112 2.711112 2.861006 2.932377 2.890931 2.947947 2.838858 2.856194 2.803739 2.817329 2.748233 2.761766 2.978873 2.904977 2.757920 2.985459 2.931295 2.944297 2.864533 2.784470 2.867799 2.895791 2.864533 2.861588 2.930498 2.850270 2.861588 2.988064 2.988064 1.759600 2.705081 2.791101 1.789424 2.087661 1.192949
2.370774 2.968606 2.741472 2.249146 2.374622 2.827447 2.755444 1.192949 1.714864 2.485254 2.930919 1.923631 1.938542 1.192949 2.964197 2.865677 2.962003 1.983278 1.192949 2.753748 2.781005 2.781005 2.757051 2.859904 2.861298 2.861588 2.958295 2.923053 2.820407 2.978155 2.862983 2.882088 2.439424 2.988073 2.902653 2.725664 2.791261 2.985830 2.715186 2.733295 2.961884 2.827447 2.932360 1.192949 1.744688 2.754479 2.912994 2.987662 2.987662 2.932377 2.757051 2.873337 2.849257 2.978229 1.804336 2.792750 2.504414 2.933533 2.776499 2.932360 2.760495 2.853907 1.685041
2.370774 1.192949 2.439012 2.483425 2.919010 2.941314 2.815142 1.192949 1.192949 2.057837 1.237685 2.803742 2.730388 2.730388 2.715542 2.850270 2.842819 1.804336 1.759600 2.988229 1.192949 1.759600 1.192949 2.883346 2.853113 2.988064 2.987474 2.743934 2.757051 2.987020 2.963170 2.920426 2.735147 2.832483 2.865431 2.911438 2.861588 2.758715 2.898141 2.739217 2.856834 2.856834 2.906627 1.192949 1.237685 1.908719 2.733939 2.771158 2.809172 2.920087 2.756669 2.873288 2.865667 2.806700 2.931328 1.192949 2.901003 2.834928 2.712095 2.732441 2.760495 2.731633 2.788637
2.707177 2.792233 2.261114 2.483991 2.927272 2.927272 2.864533 2.651593 2.747244 1.192949 1.192949 1.625393 1.819248 2.735421 2.865272 1.222773 1.192949 1.491186 1.192949 2.791184 2.927736 1.923631 1.312244 1.192949 1.968366 2.930956 2.860147 2.987662 2.850668 2.931366 2.914262 2.790841 2.954444 2.954444 2.864909 2.922018 2.504414 1.699953 2.847574 2.726297 2.977411 2.873337 2.931328 1.461363 2.789328 2.832304 2.733939 2.375631 2.895791 2.864533 2.853113 2.927051 2.875554 2.806700 2.754721 2.867051 2.959589 2.932637 2.863718 2.844191 2.844191 2.944297 2.978873
2.747418 2.838858 2.431246 1.980523 2.807343 2.894972 2.620238 1.192949 2.757282 1.192949 1.192949 1.192949 1.192949 1.192949 1.192949 1.192949 2.333453 2.666712 2.932701 1.192949 2.747244 1.192949 2.860147 2.742370 1.386803 1.386803 2.853113 2.708697 2.921025 2.901606 2.914262 2.865585 2.754153 2.863148 2.834072 2.757051 2.748804 2.740662 2.802432 2.013102 2.751535 1.327156 2.875554 1.595570 1.192949 2.765259 2.882295 1.871660 2.786916 2.857135 2.806467 2.820407 2.792523 2.792523 2.797608 2.890931 2.789405 2.757335 2.943326 2.985063 2.801825 2.932360 2.855220
2.837008 2.948801 2.485888 2.932377 2.807343 2.788028 2.922345 1.192949 2.967572 2.693456 2.945245 1.192949 2.371157 1.655217 1.192949 1.655217 2.756622 2.756622 1.893807 2.942879 2.737743 2.447057 2.958295 2.927837 2.827762 2.822343 1.943962 2.898141 2.892769 2.929525 2.915515 2.857135 2.738508 2.859530 2.864533 2.680666 2.447057 2.258541 2.870827 2.746560 2.850668 2.701335 1.565746 1.192949 1.192949 1.192949 2.397304 1.884420 1.998990 2.763538 2.750676 2.856194 2.978229 2.916615 2.817811 2.854765 2.858369 2.849257 2.948801 2.787863 2.875386 2.932377 2.867207
2.477961 2.848239 2.406275 2.976639 2.827216 2.929847 2.978944 2.854765 2.951712 2.447057 2.447057 1.192949 1.192949 2.904258 2.639686 2.745739 2.745739 2.868625 2.777467 2.852106 1.416627 2.809587 2.947415 2.780739 2.988227 2.848787 2.844438 2.428302 2.853113 2.800988 2.792523 2.916724 2.512195 2.262221 2.987494 2.842198 2.790886 2.790886 2.770109 2.830684 2.928376 2.884177 2.750376 1.282420 2.987679 2.806700 1.892827 2.261481 2.786916 2.946169 2.750676 2.680666 2.827447 2.746560 2.931366 2.948801 2.748233 2.849257 1.192949 2.844191 2.787863 2.797608 2.830520
2.841953 2.984595 2.984595 2.507848 2.924604 1.892653 2.428850 2.895791 2.941314 2.859215 1.192949 1.327156 1.192949 2.562141 2.732969 2.447057 2.756158 2.806700 2.117485 2.987662 2.888225 2.917782 2.853113 2.737058 2.987494 2.074233 2.488108 2.987494 2.958798 2.958798 2.983209 2.922018 2.930539 2.370774 2.797478 2.919010 2.928376 2.027000 1.908957 2.786916 2.987494 2.782360 2.922109 2.797608 2.788637 2.796171 1.958485 2.910645 2.987494 2.899310 2.787863 1.192949 1.222773 2.853576 1.968366 2.766420 2.912965 2.912965 1.192949 2.864992 2.947415 1.521010 2.987679
2.790112 2.490703 2.816499 2.515442 2.379819 2.440473 2.745094 2.968503 2.941314 2.875554 1.998190 1.192949 1.192949 1.192949 2.087661 2.447057 2.721868 2.879954 2.987662 2.966511 2.955770 2.951222 2.951222 2.967572 2.984189 2.792523 2.786519 2.791489 2.985459 2.707819 2.901003 2.843958 2.761766 1.976665 2.987494 2.842590 2.976639 2.761766 2.809152 2.786916 2.904977 2.715186 2.969513 2.929525 2.335253 2.868378 2.929847 2.046847 2.932529 2.932529 2.752893 1.327156 1.192949 1.192949 1.192949 2.701335 2.735421 2.735421 2.751535 2.013102 2.849157 1.461363 2.792727
2.978873 2.490703 2.844438 1.919034 2.417748 2.742135 2.752451 2.418861 2.896374 2.781005 1.192949 1.192949 1.192949 2.117485 2.117485 2.747414 2.748804 1.893807 2.757303 2.865272 2.987662 2.951222 2.724767 2.719359 2.985063 2.843424 2.988199 2.884177 2.906627 2.927837 2.941314 2.635961 2.839339 2.901393 2.837585 2.959589 2.016201 2.061405 2.421544 2.764805 2.926392 2.926392 2.931656 2.493454 1.811352 1.998990 1.864209 2.715186 2.788704 2.868625 2.892096 2.791664 2.806700 2.855986 1.192949 2.856194 2.750676 2.685059 2.849157 1.192949 1.506098 1.461363 1.192949
2.735432 2.731203 2.753744 1.919034 2.879774 2.758317 2.758317 2.719359 2.260764 2.861588 2.862507 2.724838 2.721868 1.192949 2.102573 2.864992 1.192949 2.904258 1.342068 2.713601 2.964310 2.926322 2.719359 2.719359 2.726297 2.792523 2.426048 2.925950 2.932360 2.932721 2.787595 1.811809 2.745159 2.901393 2.978873 2.085506 2.987494 1.811809 2.898141 2.941314 2.714806 2.932360 2.982066 2.077783 2.262221 2.427906 2.809152 2.053715 2.861588 2.875554 2.739936 2.754660 2.661802 2.689322 2.930919 2.750676 2.737743 2.697460 2.806700 2.745555 1.297332 1.297332 2.447057
