Example_Watersheds/WA_MashelWatershed/DataInputs/o_3_ChemistryPools/Mashel_1990_Pools/DOC_Pool_4.asc
ncols         923
nrows         455
xllcorner     550005.67551598
yllcorner     5180549.8134422
cellsize      30
NODATA_value  -9999
[rows 252 to 279 of 455, columns 756 to 818 of 923]
0.091273 0.089106 0.089814 0.092308 0.099561 0.088333 0.092062 0.070875 0.086775 0.056696 0.087011 0.056696 0.053409 0.069408 0.052958 0.092063 0.088476 0.088612 0.091862 0.089675 0.077478 0.087132 0.089916 0.089916 0.088476 0.084468 0.056095 0.089899 0.074608 0.088183 0.070253 0.060109 0.088072 0.086979 0.071211 0.092058 0.071928 0.089227 0.088640 0.099616 0.088464 0.095403 0.092207 0.094805 0.092069 0.089285 0.095139 0.041581 0.050417 0.048338 0.042076 0.042076 0.099255 0.099351 0.099596 0.045739 0.096161 0.096499 0.093182 0.041581 0.041581 0.041581 0.077952
0.070028 0.079387 0.090028 0.097507 0.097755 0.091913 0.092062 0.088804 0.088578 0.062259 0.062259 0.086575 0.089265 0.069408 0.089289 0.097395 0.097395 0.098124 0.089255 0.075638 0.088566 0.088525 0.088107 0.091625 0.088130 0.087655 0.080899 0.068144 0.070649 0.070124 0.090040 0.066192 0.076308 0.091936 0.092058 0.089891 0.099252 0.089840 0.097908 0.098311 0.093724 0.086344 0.097908 0.097908 0.088130 0.091701 0.096249 0.098369 0.049897 0.092336 0.042101 0.093441 0.098292 0.096616 0.093747 0.073806 0.092978 0.093661 0.067049 0.041581 0.041581 0.041581 0.093604
0.067429 0.057775 0.098385 0.096464 0.097908 0.088228 0.097412 0.096016 0.096016 0.089598 0.088457 0.086523 0.090039 0.088548 0.088377 0.089761 0.099621 0.088561 0.088495 0.069644 0.090024 0.052886 0.086942 0.088578 0.085718 0.088427 0.088858 0.093085 0.053939 0.089899 0.070880 0.074817 0.084699 0.088476 0.099252 0.076042 0.086979 0.074309 0.091968 0.088700 0.089861 0.064590 0.088564 0.099612 0.097819 0.083522 0.051839 0.097794 0.093626 0.098196 0.092852 0.097466 0.098292 0.093386 0.093062 0.091706 0.090634 0.097736 0.096678 0.041581 0.096699 0.041581 0.094003
0.070653 0.091701 0.097854 0.096724 0.099413 0.089177 0.089950 0.090225 0.098276 0.088544 0.089761 0.089785 0.098351 0.069891 0.092073 0.099482 0.097979 0.088469 0.089838 0.077350 0.074608 0.067572 0.088906 0.086942 0.070364 0.089256 0.088473 0.086056 0.088303 0.089623 0.069172 0.090040 0.057775 0.051806 0.071008 0.092063 0.089970 0.099141 0.091968 0.053971 0.088133 0.089245 0.082094 0.094155 0.092207 0.083522 0.053901 0.087576 0.089267 0.096323 0.051976 0.072247 0.088740 0.099616 0.062873 0.062873 0.082828 0.093728 0.096683 0.094232 0.055095 0.041581 0.041581
0.086180 0.099141 0.098219 0.088883 0.091818 0.093179 0.098124 0.098124 0.098071 0.099621 0.089761 0.088495 0.093364 0.089963 0.070022 0.097782 0.088474 0.088469 0.087152 0.088475 0.088475 0.089942 0.056760 0.087973 0.052886 0.089256 0.089274 0.088215 0.090036 0.077669 0.080806 0.088991 0.089899 0.069704 0.090040 0.091644 0.097854 0.088578 0.089930 0.061932 0.052125 0.091273 0.089878 0.062782 0.098761 0.089579 0.061117 0.061117 0.088349 0.096249 0.057693 0.061332 0.053535 0.096311 0.093122 0.098373 0.041581 0.095227 0.096717 0.095971 0.090963 0.042101 0.050417
0.097395 0.090611 0.097979 0.088883 0.097630 0.092054 0.097412 0.098351 0.099514 0.098375 0.097449 0.098360 0.098360 0.092062 0.099141 0.080713 0.089856 0.089930 0.089393 0.089970 0.090537 0.088776 0.085239 0.088619 0.062967 0.088367 0.088427 0.088410 0.070364 0.072522 0.052886 0.041904 0.069172 0.089899 0.092073 0.089303 0.096438 0.088149 0.090717 0.050103 0.050103 0.058648 0.056203 0.064590 0.092060 0.088194 0.096973 0.098393 0.087576 0.099540 0.093756 0.091972 0.059772 0.090963 0.079165 0.096699 0.041581 0.041581 0.087761 0.091972 0.092219 0.041581 0.058733
0.090462 0.089471 0.091644 0.097798 0.099466 0.099466 0.097568 0.091958 0.098556 0.099467 0.098951 0.097755 0.099608 0.088500 0.090951 0.088411 0.098325 0.097223 0.089749 0.062297 0.088978 0.091133 0.089001 0.067572 0.089171 0.088367 0.088427 0.088215 0.065866 0.088545 0.062343 0.055254 0.070302 0.073326 0.072813 0.050103 0.089899 0.091986 0.098415 0.055001 0.045391 0.053933 0.056203 0.089245 0.089604 0.098725 0.041581 0.061117 0.099170 0.099540 0.096639 0.093409 0.099325 0.094660 0.095554 0.098336 0.041581 0.041581 0.041581 0.041581 0.058213 0.041581 0.041581
0.062735 0.055128 0.044540 0.088559 0.063411 0.092037 0.097568 0.089814 0.090205 0.092606 0.098274 0.096106 0.098274 0.096080 0.096080 0.087919 0.099622 0.098384 0.087966 0.093364 0.088464 0.091133 0.070293 0.067572 0.067572 0.089361 0.089892 0.070364 0.065866 0.093179 0.088012 0.070574 0.090468 0.088463 0.098552 0.088477 0.087797 0.092058 0.086690 0.082455 0.067140 0.089930 0.075706 0.059567 0.088368 0.096049 0.093780 0.089986 0.096733 0.083784 0.089280 0.070079 0.070079 0.086562 0.099550 0.091841 0.093747 0.074326 0.089626 0.093514 0.061851 0.052496 0.041581
0.062735 0.070237 0.083959 0.063122 0.097501 0.096731 0.095989 0.089814 0.099608 0.092606 0.092308 0.099514 0.098188 0.096106 0.096080 0.098226 0.073987 0.073987 0.089749 0.097880 0.090430 0.092056 0.091683 0.097669 0.069805 0.064250 0.088303 0.053768 0.056696 0.093179 0.088378 0.086706 0.088376 0.088215 0.089562 0.088367 0.088474 0.074151 0.089288 0.093724 0.088457 0.054064 0.041904 0.089821 0.089821 0.055001 0.094805 0.069959 0.096205 0.098512 0.086507 0.096249 0.075093 0.096733 0.098261 0.084671 0.053016 0.093543 0.062891 0.049897 0.061851 0.041581 0.041581
0.088374 0.070237 0.088171 0.063122 0.063122 0.097617 0.088447 0.098384 0.090500 0.090500 0.092606 0.086549 0.092556 0.093704 0.097922 0.098071 0.096563 0.087021 0.091273 0.096563 0.098311 0.094883 0.095545 0.039944 0.062888 0.062797 0.069990 0.051777 0.072064 0.092073 0.099561 0.091833 0.088376 0.089289 0.089977 0.090038 0.062259 0.091473 0.089502 0.090185 0.088471 0.091044 0.047856 0.098124 0.070005 0.097096 0.094805 0.099562 0.098219 0.091426 0.099466 0.087576 0.096733 0.096733 0.096311 0.097794 0.096475 0.096355 0.044699 0.041581 0.062891 0.042101 0.041581
0.088111 0.090633 0.088316 0.070083 0.070341 0.089942 0.098467 0.072766 0.088819 0.088228 0.092606 0.097590 0.094567 0.089418 0.096106 0.096263 0.088435 0.098351 0.097412 0.099083 0.094155 0.088464 0.088225 0.049628 0.048153 0.062797 0.041904 0.053755 0.053755 0.055368 0.088378 0.088376 0.088376 0.054090 0.062259 0.089289 0.089287 0.078047 0.088537 0.088367 0.091968 0.089814 0.090281 0.056760 0.053470 0.074139 0.097617 0.092058 0.097432 0.098297 0.090263 0.088460 0.088468 0.090139 0.086523 0.089290 0.089290 0.091706 0.091706 0.093562 0.041581 0.079165 0.041581
0.094859 0.099173 0.088346 0.047862 0.070341 0.075161 0.095842 0.041581 0.097908 0.099467 0.098385 0.097590 0.096161 0.092703 0.096106 0.088525 0.091947 0.099015 0.097412 0.097412 0.099430 0.099430 0.098047 0.095545 0.088120 0.034381 0.069408 0.077478 0.041904 0.088586 0.096205 0.091833 0.089256 0.053768 0.089174 0.088376 0.069172 0.088548 0.089487 0.089502 0.091787 0.092703 0.091401 0.067572 0.071155 0.089633 0.065021 0.068994 0.068994 0.090080 0.098842 0.089814 0.082094 0.089706 0.070194 0.089267 0.097955 0.063411 0.082828 0.093543 0.055614 0.079165 0.041581
0.097412 0.089637 0.063759 0.053722 0.053485 0.071573 0.089313 0.088819 0.097906 0.097696 0.099619 0.099619 0.096205 0.096205 0.098327 0.066529 0.085150 0.088465 0.088477 0.085239 0.088541 0.088516 0.089532 0.091562 0.078808 0.065306 0.070108 0.074098 0.089930 0.089108 0.092073 0.088376 0.065776 0.055368 0.088324 0.088378 0.088427 0.089174 0.089290 0.088786 0.089287 0.086627 0.089502 0.089502 0.088385 0.089502 0.089814 0.086496 0.089663 0.099499 0.098842 0.091968 0.091351 0.061117 0.070341 0.090035 0.089232 0.063411 0.041581 0.093543 0.044699 0.041581 0.041581
0.098879 0.089459 0.047974 0.063759 0.086601 0.086507 0.065495 0.071573 0.052741 0.093321 0.098384 0.099619 0.099619 0.097568 0.089377 0.093255 0.092757 0.071141 0.089058 0.073189 0.098383 0.097412 0.097963 0.098163 0.088474 0.072751 0.044463 0.070762 0.086942 0.089108 0.088378 0.089930 0.066539 0.069256 0.089284 0.088378 0.088376 0.088378 0.088378 0.089440 0.088378 0.088376 0.089502 0.089502 0.089788 0.067572 0.089500 0.091683 0.088476 0.088206 0.089941 0.089916 0.088476 0.055001 0.093812 0.091351 0.096563 0.041581 0.089545 0.056798 0.056798 0.095703 0.044699
0.098369 0.096478 0.088469 0.070426 0.063759 0.086627 0.071573 0.089924 0.052741 0.097412 0.089484 0.088664 0.091818 0.096786 0.097568 0.093255 0.098507 0.093272 0.096732 0.088477 0.098188 0.049377 0.097963 0.050764 0.055254 0.055254 0.053783 0.054823 0.054018 0.047856 0.088378 0.099561 0.088586 0.088378 0.088376 0.088378 0.088427 0.088376 0.089174 0.086924 0.088378 0.089891 0.089287 0.088786 0.089161 0.089788 0.089312 0.089838 0.088410 0.076308 0.089891 0.098136 0.098136 0.088495 0.098190 0.095885 0.096145 0.096267 0.099552 0.099432 0.096616 0.086523 0.098336
0.067429 0.096478 0.098386 0.091644 0.044540 0.076308 0.062605 0.070237 0.097798 0.096106 0.096676 0.099393 0.088389 0.090040 0.098385 0.096697 0.098347 0.098347 0.099616 0.088392 0.089761 0.098393 0.089579 0.086902 0.088680 0.047701 0.047798 0.071573 0.053783 0.050103 0.091683 0.091664 0.088453 0.088378 0.088376 0.088215 0.088376 0.065595 0.089362 0.088378 0.089174 0.088378 0.088432 0.088786 0.091013 0.091013 0.088377 0.088476 0.088378 0.086929 0.070178 0.090040 0.088511 0.095545 0.098190 0.096205 0.091706 0.099512 0.054055 0.079773 0.071727 0.086523 0.098216
0.095951 0.098219 0.099608 0.097854 0.068639 0.063759 0.069482 0.044540 0.092065 0.093383 0.093383 0.098384 0.092106 0.088551 0.099608 0.089712 0.098842 0.092606 0.086627 0.093085 0.099141 0.092040 0.088776 0.098049 0.040611 0.063261 0.057712 0.053783 0.044463 0.047997 0.063461 0.058648 0.069497 0.088378 0.088435 0.088378 0.089440 0.088378 0.088378 0.091473 0.088378 0.088378 0.089440 0.089287 0.089663 0.091044 0.091818 0.088476 0.091683 0.088454 0.088472 0.097507 0.094647 0.099467 0.098467 0.096893 0.091274 0.083441 0.097395 0.093464 0.064450 0.093739 0.097395
0.086097 0.097819 0.089047 0.097432 0.062888 0.074399 0.070506 0.070506 0.072354 0.096709 0.092556 0.088776 0.092106 0.088249 0.099467 0.089889 0.096263 0.090951 0.090576 0.093085 0.088906 0.090038 0.099622 0.057649 0.071044 0.029826 0.057712 0.037292 0.067047 0.067047 0.028353 0.069821 0.074333 0.090633 0.095684 0.088435 0.088378 0.088435 0.088378 0.088376 0.088378 0.088378 0.089312 0.080338 0.088558 0.089221 0.084971 0.088377 0.068357 0.090500 0.088377 0.091450 0.097287 0.099393 0.098982 0.089284 0.096591 0.096591 0.090963 0.095396 0.099616 0.096355 0.095227
0.052886 0.086014 0.062888 0.092028 0.095819 0.074399 0.037900 0.053933 0.092073 0.096733 0.098117 0.097568 0.096639 0.089255 0.097908 0.092025 0.092941 0.089579 0.093348 0.092063 0.088906 0.089459 0.089459 0.061175 0.069672 0.072751 0.053185 0.047489 0.067047 0.056568 0.045775 0.070210 0.047997 0.089263 0.089840 0.089502 0.088435 0.088378 0.088378 0.088378 0.092073 0.092073 0.089621 0.088215 0.091326 0.089515 0.088699 0.088558 0.065776 0.065776 0.088377 0.095615 0.095615 0.099603 0.093464 0.089906 0.090035 0.095752 0.090963 0.096161 0.098379 0.088838 0.069672
0.055368 0.065866 0.097711 0.086640 0.088780 0.041849 0.042788 0.037877 0.085106 0.096639 0.088371 0.067049 0.097495 0.087778 0.087778 0.096205 0.042620 0.092941 0.096770 0.054797 0.074006 0.074399 0.089255 0.041904 0.049628 0.048153 0.051569 0.088570 0.041882 0.048002 0.062766 0.091133 0.053129 0.091351 0.091351 0.088454 0.088469 0.088378 0.088435 0.089982 0.092073 0.088378 0.092073 0.089502 0.088525 0.089249 0.088378 0.092037 0.096620 0.089161 0.088469 0.095615 0.093562 0.091351 0.091299 0.078047 0.088506 0.073189 0.097888 0.098804 0.089292 0.037835 0.089290
0.085106 0.090032 0.097412 0.091787 0.062888 0.092058 0.052704 0.053722 0.070350 0.099372 0.098369 0.088776 0.088453 0.096297 0.097357 0.095703 0.042620 0.091803 0.090200 0.062820 0.063709 0.089907 0.049628 0.041904 0.058648 0.053768 0.053083 0.069477 0.052919 0.051756 0.062766 0.048146 0.069293 0.096249 0.089559 0.074117 0.088333 0.088762 0.088430 0.088469 0.089108 0.091664 0.089245 0.089245 0.089245 0.091584 0.088972 0.089968 0.088286 0.089675 0.090031 0.093762 0.069754 0.095615 0.093812 0.089083 0.089065 0.073189 0.047530 0.088263 0.037810 0.037810 0.088506
0.099048 0.096385 0.096249 0.098947 0.093364 0.088612 0.093364 0.088760 0.091644 0.099372 0.088928 0.088563 0.088470 0.088853 0.081455 0.097944 0.093704 0.041581 0.090576 0.041214 0.067429 0.041904 0.070875 0.041904 0.055368 0.041904 0.041904 0.056018 0.088599 0.041904 0.063016 0.089286 0.074139 0.070373 0.049192 0.083610 0.089916 0.088430 0.090430 0.089108 0.091562 0.088404 0.088404 0.088249 0.091584 0.092037 0.089440 0.089108 0.090468 0.061700 0.097827 0.062546 0.090752 0.090752 0.089440 0.088357 0.088538 0.097357 0.051880 0.067716 0.053888 0.015866 0.088506
0.090611 0.096079 0.097369 0.094239 0.064830 0.089532 0.093364 0.093364 0.090820 0.088497 0.096323 0.089691 0.089691 0.098124 0.087173 0.098725 0.092058 0.095630 0.095630 0.099616 0.098025 0.088484 0.099225 0.051777 0.043690 0.089356 0.086665 0.053768 0.055368 0.088675 0.047961 0.090786 0.065985 0.087730 0.062504 0.047559 0.086588 0.090263 0.088699 0.097908 0.091133 0.088404 0.097339 0.089177 0.088404 0.095475 0.095475 0.088662 0.089440 0.098556 0.092045 0.053755 0.047997 0.089108 0.089010 0.088357 0.097617 0.096572 0.091013 0.070931 0.053030 0.043996 0.089693
0.072001 0.071256 0.090041 0.091401 0.097145 0.097955 0.072189 0.093364 0.089532 0.096624 0.098188 0.099580 0.099448 0.099571 0.096106 0.087142 0.098047 0.096676 0.097746 0.090500 0.098025 0.088474 0.088367 0.086426 0.057460 0.070388 0.064830 0.053768 0.053768 0.069795 0.089093 0.098190 0.088483 0.052043 0.062504 0.069897 0.099622 0.093464 0.092659 0.093516 0.097854 0.098467 0.099083 0.097339 0.088404 0.098340 0.089761 0.096506 0.089936 0.097798 0.091901 0.070552 0.074406 0.099621 0.099430 0.097549 0.098108 0.096532 0.099482 0.097557 0.047386 0.075975 0.095630
0.098240 0.089899 0.088052 0.089761 0.091754 0.068427 0.058089 0.070341 0.092073 0.096624 0.096106 0.098025 0.098415 0.099571 0.096106 0.096770 0.098297 0.088450 0.088447 0.091947 0.069704 0.088579 0.072313 0.056480 0.089267 0.051859 0.074333 0.060822 0.074886 0.053850 0.053850 0.089116 0.091787 0.096447 0.061117 0.091947 0.099198 0.098386 0.041581 0.045739 0.094451 0.097819 0.097987 0.099430 0.097339 0.097696 0.098379 0.098019 0.090500 0.093762 0.097677 0.056396 0.089373 0.098386 0.090225 0.099083 0.098684 0.097495 0.097495 0.093255 0.099499 0.089221 0.098255
0.049897 0.095615 0.088931 0.072735 0.053912 0.054167 0.047535 0.094239 0.088333 0.088333 0.095035 0.098358 0.092054 0.099589 0.088447 0.096724 0.089272 0.091274 0.093675 0.094405 0.091701 0.096249 0.096249 0.069027 0.053912 0.042493 0.070875 0.058648 0.074333 0.070237 0.089621 0.092067 0.089989 0.088815 0.095885 0.094451 0.082828 0.061332 0.042620 0.088467 0.097755 0.098311 0.097819 0.088456 0.096205 0.097696 0.097617 0.098379 0.098875 0.093272 0.093272 0.069891 0.047596 0.092025 0.098638 0.091848 0.091013 0.097282 0.098018 0.093255 0.093409 0.041581 0.048338
0.093780 0.062888 0.062888 0.077795 0.041904 0.089007 0.084699 0.089408 0.090281 0.088568 0.098379 0.090982 0.098049 0.096297 0.092986 0.092986 0.090752 0.096733 0.094451 0.097746 0.098373 0.066908 0.056722 0.069027 0.053912 0.057712 0.061117 0.053859 0.057901 0.090040 0.089312 0.092067 0.089312 0.096143 0.097465 0.055095 0.088752 0.096355 0.042620 0.041581 0.096311 0.098373 0.090384 0.098108 0.098311 0.090159 0.089108 0.089656 0.096563 0.091875 0.090041 0.053755 0.065595 0.089108 0.088469 0.088463 0.091299 0.097282 0.096401 0.089691 0.099466 0.082828 0.041581
0.082828 0.062888 0.092074 0.077795 0.090744 0.098373 0.089143 0.091754 0.088333 0.069406 0.099608 0.098915 0.096106 0.088475 0.097412 0.098212 0.091719 0.096733 0.096385 0.098373 0.097602 0.070293 0.070426 0.056546 0.038854 0.068861 0.054091 0.047856 0.070842 0.088410 0.088570 0.088378 0.089312 0.088471 0.088471 0.099252 0.096161 0.089299 0.098308 0.096243 0.086601 0.098261 0.089377 0.095684 0.089274 0.089656 0.089010 0.089440 0.092073 0.091044 0.088389 0.077028 0.047856 0.072001 0.089936 0.089102 0.097908 0.099467 0.096665 0.096090 0.097906 0.096355 0.096355
