Example_Watersheds/WA_MashelWatershed/DataInputs/o_3_ChemistryPools/Mashel_1990_Pools/DOC_Pool_3.asc
ncols         923
nrows         455
xllcorner     550005.67551598
yllcorner     5180549.8134422
cellsize      30
NODATA_value  -9999
[rows 0 to 27 of 455, columns 756 to 818 of 923]
2.827758 2.988203 2.258541 2.932673 2.447868 2.085992 2.075125 1.941743 2.480363 1.192949 1.192949 1.192949 2.084819 1.992513 2.261231 2.084819 2.419136 1.946539 1.976130 1.976130 1.941743 1.941743 2.262451 2.072855 1.884497 2.478280 1.948659 1.900464 2.008962 2.427906 2.076147 1.905766 2.084819 2.754279 2.862368 2.433275 2.097176 2.757633 2.940421 2.262510 2.478803 1.954261 2.860598 1.920745 2.852184 2.478839 2.693456 1.192949 1.192949 1.192949 1.192949 2.735563 2.836753 2.436389 2.731633 1.944955 2.375150 2.906609 2.836132 2.788303 2.836753 2.516318 2.756032
2.827758 2.798071 2.974253 2.832483 1.192949 2.480577 2.734024 2.842224 2.432018 2.262504 1.976130 2.417166 1.192949 2.472449 2.140178 2.014993 2.417166 2.430985 2.098920 1.826804 1.992513 1.941743 2.415160 2.072855 2.266597 2.854539 1.909891 2.432776 1.723863 2.052201 2.076147 2.478839 1.961894 2.435090 2.084819 2.971549 2.719359 2.757633 2.833155 1.944746 1.941746 2.471826 1.809669 2.415745 2.816239 2.730452 2.853907 2.861669 1.192949 1.192949 1.535922 1.192949 1.192949 2.928376 2.753869 2.973378 2.758317 2.755314 2.828138 2.845026 2.516318 2.756032 2.754167
1.979272 2.852468 2.974253 2.755679 2.972477 2.972477 2.434253 2.099436 2.082879 2.480543 2.223200 2.256477 1.192949 2.417166 2.344856 2.074544 2.417166 2.443778 2.430985 2.073174 2.107659 2.262451 2.439005 2.005378 2.256477 2.057074 2.063948 1.917136 1.907720 1.840078 1.995035 2.198704 2.427906 2.427906 2.381949 2.867799 1.841460 2.975101 2.712989 2.790659 2.736759 2.113802 2.512262 2.512262 2.922400 2.363348 2.603045 2.982680 2.693456 1.192949 2.390070 2.352285 1.192949 1.192949 2.932529 2.863148 2.258541 2.789620 2.779000 1.946878 1.946878 2.840220 2.410904
2.754479 1.874167 2.001286 1.832886 1.791964 2.262451 1.926993 1.976130 2.421569 2.113061 2.366338 2.113061 2.447868 2.075617 2.262285 2.417166 2.014993 2.055535 2.085992 2.423152 1.940447 2.054773 1.941743 1.883549 2.480363 2.480363 2.844438 2.477125 2.064265 2.261376 2.489664 2.825297 2.438505 2.084819 2.068171 2.259113 2.367823 1.811621 2.424886 2.922345 2.832043 2.924604 2.113061 2.806080 2.787442 1.949194 2.494275 2.814821 2.693456 2.969613 2.701335 1.192949 2.867051 2.867051 2.390070 1.192949 2.786519 1.192949 1.192949 2.028014 2.825383 2.830366 2.410904
2.825027 2.074218 2.379216 2.839590 1.833753 1.830871 2.073095 2.340883 2.260811 2.179598 1.999100 2.306324 2.069985 2.385672 2.265096 1.941743 1.959499 2.416612 2.303436 2.371852 1.976130 2.221329 2.500381 2.500381 2.456504 2.480363 2.571301 2.477125 2.082879 2.261754 2.435678 2.792839 2.323473 2.007496 2.068171 2.263592 2.084819 2.404173 2.434734 2.335253 2.947070 2.924604 2.833155 1.889776 2.820360 2.828593 2.829488 1.680252 2.059375 1.798486 2.515442 2.278533 1.892769 1.891124 2.483475 2.516318 2.503136 2.785250 1.192949 2.863148 2.932529 2.792322 2.936003
2.036861 2.054773 2.056344 2.841717 2.779178 1.722845 2.073095 2.776569 2.440600 2.914071 2.447868 1.891124 2.238081 2.054773 2.845528 2.480363 1.967738 2.413370 2.838138 2.436140 1.976130 2.221329 2.406349 2.470853 2.936740 2.466842 1.961894 2.420754 2.832935 2.262511 2.820360 2.822181 2.482289 2.808249 2.434972 2.434972 2.820360 2.820360 2.064265 2.506808 1.793577 2.975101 2.438409 2.947070 1.813021 2.454735 2.434972 2.817108 1.722845 1.966368 2.068171 1.877466 2.091294 1.926636 1.967282 2.239931 2.820360 2.747953 2.756375 2.778394 2.815667 2.975101 2.781005
2.831649 2.259322 2.259322 2.855285 2.868090 2.932435 1.791121 2.829959 2.221329 2.621378 2.434253 1.850657 2.424736 2.261193 2.266597 1.959499 2.057074 2.364847 2.670378 2.062686 1.192949 2.352676 2.734855 2.676035 2.859497 2.615505 2.085992 2.258674 2.409317 2.409317 2.754167 2.512262 2.748233 2.802754 2.838138 2.820360 2.844974 2.820360 1.946539 2.082586 1.947014 1.980172 2.065270 2.514293 2.984142 2.840490 2.758317 1.963021 2.752451 2.249146 1.891299 2.078395 2.091294 2.905659 1.946539 2.074233 2.103552 2.103552 2.772355 2.831649 2.742643 2.742643 2.754326
2.854559 2.897118 2.835820 2.841362 2.846196 2.846196 2.838858 2.664699 2.481149 2.445357 1.845915 1.917136 2.025843 2.262044 2.073000 2.238081 2.073095 1.940447 2.731633 2.849660 2.988227 2.919708 2.919708 2.485482 2.822893 2.259962 1.961894 2.238081 2.924296 2.467661 2.512262 2.512262 1.890195 2.767999 2.070566 2.839339 2.748233 2.824835 1.946539 1.934893 1.954375 1.849486 1.868392 2.954788 2.924811 2.840490 1.192949 1.883877 2.731927 2.410742 2.074756 2.437049 2.073734 1.942867 2.809129 2.437714 2.439005 1.192949 2.822893 2.408995 2.670378 2.374425 2.742643
2.432145 2.732624 2.806080 2.721068 2.582646 2.873474 2.749044 2.717702 2.789900 2.370062 1.864614 1.898993 2.461284 2.454735 2.754101 2.731346 1.889771 2.370062 2.116602 2.064073 2.818834 1.941743 1.992513 2.261680 2.822893 2.591982 2.615505 2.370062 2.440772 1.926636 2.259588 2.824835 2.905659 2.435209 1.983248 1.767638 2.824835 2.756375 2.809129 2.760796 2.491637 2.491637 2.067418 1.821517 2.072455 2.975101 2.987261 1.868817 2.750571 1.866534 1.865260 1.967370 2.262357 2.470853 2.489664 2.604873 2.557870 1.192949 2.910389 2.497260 2.835169 2.263592 2.717702
2.848138 2.790419 2.822273 2.721068 2.742259 2.496178 2.496178 2.855285 2.820546 2.459849 2.259841 2.443778 2.599374 2.384368 2.114241 2.027000 2.072758 2.073095 2.828593 2.571301 2.259253 1.961894 2.310640 2.653272 2.260856 2.258674 2.557870 2.259390 2.835169 2.072818 2.258674 2.100097 2.879774 2.984142 2.984142 2.481298 2.481298 2.001749 2.839339 2.291795 1.923634 2.260569 2.299087 2.408913 1.930199 2.427906 2.809152 2.735421 2.737243 2.751113 2.096567 1.869908 1.760492 2.507949 2.261443 2.386022 2.557870 2.757222 1.192949 2.410138 2.514593 2.514593 2.480363
2.790419 2.790419 2.457373 2.901841 2.790419 2.782454 1.785620 1.977102 2.857672 2.498859 2.262504 2.259841 2.083645 2.503136 1.976130 2.085992 1.961894 2.850362 2.097176 2.105607 2.480543 1.919984 2.072977 2.434972 2.850720 1.955418 1.955418 2.426904 2.532370 2.095311 2.063212 1.941367 2.245467 2.002091 2.822682 2.262511 2.450391 2.439477 1.974908 2.404173 1.761082 2.076694 2.299087 2.746462 2.557870 2.465542 2.754167 2.932721 2.924811 2.751113 1.192949 2.073039 1.904820 2.049235 2.049235 2.259841 2.056609 1.192949 1.192949 2.850362 1.192949 2.480363 1.976130
2.751113 2.792084 2.747077 2.837825 2.901841 2.840220 2.371852 2.418861 2.415011 2.811838 2.081853 1.891299 1.887965 2.730452 2.851345 2.461445 2.259962 2.897118 2.850752 2.811838 2.812933 2.615505 2.437714 2.423152 1.886877 2.262504 2.258674 2.653272 2.532370 2.427906 2.392801 1.893503 2.072977 2.084819 2.461229 2.262511 2.832935 2.152218 2.606698 2.414569 2.414569 2.340883 2.262511 2.824835 1.965909 2.435837 2.508104 1.926636 2.905659 2.825383 2.841362 2.042926 1.887763 2.504930 2.072986 2.793823 2.506808 1.192949 1.192949 1.192949 1.192949 2.434253 2.478280
2.751113 2.746278 2.762659 2.790419 2.753324 2.832893 1.904820 2.418861 2.841717 2.715186 2.715186 2.434495 2.107659 2.084819 2.563652 2.477097 2.707177 2.841717 2.493281 1.892653 2.557870 2.900882 2.352676 2.085992 2.256477 2.060052 2.084819 2.259588 2.414569 2.074059 2.299087 2.414569 2.427906 2.485683 1.977538 2.260360 2.260413 2.653272 2.653272 2.846196 1.950756 2.653272 2.512262 2.442189 2.843834 2.434972 2.467661 2.370039 2.832935 2.859124 2.458251 2.873337 2.891184 2.258598 2.062686 2.252816 2.864389 2.497334 1.192949 1.192949 1.192949 2.434253 2.850720
2.792721 2.791357 2.340084 2.340084 2.743866 2.812933 2.786167 1.962521 2.037323 2.836387 2.791357 2.420754 2.842819 2.053715 2.486575 2.498876 2.653272 2.653272 2.095311 2.452565 2.850720 2.408995 2.514593 2.825801 2.615505 1.961894 2.262304 2.427906 2.414569 2.427906 2.427906 2.370039 2.357290 2.484556 2.512262 2.440772 2.653272 2.853022 2.853022 2.073000 2.828418 2.095311 2.476272 2.809129 2.748233 1.883877 2.467661 2.219456 2.514293 2.910389 2.505764 2.865431 2.964197 2.258598 2.767999 1.968621 2.850362 2.848239 2.848239 2.371852 1.192949 1.192949 1.192949
2.987662 2.496178 2.661851 2.734024 2.836016 2.837475 2.744818 2.786167 2.023427 2.465656 2.799605 2.809129 2.494001 2.262150 1.833753 2.090928 1.906633 1.791964 2.262243 1.992513 2.582646 2.085992 2.443778 2.014993 2.752451 2.752451 2.850720 1.917453 1.946539 1.776932 2.653272 2.299087 2.357290 2.440617 2.503417 2.478280 2.754167 2.818970 2.792507 2.073000 2.383417 2.415160 2.524378 1.883877 2.832935 2.924467 2.485482 2.881963 2.260080 2.844219 2.759189 2.837008 2.419544 2.921120 1.856137 2.984142 2.406349 2.372969 2.754167 2.635961 2.256477 2.379216 1.192949
2.932435 2.340084 2.790419 2.761578 2.836016 2.791357 2.796491 1.950926 2.868944 2.794257 2.734556 2.809129 2.416324 2.496443 2.073052 2.062686 2.260856 2.512454 2.075549 2.262504 2.062686 1.959499 1.967738 2.014993 2.670378 2.824989 2.868944 2.417183 2.434972 1.941743 1.946539 2.100097 2.198704 2.499412 2.820360 2.820360 2.085992 1.792500 2.723484 2.857664 2.823353 2.731633 2.731633 2.260194 2.060903 2.900882 2.856425 2.707849 2.432145 2.937776 2.789328 2.759189 2.434253 2.481149 2.760495 2.419985 2.984142 2.810084 2.824835 2.923235 2.238081 2.430460 2.366338
2.752053 2.715399 2.830468 2.739914 2.727613 2.853021 2.870305 2.870305 2.475643 2.427468 2.355758 2.375297 2.429122 2.936740 2.452565 2.443778 2.434253 2.262504 1.885525 2.073138 2.412149 2.221329 2.085992 2.085992 2.261410 2.429491 2.860734 2.930639 2.491727 1.192949 2.582646 2.073039 2.512262 2.072110 1.192949 1.192949 1.192949 2.370062 2.883346 2.757222 2.005378 2.722991 2.718261 2.500220 2.408520 2.463387 2.557870 2.408995 2.591982 2.834054 2.789328 2.712370 2.046773 2.320636 1.910975 2.735147 2.791058 2.810084 2.414865 2.834054 2.732624 2.414272 2.414272
2.421544 2.942174 2.831959 2.733295 2.748507 2.867051 2.831649 2.419136 2.746278 2.056358 2.457346 2.481719 2.773078 2.746278 2.612560 2.415453 2.480363 2.447868 2.238081 2.259652 2.064265 2.481120 2.322055 2.506122 2.064265 2.831959 2.404173 2.404173 2.707849 1.192949 1.192949 2.485482 1.917136 2.031956 2.827858 2.830054 1.192949 2.072110 2.839850 2.857542 2.101274 2.852000 2.058609 2.500220 2.801401 2.861315 2.873914 2.751057 2.505007 2.850720 2.907760 2.832935 2.824835 1.940447 2.115421 2.427906 2.439424 1.984691 2.894583 2.947070 2.817108 1.207861 1.192949
2.972385 2.827279 2.901841 2.790419 2.749784 2.752386 2.835820 2.446979 2.746278 2.451119 2.429122 2.429122 2.846259 2.792440 2.670378 2.415453 2.422063 2.256477 1.192949 2.422063 2.914071 1.192949 2.064265 2.486086 2.120146 1.887561 2.818567 2.653272 2.827447 2.491727 1.192949 2.502613 2.789748 2.430691 2.512262 2.741940 1.192949 2.847113 2.951222 2.436389 2.432145 2.043676 2.288863 2.851345 2.792594 2.303436 1.941743 2.256477 2.471826 2.482032 2.897992 2.414839 2.820360 2.824835 2.350347 2.259523 2.855598 2.809152 2.947070 2.791058 2.812400 1.192949 1.192949
2.942879 2.827279 2.833424 2.945245 2.830366 2.791243 2.794802 2.840220 2.848477 2.427906 2.836387 2.836387 2.357290 2.494275 2.747667 2.792440 2.416324 2.388835 2.375297 2.417166 1.192949 2.344856 1.833753 2.486086 2.879774 2.713137 2.414569 2.843958 2.750073 2.005378 2.445357 2.653272 2.414569 1.940730 2.181519 2.879298 2.440617 2.085992 2.381650 2.381650 2.748233 2.816499 2.707177 2.384276 2.323473 2.323473 2.491727 2.484801 2.113061 2.582646 2.271090 2.075339 1.929048 2.414569 2.350347 2.370039 2.409317 2.561729 2.320636 2.865677 2.825383 1.192949 1.893807
2.921025 2.371157 2.829567 2.842863 2.842863 2.715399 2.791357 2.782454 2.866508 2.245467 1.810224 2.357290 2.357290 2.865986 2.905659 2.799605 2.713137 2.897118 2.261603 2.260764 1.192949 1.941743 1.824616 2.414569 2.427906 2.414569 2.809129 2.832935 2.832935 1.917136 2.850720 2.850720 2.832935 2.486086 2.354221 2.847488 2.506122 2.804601 1.961894 2.824835 2.748233 2.712370 2.851345 2.820360 2.493238 2.344064 2.954122 2.484801 2.491727 2.261031 2.843424 2.803341 2.424330 2.260619 1.866965 2.370039 2.506122 2.454735 2.366338 2.366338 2.439215 2.792594 2.865677
2.916613 2.958798 2.757282 2.828138 2.754481 2.719898 2.790419 2.799955 2.488108 1.936909 1.970872 2.427906 2.357290 2.546191 2.580766 2.905659 2.896057 2.848813 2.848477 2.260764 2.430017 2.014993 2.871337 2.434253 1.887207 2.486086 2.486086 2.260668 2.856425 2.820360 2.496443 1.891988 2.434972 2.410274 2.262515 2.486086 2.856425 2.803347 2.850720 2.795216 2.760495 2.707177 2.804874 1.890765 2.073074 2.775318 2.835482 2.838463 2.473976 2.439631 2.761578 2.256477 2.873914 2.081119 1.762635 2.076694 1.736149 2.369699 2.376952 2.392801 2.262504 2.758196 2.820588
2.713137 2.958798 2.986754 2.757425 1.974467 2.719898 2.751113 2.789620 2.758317 2.431326 1.864086 2.494275 2.357290 2.832735 2.635961 2.905659 2.428577 2.427906 2.799605 2.799015 2.459718 2.818834 2.443778 2.434253 2.434253 2.073039 2.260668 2.509453 2.414272 1.935657 1.917707 1.891124 2.064265 2.031956 1.998990 2.477097 2.810525 2.811397 2.382835 2.784887 2.748233 2.754469 2.542263 2.542263 2.380437 2.258674 2.851345 2.951222 2.873337 2.798462 2.798462 2.966511 1.948659 1.933364 1.890567 2.820360 2.824835 2.488274 2.376952 2.084819 2.850362 2.495635 1.951278
2.843151 2.791058 2.958798 2.976639 1.192949 2.285922 2.790419 2.797702 2.797702 2.931099 2.746278 2.115847 2.416612 2.416612 2.635961 2.357290 2.588260 2.357290 2.865986 2.733295 2.477097 2.747667 2.419639 2.825741 2.366338 1.865102 2.072624 2.179598 2.833155 2.064265 2.506808 2.066172 1.681947 1.887561 2.094215 2.094215 2.876283 2.478280 2.369699 2.434972 2.900882 2.351125 2.754101 2.831959 2.380437 1.950756 2.842590 2.707849 2.085992 2.897025 2.806249 2.966511 2.075685 2.210058 2.261642 2.512262 2.754167 2.803341 2.897118 2.358814 1.970310 2.513950 2.238081
2.778399 2.792523 2.958295 2.864215 1.237685 1.192949 2.749784 2.496154 2.790419 2.778399 2.436140 2.428577 2.427906 2.427906 2.635961 2.448547 2.588260 2.428486 2.418861 1.766868 2.427906 2.741869 2.755314 2.825741 2.238081 2.366338 2.073095 2.920629 2.920629 2.179598 2.466214 1.962521 1.977538 2.653272 2.437494 2.512262 2.066367 2.653272 2.494840 2.820360 2.653272 2.094215 2.900882 2.591982 2.850720 2.809129 2.749784 2.803341 2.736752 2.707849 2.951222 2.345645 2.838491 2.850720 2.440772 2.173821 2.259779 2.081119 2.811036 2.260989 2.346433 2.653272 1.950756
2.778399 2.792523 2.958295 1.192949 1.759600 2.981481 2.496178 2.791058 2.833299 2.778399 2.792440 2.023427 2.072110 2.475673 2.072110 2.357290 2.357290 2.418861 1.769830 1.986939 1.891450 2.357290 2.409317 2.782454 2.800892 2.829959 2.091864 2.382835 2.262373 2.413672 2.497829 1.192949 1.968647 2.376625 2.100097 2.409317 2.544229 2.484556 2.886324 2.440772 2.376625 2.478280 2.855169 2.463387 1.883877 2.430691 2.260668 2.260668 2.491727 2.262506 2.354221 2.792343 2.864389 2.604873 2.820360 2.392801 1.955062 2.832935 2.258674 2.057942 1.981836 2.378563 1.950756
2.749291 2.445367 2.958798 2.875554 1.893807 1.192949 2.814490 2.945245 2.945245 2.809648 2.792084 2.427906 2.427906 2.433026 2.357290 2.357290 1.943094 2.494275 1.869236 1.679710 1.858852 2.427906 2.786916 2.778399 2.799605 2.372904 2.512454 2.822850 2.310640 1.967738 2.410590 1.192949 2.259902 2.100097 2.100097 2.499412 2.437494 2.429930 2.440772 2.440772 2.440772 2.481921 2.421569 2.066172 1.886877 2.803341 2.748513 2.873337 2.491727 2.344064 2.497334 2.422321 2.860598 1.927702 2.095311 2.392801 1.891413 2.475384 2.115845 2.266597 1.932416 2.262373 2.773789
1.891608 2.790419 2.873288 2.831350 2.831350 2.792750 2.975101 2.954444 2.469219 2.792523 2.734024 2.844726 2.427906 2.357290 2.416612 2.494275 2.357290 2.072575 1.940730 2.060140 1.858852 2.428577 2.858691 2.809152 2.427906 2.905659 2.898957 2.822850 2.822850 2.832483 2.317791 1.192949 1.192949 1.942559 1.890195 2.512262 2.427906 2.404173 2.760796 2.653272 2.832935 2.850720 2.874129 2.803341 2.485482 2.803341 2.440473 2.947947 1.983968 2.412456 2.937776 2.834765 2.791519 2.707849 2.424330 2.467694 2.443732 1.947683 1.934129 1.768741 2.803341 2.094054 2.073095
