Example_Watersheds/WA_MashelWatershed/DataInputs/o_3_ChemistryPools/Mashel_1990_Pools/DOC_Pool_3.asc
ncols         923
nrows         455
xllcorner     550005.67551598
yllcorner     5180549.8134422
cellsize      30
NODATA_value  -9999
[rows 252 to 279 of 455, columns 63 to 125 of 923]
2.497260 2.497260 2.858768 2.763538 1.192949 2.842889 2.082879 2.810051 1.192949 1.207861 2.576992 2.259390 1.965450 1.965450 1.965450 2.758317 2.934709 2.430691 2.931295 2.794509 2.043676 2.917524 2.932328 2.789022 2.841417 2.789266 2.565570 2.929615 2.862368 2.862368 2.940782 2.853907 2.858912 1.865770 2.075549 2.192996 2.807876 1.192949 2.794802 2.859867 2.778399 2.412488 2.789620 2.417166 2.853846 2.493799 2.914651 2.782454 2.753237 1.192949 1.386803 2.739399 1.834159 1.192949 1.192949 1.192949 1.192949 2.975841 1.192949 1.192949 1.192949 1.192949 1.192949
2.927272 1.416627 1.192949 1.192949 2.754469 2.758147 2.419318 1.192949 2.931940 2.414839 2.059474 2.789022 2.493799 1.965450 1.983248 2.927837 2.495393 2.765259 2.889222 2.803679 2.788423 2.788423 2.780739 2.792507 1.925573 2.967572 2.410274 2.883346 2.877290 2.627228 2.836387 2.827680 2.751113 2.456504 1.965450 1.965450 2.065842 2.074452 2.057414 2.844212 2.792518 2.857664 2.885275 2.749044 2.797123 1.908719 2.942879 2.838138 1.192949 1.192949 1.282420 1.192949 1.192949 1.192949 1.192949 1.192949 1.192949 1.192949 1.192949 1.192949 1.192949 1.192949 1.192949
2.927272 1.476275 1.192949 1.192949 2.864060 1.192949 1.192949 1.192949 2.373940 2.853855 1.747081 2.751113 2.493799 2.493799 2.478803 2.818153 2.723195 2.002091 1.908220 1.851110 2.495393 1.861686 1.833935 1.969642 2.843958 1.934893 1.962203 1.973582 2.852106 2.417748 2.720956 2.824111 2.506147 2.743866 1.953071 2.024827 1.965450 2.922466 1.192949 1.192949 2.734556 2.734556 2.757335 1.192949 2.796491 2.864089 2.600831 2.833299 1.192949 2.898141 1.207861 1.192949 1.192949 1.192949 1.192949 1.192949 1.192949 1.192949 1.192949 1.192949 1.192949 1.192949 2.988203
1.446451 1.192949 1.192949 2.737918 2.967466 1.192949 1.192949 1.192949 2.751113 2.853855 2.720956 2.384840 2.759408 2.372904 2.495393 1.907953 1.731399 1.908220 1.762771 1.908220 1.942559 1.851110 1.944399 1.965450 1.965450 2.493238 1.965450 1.817348 1.908220 2.099436 1.916225 2.831226 2.759408 2.759408 2.476272 2.489595 1.965450 1.965450 2.852000 1.192949 1.192949 1.192949 2.791826 1.192949 1.192949 1.192949 2.600831 1.192949 2.833424 1.192949 1.192949 1.192949 1.192949 1.670129 2.087661 1.640305 2.697460 2.028014 1.192949 1.192949 2.742000 2.748804 1.327156
2.841417 2.954788 1.192949 1.900092 2.415160 2.493799 2.915072 2.707819 2.801825 2.261114 2.736759 1.192949 1.192949 2.024582 1.851110 1.192949 1.731399 1.947455 2.975101 2.412075 2.752053 1.965450 2.931099 2.474104 2.351902 2.351902 2.945930 2.606698 2.740247 2.728458 2.970497 2.121959 1.925573 1.869863 1.851045 2.424592 2.493799 1.965450 1.192949 1.192949 1.192949 1.192949 1.192949 2.862368 1.192949 1.192949 1.192949 1.192949 1.192949 1.192949 1.192949 2.741789 1.222773 1.222773 2.502608 1.192949 2.864215 1.192949 1.192949 1.192949 1.192949 1.327156 1.192949
2.729983 2.827723 1.907953 2.136145 2.415160 2.930631 2.718261 2.829488 2.984595 2.912268 2.787670 1.192949 1.192949 1.192949 2.739936 2.932529 2.753237 2.635961 2.635961 1.887984 2.504930 1.983546 1.942559 2.024634 2.192996 2.744818 2.417166 2.417166 2.970497 1.192949 2.981541 2.988203 1.982699 2.869498 1.979134 1.979134 2.121959 1.965450 2.917859 2.922466 1.897898 2.707819 2.374425 2.068993 1.987821 1.987821 2.832458 2.734052 1.192949 1.506098 1.192949 1.192949 2.601212 2.813975 2.844475 1.521010 1.192949 1.192949 1.192949 2.984189 1.192949 2.494275 2.974166
2.306324 1.836131 1.737241 1.737241 2.259042 2.803679 2.765259 2.759408 2.417166 1.192949 1.192949 1.192949 2.415160 2.417166 2.918987 2.073146 1.893166 1.804217 2.417166 2.073897 1.886342 1.905545 2.072499 2.265096 2.377363 2.111881 1.893166 2.454912 2.584522 2.033468 2.744818 2.756706 1.804336 1.192949 2.751507 1.979134 1.762771 1.965450 1.965450 1.965450 1.965450 1.965450 1.930199 1.966479 1.898539 1.965450 2.082879 2.866603 1.192949 2.960688 1.192949 1.192949 1.192949 1.192949 1.192949 2.953091 1.998190 1.252597 1.192949 2.842819 2.772355 2.377278 2.960809
2.057842 2.495393 2.495393 2.011532 1.886342 2.078971 2.580766 2.261114 2.070363 2.480363 2.429662 2.488435 2.054773 1.905545 1.965450 2.084667 2.493799 2.024518 1.905545 1.998066 2.917859 1.892050 1.948846 1.832681 1.997032 2.072499 1.940447 2.060903 2.054773 2.033468 2.073897 2.024827 2.415160 2.584522 2.487366 2.938104 2.754226 2.721987 2.415160 1.965450 2.312075 2.415160 2.340883 1.820353 2.073231 1.933349 2.198704 2.770870 2.732969 1.192949 1.192949 1.192949 1.192949 1.192949 1.192949 1.192949 1.192949 1.192949 2.367823 1.192949 2.846183 1.945332 1.939025
2.418402 2.415160 2.338480 1.942559 1.908220 2.447868 1.982010 1.948659 2.070363 1.890765 2.024827 1.965450 2.069985 2.418861 2.054773 2.084667 2.792745 1.962938 2.488274 2.839850 2.715399 2.426620 2.426620 2.431246 2.806090 2.731346 2.435444 2.874129 2.014983 2.014993 2.734251 2.472449 2.430196 2.068855 1.893166 2.417166 1.192949 1.192949 1.192949 2.262513 1.965450 2.415160 2.024827 2.074296 2.034143 1.942559 1.968647 2.259457 1.192949 1.192949 1.192949 1.192949 1.192949 1.192949 1.192949 2.823353 2.847964 2.522370 2.280015 2.914262 1.846992 1.945332 2.123953
2.351902 2.415160 2.075410 1.998066 1.965450 2.780434 2.417166 1.965450 2.370774 2.751113 2.751113 2.420488 1.979272 2.792745 2.792745 2.340883 2.368228 2.948874 2.948874 2.861315 2.442726 2.501015 2.807211 1.953370 2.823751 2.843151 2.788423 2.866296 2.874129 2.899920 2.860234 2.365593 1.977863 2.073897 1.905545 2.417166 2.812400 1.192949 1.192949 1.192949 1.886342 1.919696 1.919696 2.121959 1.893166 1.919696 1.940987 1.958698 2.410274 2.865272 1.192949 1.192949 1.192949 1.192949 1.192949 1.818591 1.850835 2.467798 2.834934 2.772204 2.340883 2.123953 1.878004
2.542263 2.421544 2.937008 2.505764 2.724448 2.474046 1.942559 1.942559 2.857664 2.927272 2.765259 2.765259 2.801205 2.497829 2.849660 2.494547 2.836016 2.368039 2.721987 2.816239 2.936740 2.497260 2.877578 2.834934 2.561729 2.843683 2.759941 2.740601 2.834934 2.837472 2.750476 2.502608 2.822176 2.073897 2.721987 2.708905 1.893166 1.987548 2.844544 1.192949 2.864089 1.965450 2.121959 2.448215 1.817803 1.893166 1.940987 1.908806 1.965450 2.410742 2.962003 2.715399 1.865144 2.322055 2.060052 2.005007 1.914219 2.467798 1.914219 1.820527 1.887629 2.069985 1.884420
1.942559 2.073978 2.932360 2.751113 1.869863 2.620238 2.751113 2.751113 2.620238 2.780739 2.265096 2.826448 2.801205 2.840729 2.734251 2.813610 2.502608 2.822176 2.875275 2.816239 2.823044 2.866296 2.934709 2.644642 2.792518 2.739217 2.739217 2.792518 2.502147 2.809648 2.827571 2.839850 2.754402 2.734251 2.440617 1.769190 1.843805 2.056886 1.965450 2.935873 2.463038 2.312075 2.751113 2.408510 1.919145 2.430196 1.965450 1.892356 1.856782 1.942818 2.707819 2.768708 1.974248 1.866194 1.866194 1.914219 2.467798 1.914219 1.914219 1.868392 1.868392 1.887629 2.116602
1.965450 2.461522 2.620238 2.959733 2.765259 2.620238 2.749564 2.732963 2.714806 2.728288 2.265096 2.265096 2.734251 2.368967 2.368967 2.816239 2.839339 2.526383 2.751997 2.751997 2.742135 2.788423 2.494001 2.807211 2.899920 2.557870 2.650401 2.824111 2.941314 2.934709 2.789850 2.927932 2.840729 2.440617 2.801485 2.435209 1.929823 2.493799 2.035520 2.869170 2.386705 2.841417 2.848477 2.859124 1.192949 1.192949 1.192949 2.431077 2.748507 2.280015 2.228797 2.475920 2.284449 1.910539 2.029469 1.914219 2.908503 2.092013 1.914219 1.939629 1.927045 1.887629 1.924944
2.072455 2.651593 1.192949 2.890182 2.834072 2.651593 2.788423 2.440617 2.403096 2.734052 2.873474 2.873474 2.409956 2.424069 2.936740 2.424084 2.867799 2.751695 2.849660 2.502608 2.504716 2.803347 2.873021 2.831366 2.874129 2.807211 2.870827 2.741070 2.804601 2.119923 2.752839 2.786519 2.927932 2.920629 2.840729 2.495438 1.921295 2.493799 1.965450 2.788637 2.773246 1.939467 2.918907 2.849257 1.192949 1.192949 2.855666 2.082879 2.446979 1.938325 2.068171 1.984935 1.959165 2.076325 1.914219 2.090574 2.259113 2.262199 2.113061 1.794124 1.820527 1.999348 1.878004
2.834798 2.390070 1.192949 1.192949 2.864533 2.715399 2.850752 2.837388 2.927932 2.772204 2.873474 2.497932 1.981503 2.759941 2.843683 2.861669 2.867799 2.850077 2.459449 2.867799 2.440617 2.806080 2.440617 2.831366 2.658997 2.866296 2.829553 2.927932 1.192949 2.925208 2.752839 2.874129 2.650401 2.744118 2.837388 2.834934 2.260466 1.998990 2.856633 2.923382 2.358053 2.928582 2.777143 1.192949 1.192949 2.477703 2.926322 1.958485 2.447868 1.924862 2.072647 1.769032 2.871587 2.471990 2.729674 1.887629 1.970872 1.887629 1.887629 1.866226 1.907800 1.810993 1.764103
2.920426 2.779000 2.739826 1.192949 2.833700 2.919988 2.262285 2.440617 2.739826 2.772204 2.848813 2.821350 1.932982 2.742135 2.721987 2.744118 2.744118 2.721987 2.936003 2.874129 2.792651 2.843683 2.874129 2.874129 2.843683 2.866296 2.861315 2.843683 2.831366 2.478409 2.618445 2.874129 2.834934 2.397624 2.853855 2.451827 2.888495 1.965450 2.417166 2.944297 2.493799 1.965450 2.419681 2.894583 2.931916 2.808765 2.414865 2.744818 1.192949 2.421282 2.073816 2.073816 1.929491 2.627228 1.770908 2.768708 1.887629 1.887629 1.940329 1.848488 1.765354 1.720175 1.764103
2.831226 2.735421 2.928434 1.192949 1.192949 2.860554 2.857601 2.557870 2.786167 2.734251 2.612560 2.718813 2.140178 2.532370 2.734251 2.734251 2.808765 2.904707 2.806080 2.940273 2.790383 2.927932 2.866296 2.650401 2.843683 2.843683 2.803347 2.912268 2.734052 2.739217 1.954389 2.874129 2.821523 2.834072 2.798656 2.265096 1.952318 1.965450 2.358053 2.885275 1.965450 1.965450 1.952998 1.952998 2.841417 2.418861 1.893503 2.417166 2.922466 1.192949 1.931918 2.074756 2.019806 1.903073 2.319215 1.961014 2.260619 1.948846 1.975396 1.961630 1.917136 2.478803 2.086959
2.734251 2.842610 1.237685 2.969513 2.844191 2.794802 2.557870 2.557870 2.557870 2.801825 2.784801 2.752222 1.824616 2.843683 2.832935 2.936740 2.861315 2.709174 2.808171 2.857601 2.790383 2.899920 2.874129 2.843683 2.874129 2.818153 2.829553 2.912268 2.490036 2.729141 2.930631 2.532370 2.502147 2.860554 2.798656 2.726297 2.735563 1.964587 1.816566 2.054773 1.267509 2.417166 1.919696 1.965450 1.192949 1.836409 2.421804 2.417166 2.748507 2.065316 1.863975 1.818219 2.068963 2.480363 2.734024 2.720115 2.261563 1.887629 1.772987 1.892401 2.074059 1.968193 1.678902
2.816699 2.737004 2.965424 1.685041 2.857986 2.100097 2.791302 2.792343 2.327711 2.932435 2.928582 2.450391 2.372904 2.843683 2.806080 2.658997 2.755493 2.843908 2.833700 2.724920 2.440617 2.713137 2.874129 2.857601 2.874129 2.759408 2.843683 2.843683 2.834490 2.751057 2.987662 2.809152 2.807211 2.735147 2.724448 2.383757 1.856782 2.072550 1.919984 2.377363 2.824345 2.901841 1.886342 2.415160 2.920629 2.262493 2.417166 2.428850 2.421804 2.771158 2.487366 1.983614 2.573202 2.809172 2.946169 2.946169 2.932529 2.765259 2.427906 1.999348 1.884420 1.887629 1.932599
2.857601 2.848813 2.843908 2.955770 2.922967 2.684477 2.970497 2.963054 2.480004 2.758147 2.820588 2.920327 2.844212 2.831366 2.843683 2.904707 2.747971 2.765259 2.747375 2.786109 2.786109 2.832483 2.751695 2.816239 2.432145 2.739217 2.834934 2.721987 1.192949 2.968606 2.865677 2.824989 2.734251 2.802375 2.833700 2.383757 2.495438 1.921295 2.095391 1.679927 2.754226 2.098920 1.886342 1.933747 2.504930 2.262493 2.073131 2.073131 2.480363 2.072647 1.900092 2.004152 1.983614 2.851361 2.849433 2.841112 2.988199 2.865585 2.831812 2.817329 2.459718 2.366338 2.081853
2.794802 2.831812 2.383757 2.791184 2.780172 2.953091 2.390070 2.931940 2.827571 2.917859 2.873474 2.073131 2.073131 2.739217 2.918784 2.726550 2.709174 2.743235 2.754226 2.624306 2.839314 2.899920 2.377278 2.713137 2.432145 2.916613 2.927797 1.192949 2.875554 2.881391 2.831350 2.824989 2.744118 2.750476 2.928582 2.379195 2.359574 1.798486 2.095391 2.917859 2.880299 2.811986 2.072662 1.973686 1.919696 2.261642 1.973686 1.883047 1.816566 2.228797 2.160199 2.079649 1.846992 2.262221 2.947415 2.988199 2.863784 2.777775 2.858912 2.427906 1.764954 2.065270 1.984935
2.751533 2.818834 2.905659 2.791184 2.791184 2.862507 2.403096 2.833700 2.862743 2.794802 2.873474 2.737004 2.357290 2.843683 2.757222 2.841084 2.836016 2.743235 2.844438 2.765259 2.844544 2.861315 2.713137 2.557870 2.870954 2.922018 2.814822 2.965313 2.789328 2.794257 2.509453 2.840729 2.440617 2.734251 2.724448 2.942332 2.808249 2.080799 1.934129 1.962938 2.066219 1.677361 2.204391 1.973686 1.905545 1.893166 1.883462 1.821879 1.764103 2.262199 1.995035 2.412762 2.410138 2.966511 2.371157 2.955770 2.767742 2.716563 2.906627 2.906627 2.941298 2.584522 2.234809
2.319215 2.816699 2.854539 2.844438 2.390070 2.813879 2.796171 2.853846 2.800892 2.786109 2.936740 2.978155 2.280015 2.866296 2.824111 2.869770 2.826061 2.821350 2.931295 2.856425 2.870039 2.941314 2.811397 2.772355 2.772355 2.920426 2.803347 2.810051 2.801401 2.930034 2.905659 2.827279 2.927932 2.784801 2.826061 2.826136 2.118964 2.014993 2.509453 2.353449 2.081533 2.759941 2.076211 2.002091 1.942403 1.766480 1.942403 1.953846 1.943895 2.262199 2.072647 2.479999 2.479999 2.839590 2.988152 2.837375 2.884177 2.725664 2.788637 2.426335 2.773078 2.496720 1.954463
2.813610 2.825387 2.440600 2.845026 2.780739 2.920426 2.711043 2.807301 2.844544 2.792687 2.842391 2.986754 2.906609 2.830054 2.777143 2.504414 2.504414 2.712989 2.528383 1.192949 1.744688 2.390070 2.902653 2.751535 2.789266 2.930631 2.744118 2.837008 2.801401 2.930639 2.030959 2.393723 2.927932 2.784801 2.826819 2.826136 2.262511 1.973280 2.075339 1.834159 2.948801 2.738508 2.076211 2.006612 2.006612 2.028260 2.075549 1.973686 1.874628 2.262199 1.970872 1.820353 2.482857 2.865357 2.988152 2.798071 2.959733 2.735711 2.790611 2.932529 2.916724 1.681738 1.941710
2.641754 2.426048 2.804260 2.747375 1.237685 2.837472 2.962003 2.811397 2.811397 2.803347 2.858293 1.983278 2.707849 2.754473 2.876283 2.898141 2.762659 2.791302 2.761578 1.446451 2.922109 2.390070 2.684477 2.837472 2.832483 2.586393 2.874129 2.713137 2.744118 2.440617 2.867799 2.495868 2.890204 2.837472 2.489649 2.800424 2.051695 1.879458 2.058470 1.192949 1.192949 2.853846 2.480363 2.066219 1.895702 2.025522 1.893166 1.726226 1.942505 2.228797 1.857045 2.014993 2.831226 2.720466 2.922018 2.987494 2.711744 2.716563 2.788637 2.786916 1.812857 1.733623 1.947261
2.641754 2.410138 1.846992 2.734251 2.754226 2.390070 2.822850 2.795501 2.879954 2.873474 2.911438 2.864215 2.844191 2.739446 2.869170 2.788423 2.816239 2.791302 2.745739 1.192949 2.390070 2.716194 2.875386 2.548148 2.867799 2.827571 2.861315 2.874129 2.874129 2.440617 2.721987 2.734251 2.502147 2.054244 2.876283 2.481298 2.069985 2.261563 2.864533 1.192949 1.953454 2.932529 2.496443 2.054773 1.939741 1.893166 1.726226 2.004963 1.878004 2.058470 2.160199 2.014993 2.833700 2.720466 2.855986 2.777775 2.777775 2.738527 2.986491 2.750476 2.863784 1.822320 1.731448
2.011860 2.884147 2.385672 2.734251 2.723969 2.984639 2.754326 2.792084 2.542857 2.916724 2.930956 2.866296 2.432776 1.955062 2.363348 2.856424 2.784801 2.742135 2.752222 2.905819 2.922109 2.922109 1.192949 2.523615 2.965424 2.856424 2.440617 2.734251 2.744118 2.927932 2.899920 2.384276 2.502147 1.731396 1.937564 2.438409 1.192949 1.327156 1.192949 1.192949 1.192949 2.916162 1.965450 1.905545 1.893166 1.933364 1.726226 1.766739 1.766739 2.073164 2.080799 1.893242 1.944474 2.813975 2.799015 2.956051 2.777775 2.932628 2.824527 2.832735 2.258674 1.864677 1.811621
2.506287 1.995035 2.368967 2.734251 1.461363 2.715399 2.765874 2.984595 2.954122 1.744688 2.800988 2.754473 2.442726 2.442726 2.834934 2.784887 2.421466 2.874129 2.734251 2.739217 2.826061 2.851563 1.192949 2.709980 2.848787 2.856424 2.807211 2.834934 2.744118 2.801401 2.848813 2.735563 1.840511 1.835076 2.088340 2.262099 2.751877 1.192949 2.827758 1.192949 1.192949 1.192949 2.824320 1.941152 1.893166 1.893166 1.893166 1.788283 1.883549 2.370774 2.080799 2.014993 2.369302 2.058470 2.504136 2.787437 2.716563 2.892096 2.753237 2.843683 2.751533 2.212960 1.708801
