Example_Watersheds/WA_MashelWatershed/DataInputs/o_3_ChemistryPools/Mashel_1990_Pools/DOC_Pool_2.asc
ncols         923
nrows         455
xllcorner     550005.67551598
yllcorner     5180549.8134422
cellsize      30
NODATA_value  -9999
[rows 81 to 107 of 455, columns 305 to 365 of 923]
5.054282 5.054282 5.054282 11.733023 11.619886 12.079014 12.242225 12.194054 12.363495 12.363495 11.148532 12.136170 12.135217 12.135217 12.612308 10.470069 10.725927 10.306583 10.151326 12.287893 9.716086 5.054282 10.483885 10.156835 10.483885 12.252160 12.320285 12.392584 10.783021 8.536645 11.955753 10.227041 10.415594 11.915593 12.160422 12.175937 12.175937 11.742290 11.861759 11.717787 11.601917 11.738288 9.712910 10.691106 8.910831 10.783021 12.255364 10.402995 10.752382 10.169443 12.546418 11.794435 11.914969 11.776328 11.934694 11.676044 12.322643 11.609996 12.747138 8.975607 7.257866
5.054282 5.054282 5.054282 5.054282 5.054282 5.054282 11.843723 12.455718 11.690158 10.567472 11.964653 10.752382 5.054282 12.252160 12.149953 10.678262 10.791723 12.023880 10.826348 9.717466 12.017469 5.054282 5.054282 12.023880 12.381410 12.392584 11.982674 12.044535 12.447495 10.783021 10.156835 10.156835 12.198483 12.610543 11.318060 11.441181 12.397482 12.172285 12.753986 11.981785 9.571970 8.467923 9.712910 12.163107 12.201133 12.753612 12.152860 12.108286 10.169443 10.169443 11.593814 12.753722 12.401694 12.028032 12.261611 11.779507 11.779507 11.769151 11.798400 12.132771 12.270735
5.054282 5.054282 5.054282 5.054282 5.054282 12.582284 11.857353 11.904017 11.786976 11.690158 12.612308 12.514313 11.726997 10.195143 10.394513 12.331684 12.240153 12.135278 12.163107 10.770218 12.420640 12.420640 11.719520 11.796512 5.054282 12.536979 11.742290 11.633089 12.447495 12.220874 10.661087 11.884179 12.417834 7.012816 5.370174 11.441181 8.418291 12.112968 9.720497 11.965316 11.609996 8.562677 12.422634 10.675688 10.445174 12.048634 11.003307 12.397482 12.397482 10.169443 12.261611 11.723311 12.273459 12.383342 11.601917 12.017469 12.059520 12.410094 12.095119 9.708525 12.088705
9.588197 5.054282 8.086851 5.054282 6.128316 5.054282 12.078795 11.904017 12.226883 11.875301 11.787070 11.590748 12.638451 12.638451 11.164300 10.800407 9.764115 12.218443 12.175937 12.590569 12.014415 12.163780 12.430953 12.120732 12.292122 8.035515 12.105593 11.841506 12.677522 5.054282 12.644003 10.456671 12.068259 11.769735 11.796512 10.219823 10.431552 8.899536 8.424681 10.535310 10.677237 10.677237 11.934475 9.993281 12.164474 12.178149 11.730579 12.296970 10.291763 12.677522 10.657274 12.123780 11.798400 12.151504 11.939395 12.383342 12.112968 12.112968 12.577937 11.789714 12.088705
9.588197 12.093036 8.050727 11.870838 5.054282 5.054282 12.613417 10.518263 11.036094 7.897062 11.156425 12.294573 9.712681 9.717601 8.943575 12.294573 11.818739 12.166743 10.218593 7.249576 9.378315 12.250571 8.913683 8.760636 8.471033 9.700540 9.157464 10.499098 6.823280 11.934393 12.443372 12.524309 11.725179 11.725179 6.317852 5.054282 10.453433 7.622540 8.513680 9.708812 9.717601 9.012984 11.944527 10.734819 10.335791 11.615239 11.730579 12.130048 10.675688 8.972063 11.636322 12.551883 11.981785 12.151504 12.073011 12.320285 12.507938 12.447236 12.175937 11.669282 11.669282
11.906093 12.105432 12.048634 9.035899 10.726281 11.737105 5.054282 8.911120 12.547961 8.544742 10.641334 11.108789 8.202571 9.993281 10.227517 8.533154 9.443383 11.633089 8.926767 9.223725 10.412898 8.389106 9.378315 7.861467 8.283531 8.283531 12.181648 8.394558 9.083938 11.784078 11.699059 10.748027 11.840467 12.488594 12.305596 11.910965 7.451591 9.378315 8.479743 9.708812 12.372040 11.891929 9.795826 8.145264 12.337666 12.249053 11.944527 11.596389 11.706936 11.857353 8.662344 12.295779 10.791723 10.791723 12.097219 8.911120 12.090862 9.707037 12.081053 12.126468 11.891929
12.315174 10.661597 9.397409 7.899084 11.692591 12.071962 10.453433 8.936552 10.281700 9.712681 12.706135 11.108789 12.569278 7.625591 9.709651 8.136066 8.136066 8.136066 10.748027 12.406811 8.136066 12.103001 10.387656 9.721380 10.311904 9.757745 10.456723 8.141935 10.630493 12.161721 8.534902 11.922867 11.293142 12.463338 11.772834 12.753913 8.670957 8.554497 11.777966 10.451524 10.661597 12.143619 8.944440 8.128438 10.641334 10.641334 11.590748 11.765278 12.290877 12.192943 11.936098 11.617818 10.658767 11.636322 7.983534 9.397409 10.291763 11.973240 11.927922 11.752720 12.255540
12.280427 12.315174 8.946083 8.077825 11.692591 12.229918 9.908064 8.576924 11.795875 11.795875 10.504210 11.977962 11.915593 11.671179 12.341991 12.435043 12.693265 12.481257 12.586736 8.899536 8.878648 10.689612 10.647864 10.372442 12.201133 10.379436 9.295641 10.771458 12.525595 8.956744 12.492321 12.169228 5.749245 10.391821 11.305613 10.606264 8.133534 8.133534 10.088793 12.422634 8.507333 11.719069 12.535890 11.993323 11.686963 11.742290 8.359928 7.860083 11.931238 11.780944 11.936098 11.763271 11.642044 12.147247 12.192943 8.436607 10.675688 11.973240 11.659560 12.075391 11.737428
12.181777 12.280427 12.280427 10.342151 9.125976 10.514380 5.054282 5.054282 10.217805 12.230527 9.717986 10.508422 11.816456 11.951694 11.688575 12.203491 12.121071 12.232471 12.281781 11.691777 12.418084 10.744916 11.700443 11.789843 12.485789 8.799520 12.315174 10.448840 8.165638 8.165638 9.009176 12.179420 11.789714 11.965613 12.200335 12.078795 8.550280 10.744916 11.752528 12.544039 11.710490 12.107438 12.482662 11.993323 8.462016 12.311240 8.427683 11.642044 11.593583 11.667358 11.797246 12.002964 12.192943 8.785871 8.198272 11.843723 10.454152 10.454152 10.380929 8.125874 7.991565
11.700443 12.426798 12.280427 10.387656 10.311904 12.151504 5.054282 10.670306 11.993748 11.981659 12.250538 10.756803 10.481382 11.685323 11.717787 12.203491 12.194054 12.132301 12.211767 8.948450 12.187291 12.476134 12.476134 11.765278 10.454189 12.154452 12.544039 12.249053 12.103001 10.412233 8.671924 11.998749 12.507938 12.232471 12.479474 10.678262 12.032174 11.981785 10.304742 11.684521 12.520338 12.097219 12.664528 9.719594 11.711618 10.689612 11.666928 10.553150 12.163878 12.163878 12.362916 12.380553 11.590748 12.070645 7.278517 8.728319 11.888594 8.689257 7.999600 12.133554 8.457298
11.700443 12.426798 12.078795 10.744916 11.990184 10.471398 12.091072 10.259566 11.993748 12.126468 12.115768 12.163107 11.981659 12.187585 12.187585 12.549710 11.298571 12.163884 10.071480 9.969119 12.316124 8.948450 10.362444 10.698277 8.145264 10.108550 12.039953 12.280427 12.029146 9.507991 12.246162 12.169757 11.961172 11.820685 10.435976 10.526364 12.133317 10.362444 12.463909 12.655300 10.459237 10.459237 11.924448 12.377957 12.524309 10.644946 11.772834 9.993281 12.182642 10.345926 12.310223 12.036836 11.709334 11.640313 7.278517 7.959463 8.414706 11.650937 10.753437 11.971957 7.887329
11.700443 12.426798 10.459237 12.265360 11.785677 12.047244 12.047244 11.769735 12.315174 11.700443 10.647339 8.544742 12.174281 8.213208 12.472310 12.268051 12.437531 5.054282 11.934159 10.219823 8.394556 10.628068 11.703442 10.573450 12.280427 10.800407 12.173521 10.297214 12.182642 10.553897 11.740604 10.615057 8.331708 11.820685 12.289618 10.540273 8.363237 10.739238 12.524309 12.315461 11.904017 11.710490 11.843676 11.765278 11.635075 10.161326 10.744916 9.993281 10.632267 12.426798 8.747048 12.362916 11.852826 10.689612 12.344317 8.929912 10.250112 11.756798 5.054282 12.430953 12.178149
11.700443 11.700443 11.710490 12.219105 12.632821 11.905837 11.930377 12.287893 11.743859 11.716830 12.547961 12.009168 12.213044 7.968347 7.617337 12.064927 12.753612 11.298571 10.630493 10.219823 12.014415 10.647864 12.029146 12.289618 8.574469 12.162958 12.162958 12.222258 11.598277 12.751536 6.760102 5.054282 11.764247 11.293142 5.054282 5.054282 11.934265 12.015125 12.437304 12.093537 12.180543 12.497939 12.555459 11.887456 12.093537 10.259566 10.689612 11.827080 12.144514 10.413360 10.744916 11.845746 10.734819 12.308149 12.308149 5.054282 5.054282 12.500799 5.054282 5.054282 5.054282
12.426798 12.426798 11.108789 12.183997 11.678478 11.905837 12.138671 10.259566 12.490177 12.749435 12.451801 11.913458 12.213044 12.081073 12.754176 12.181777 11.697745 11.922867 11.922867 11.700443 11.785677 12.109426 10.115079 12.078795 10.456315 12.105941 11.769151 12.403014 12.440634 11.931238 12.165296 12.186605 11.733023 5.370174 6.886459 9.588197 5.054282 11.754106 11.630287 12.497939 11.737105 11.754106 12.600472 11.998749 11.887456 12.181074 12.181074 12.093036 12.516903 12.380553 12.477930 5.054282 5.054282 5.054282 11.684026 5.054282 5.054282 11.737970 5.054282 11.783178 5.054282
12.372040 11.700443 11.769735 12.205713 10.118334 12.117188 12.613417 6.001959 8.779105 12.480193 12.480193 12.028826 11.710490 11.700443 10.970225 12.093537 11.797246 12.182420 11.790099 12.484243 12.075391 11.789166 11.933524 12.600472 12.748343 12.440634 11.801514 12.497939 11.934694 11.754106 12.287800 12.748343 5.054282 5.054282 12.269255 12.504235 8.276386 11.754106 11.985705 11.965613 11.887456 12.015545 11.801514 12.151504 12.516903 12.413775 11.713212 12.075391 12.659971 12.169087 12.196536 5.054282 5.054282 6.128316 5.054282 5.054282 5.054282 5.054282 7.391887 5.054282 5.054282
10.744916 12.163780 10.221045 10.221045 12.085527 10.860680 11.761217 11.735755 12.555459 12.114560 12.115768 10.886235 10.417803 12.088705 11.636322 11.663423 11.704687 12.131291 11.792169 12.273159 12.753612 12.075391 12.547961 12.600472 5.054282 12.753913 11.904017 11.724736 12.497939 10.479334 10.479334 12.555459 12.497939 12.361984 12.250571 12.555459 11.818739 11.973871 11.752720 11.966979 12.015545 12.497939 12.497939 12.185510 12.015545 12.222258 11.663423 12.495789 12.541748 12.623917 5.054282 7.834136 11.919372 5.054282 5.054282 7.265530 11.604842 11.933869 11.933869 5.054282 5.054282
12.580186 10.494128 12.219105 11.904017 10.694986 12.101363 11.728694 12.355269 11.771747 12.114560 12.653756 11.986042 12.166362 12.604495 11.719069 12.754176 11.704687 12.640612 12.089052 11.587884 12.749435 11.924448 12.213044 12.213044 12.481257 11.820685 12.628568 12.280427 11.965613 12.508013 9.588197 12.655300 11.985705 11.985705 10.481382 12.115768 11.823594 12.268051 12.655300 12.555459 12.630744 11.985705 11.737105 12.508013 12.621442 10.315634 12.437304 12.621442 11.884179 12.015545 12.015545 11.833885 12.677522 11.788072 10.479334 12.453465 12.636674 5.054282 5.433353 5.054282 5.054282
12.415453 12.081073 12.166446 12.060871 12.472310 12.442582 12.727239 12.119082 10.634591 12.024243 9.802140 12.437304 12.632821 10.673351 12.507622 12.507622 12.213044 11.759116 12.259955 12.488594 11.698347 6.886459 11.919721 12.005692 11.904017 12.594675 12.169087 11.904017 11.985705 11.715845 11.788671 11.714831 11.788671 12.219350 12.075391 11.730214 10.817720 12.264400 12.495789 12.497939 12.015545 11.985705 12.129799 11.966979 10.974904 7.012816 5.054282 12.638451 12.658463 12.056790 12.331684 11.701798 12.451611 12.508013 11.914746 12.453465 12.178994 5.054282 5.054282 5.054282 5.054282
10.519742 10.953574 12.315174 11.939395 10.608001 11.897376 12.213044 12.213044 5.054282 5.054282 12.273159 12.105593 11.700443 12.296970 11.687898 12.476090 11.737970 12.504235 10.186774 12.476090 12.741190 12.579045 10.686081 11.934630 12.555459 12.495789 11.931238 11.904017 11.914969 12.495789 11.788671 12.497939 11.743083 12.750413 12.075391 11.960344 12.508013 11.669282 11.720420 11.730214 12.664528 12.594675 11.940320 12.677522 5.559710 11.754106 12.324642 11.490621 11.788932 11.968952 12.508013 12.731212 10.430532 12.508013 11.977598 12.305596 12.677522 12.511635 11.711618 5.054282 5.054282
10.398646 8.136066 12.171702 10.730382 12.315174 12.280427 12.314213 5.306996 12.522072 9.106334 12.633798 11.777156 12.547961 12.296970 12.163780 11.932157 10.682671 11.704687 12.101911 11.934571 12.741190 12.677522 11.622891 12.605821 11.787732 12.524309 12.630744 12.630744 11.719069 12.190732 11.912563 12.190732 12.550988 12.191759 12.594675 11.699391 12.144514 12.190732 12.190732 11.473879 12.369291 11.913458 11.934630 12.638451 6.065138 11.875301 10.332064 12.177977 12.555459 11.737105 11.774605 11.927022 12.437304 12.421254 12.421254 11.622891 12.392584 12.658463 12.638451 12.677522 10.411100
8.275363 9.721322 11.771747 11.700443 10.380929 12.190732 12.025278 11.934694 10.532049 8.245579 10.719970 12.089052 12.490177 12.160422 11.700443 12.088705 11.934729 9.588197 11.648814 11.648814 12.598048 12.015545 11.724736 12.638451 12.437304 12.751536 11.940320 12.290877 12.655300 11.788671 12.015545 12.497939 12.748711 11.784078 11.648756 12.437531 6.696923 11.923989 11.940320 11.473879 11.875302 12.443479 12.479474 11.658438 11.897376 11.875301 8.859682 8.859682 11.928767 12.163396 12.163396 11.965613 12.322643 12.278621 11.777966 12.346809 12.638451 11.965613 12.024243 12.677522 10.151326
12.196536 11.716164 12.426798 11.932157 12.488594 12.456419 11.255583 11.255583 12.547961 11.719520 12.598211 12.598211 11.904017 12.150066 12.056790 12.607569 12.078795 5.054282 6.633745 11.735755 11.965613 11.904017 12.495789 12.488594 12.255540 12.287800 11.701798 12.594675 12.126468 12.555459 12.630744 12.497939 12.330886 11.320240 12.598211 11.730214 10.334590 12.190732 11.940320 12.190732 11.790024 11.977518 11.968952 10.334590 10.169207 11.911892 12.706135 12.084336 11.934630 12.123780 12.499729 11.951694 11.801966 11.858884 12.499729 12.638451 10.490412 10.383661 12.745821 12.019718 11.597583
12.579045 11.621279 10.434574 5.054282 5.054282 5.054282 11.743083 11.781623 11.602694 12.078795 12.551874 11.716164 12.078795 11.956024 10.464441 12.105593 12.181074 5.054282 12.638957 11.750238 11.790100 12.587630 11.985705 11.685244 12.255540 10.479334 12.186605 12.695742 12.658463 12.508013 12.508013 12.508013 6.001959 11.699391 10.152678 12.019718 12.524309 12.015545 12.015545 12.015545 11.985705 11.774605 12.168464 12.126468 11.776320 12.504289 12.491211 12.278621 12.731212 12.495884 12.556451 12.504289 12.165296 11.674107 12.626293 11.674885 11.622891 11.965613 12.328991 12.328991 12.495789
12.204015 12.050852 11.926479 12.721196 11.785645 8.837141 12.052023 5.054282 10.334590 7.617337 10.641334 12.143876 11.156425 12.172218 11.875302 11.585699 11.642044 12.140339 12.258515 11.579572 12.361984 11.992448 11.965613 11.965613 12.044535 12.655300 12.190732 12.084811 12.212500 11.566115 12.468789 12.330886 12.305596 11.772714 12.749765 12.621442 11.960344 11.584745 11.866359 12.587630 12.372040 11.730214 10.392660 12.555459 12.009641 11.957254 11.924448 12.166446 12.200335 12.495884 12.499729 12.499729 12.437304 11.789714 10.430532 12.655300 12.152573 11.870838 11.622891 10.195143 12.495789
12.143876 12.298149 11.726997 11.734056 11.700443 12.181777 12.209747 12.079891 12.460010 12.536979 9.814741 12.002964 12.541748 12.500799 12.224077 11.330482 11.330482 12.159162 11.697647 12.025278 12.377957 12.240033 12.132301 11.917824 12.044535 11.788671 12.439241 12.026003 12.497939 12.718410 11.737105 12.451921 11.887456 11.710490 12.426495 12.621442 11.730214 11.940320 12.508013 12.630744 11.990081 11.889720 10.392660 12.427404 12.096045 12.107438 11.703442 12.157441 12.183997 12.497939 11.552111 9.717327 11.666928 10.641282 12.028032 11.674107 11.622891 12.621442 11.965613 12.015545 11.740696
11.700443 11.700443 11.700443 12.472310 11.788671 11.759116 11.719520 12.460010 12.460010 12.333333 12.268051 11.792169 12.002964 12.497939 12.638451 10.555110 11.635075 11.948717 11.298571 12.305596 12.653756 12.240033 12.200274 12.032560 12.283120 11.622891 11.593814 12.497939 12.497939 11.684521 12.495789 11.887456 11.904017 11.650937 12.630744 12.497939 11.904017 11.823594 12.555459 12.015545 12.630744 11.985705 11.985705 11.904017 12.467992 11.965613 12.437304 12.621442 11.784078 11.691461 12.695742 12.499729 12.259955 11.342880 12.524309 12.555459 11.630287 12.621442 12.144839 12.192943 12.362916
11.700443 10.443303 12.280427 12.181777 12.138671 11.961172 11.714831 11.782276 12.333333 10.911625 9.459594 11.632695 12.121035 11.823594 12.501489 9.540059 11.781623 11.933301 11.637426 10.448840 11.948717 11.646547 11.761217 12.330886 11.788072 9.588197 12.621442 12.747138 12.747138 9.990467 12.655300 12.151504 12.630744 12.179420 12.179420 12.655300 12.015545 11.904017 12.555459 12.572342 11.925056 11.179995 11.985705 11.823594 11.985705 10.418898 11.593814 11.622891 11.913458 11.833885 10.371695 12.192943 10.710185 11.342880 11.666928 11.666928 10.490412 12.521618 12.476100 12.166743 11.818739
