Example_Watersheds/WA_MashelWatershed/DataInputs/o_3_ChemistryPools/Mashel_1990_Pools/DOC_Pool_2.asc
ncols         923
nrows         455
xllcorner     550005.67551598
yllcorner     5180549.8134422
cellsize      30
NODATA_value  -9999
[rows 54 to 80 of 455, columns 0 to 60 of 923]
8.898263 7.261031 9.720996 10.413360 12.231806 10.173702 10.369578 12.160315 8.121456 12.231806 9.106334 11.330482 8.349570 8.376450 12.362916 11.754106 12.582894 11.864174 10.173702 10.390822 11.318060 8.135284 9.192981 8.551751 11.864174 5.054282 5.054282 9.757745 10.173702 10.173702 12.108868 12.231806 12.231806 10.360406 11.977324 12.718410 12.099348 12.296970 11.707167 12.181074 8.439575 9.149782 8.511887 12.189232 12.333333 10.261589 11.441181 12.061521 12.468107 12.579045 5.054282 5.054282 5.054282 5.054282 7.581422 6.760102 5.054282 10.343428 5.054282 12.160422 11.172157
8.898263 8.320057 8.861262 12.231806 5.054282 12.231806 10.173702 9.278631 5.054282 9.261581 9.427133 12.099348 11.993748 8.122184 11.627850 11.914746 11.806670 11.806670 9.427133 8.280978 12.472310 8.533154 12.238029 8.965623 8.931934 12.145440 8.012193 8.376994 12.231806 12.214821 12.238029 12.231806 7.682493 12.231806 10.381126 12.575188 8.511887 9.720996 10.201373 12.181074 8.439575 8.477706 8.511887 12.011362 9.717986 9.717986 12.229681 12.056802 12.594522 9.721322 10.152678 5.054282 5.054282 5.054282 11.997745 12.296792 11.790072 5.054282 5.054282 5.054282 10.911625
10.620764 12.333333 10.460883 5.054282 5.054282 12.231806 5.054282 12.231806 5.054282 11.617818 11.617818 5.054282 12.099348 10.375115 9.089923 8.522590 8.174436 10.173702 10.048519 12.254519 11.726697 12.512374 9.883382 12.231806 12.142711 12.145440 10.173702 10.371624 12.108868 10.231152 10.173702 12.108868 7.682493 12.231806 10.381126 12.229482 12.011362 12.011362 9.149782 10.860680 9.720996 5.054282 5.054282 8.511887 12.516360 12.476134 12.268051 11.843723 12.575995 12.604495 11.839148 5.054282 5.054282 5.054282 7.939798 5.054282 5.054282 9.548051 11.968952 12.142711 12.317983
10.632267 12.298840 12.298840 8.457298 12.231806 5.054282 5.054282 5.054282 9.100203 5.054282 5.054282 5.054282 12.111807 8.562677 10.218593 5.054282 5.054282 5.054282 10.048519 9.795826 8.349987 8.053426 10.450636 10.256575 9.427133 8.003178 5.054282 5.054282 10.173702 9.328810 9.328810 10.173702 10.525155 10.712740 10.380501 8.561619 12.099348 8.511887 10.426389 12.075391 11.735755 10.597454 12.281781 8.477706 9.658917 8.445498 11.886745 10.726450 11.777966 12.212854 10.197871 8.088250 10.533442 11.617818 8.409729 10.647339 12.281781 12.281781 8.135284 8.608345 11.968952
10.678021 10.454152 11.525911 12.287059 5.054282 11.968952 12.231806 12.238029 8.275363 5.054282 5.054282 11.788932 12.488286 10.231152 8.203024 10.186774 12.057990 5.054282 10.038293 11.549900 7.656761 8.439453 11.525911 10.173702 10.447274 12.346308 11.525911 8.035515 5.054282 5.054282 5.054282 5.054282 11.525911 11.525911 10.178128 8.511887 11.318060 12.099348 12.296970 8.506698 8.637204 9.643197 12.177977 8.477706 5.054282 12.214992 8.506698 5.054282 5.054282 8.956744 8.956744 8.979602 8.402323 7.428664 7.594884 10.173702 10.472335 10.314336 8.915927 12.108868 10.173702
7.808207 8.561813 12.160315 8.005529 12.231806 12.238029 12.586569 8.878648 8.388000 9.757745 8.637204 10.350849 9.718544 8.979602 8.979602 12.276287 8.711976 12.359210 11.525911 11.948717 10.188188 10.038293 10.450636 5.054282 12.287059 10.490713 12.091072 12.259337 5.054282 5.054282 5.054282 5.054282 12.108868 8.539864 11.537918 8.477706 11.318060 10.321981 11.790075 10.343039 8.506698 7.906773 7.906773 9.491898 12.105432 11.573790 5.054282 5.054282 5.054282 9.721436 8.973454 5.054282 12.099348 8.711759 10.173702 12.540109 12.175214 8.045963 8.324122 8.519037 10.191354
12.325614 8.019110 11.513880 10.456723 12.231806 8.057796 8.057796 10.911625 12.099348 11.948717 8.944497 11.052377 10.207178 10.676132 9.716086 12.276287 8.944497 11.630287 11.823594 10.978523 12.001971 10.408234 10.450636 5.054282 8.320265 11.525911 5.054282 5.054282 5.054282 5.054282 5.054282 12.075391 8.051519 11.968952 11.968952 11.355253 9.643197 12.263139 12.166362 11.790965 10.667680 7.853133 10.098703 8.165430 10.552741 6.444209 5.054282 5.054282 5.054282 5.054282 5.054282 5.054282 5.054282 12.231806 10.519742 12.273459 12.144839 10.445174 8.136048 10.784204 8.534986
10.693430 5.054282 5.054282 12.231806 12.231806 8.254759 8.014240 10.723476 10.193767 11.927606 10.843551 12.077641 5.054282 7.616867 12.045540 12.056802 12.242225 12.047244 12.298149 11.714831 10.710660 10.490713 5.054282 10.712740 11.939395 12.091072 5.054282 5.054282 5.054282 5.054282 5.054282 7.916696 8.053426 8.149118 10.366183 8.488633 11.806670 10.408816 10.503459 12.296792 10.343039 11.933301 8.365889 9.071395 8.502862 8.774473 5.054282 5.054282 5.054282 5.054282 5.054282 8.135284 10.173702 10.173702 10.173702 12.108868 10.623234 10.023275 10.134499 10.314336 8.953251
7.774051 8.297507 5.054282 8.462016 10.712740 12.317983 10.166172 10.223466 10.534735 5.054282 5.054282 11.790075 5.054282 5.054282 10.436558 12.126802 12.099348 11.630287 11.630287 12.276287 12.139394 12.001971 12.091072 11.525911 10.435698 12.238029 10.155307 12.231806 5.054282 5.054282 9.889566 5.054282 10.435698 8.149118 11.788671 8.561619 11.866359 11.788932 8.511887 11.617818 10.343039 7.668640 7.853133 8.513680 5.054282 5.054282 5.054282 5.054282 5.054282 5.054282 5.054282 8.318454 8.913435 10.618321 10.173702 10.173702 8.620679 12.091072 10.565304 10.178826 8.378099
5.054282 5.054282 5.054282 7.202351 12.219350 5.054282 5.054282 10.748019 12.047244 5.054282 5.054282 5.054282 8.347555 10.321981 5.054282 11.584745 8.045963 8.511887 12.147247 12.276287 8.511887 9.718544 10.440450 11.968952 10.203536 11.525911 10.155307 10.321981 10.911625 12.103407 7.740781 8.477706 10.719249 10.444241 12.101001 10.601188 11.812804 8.506698 8.506698 8.506698 10.642596 9.721449 8.914144 10.759926 5.054282 5.054282 5.054282 5.054282 5.054282 5.054282 11.944865 8.198533 9.043726 9.184361 10.173702 9.475765 9.705843 10.173702 10.565304 10.454152 10.565304
5.054282 5.054282 5.054282 5.054282 5.054282 5.054282 5.054282 5.054282 10.869217 5.054282 8.157740 5.054282 5.054282 12.754101 11.790075 10.181041 8.533154 10.718807 10.169207 10.426389 8.944303 12.393262 12.152860 10.667518 10.211397 10.614587 11.489745 10.399346 5.054282 10.522083 9.635322 9.635322 8.163049 10.644946 8.947855 10.680828 12.035233 11.917040 10.343039 10.644946 10.131280 12.177977 8.944467 10.173702 5.054282 12.076048 12.544039 8.922689 9.427133 8.361420 12.044462 8.198533 8.644100 9.100203 8.093820 10.173702 10.173702 10.173702 10.173702 12.359210 10.478342
5.054282 5.054282 5.054282 5.054282 5.054282 5.054282 5.054282 11.770754 11.759116 5.054282 11.790075 5.054282 5.054282 5.054282 10.041709 10.567472 7.848334 9.877188 12.240522 10.163153 10.164643 8.149118 10.667518 10.752382 10.426389 10.426389 10.579783 12.313234 5.054282 5.054282 8.135284 8.162368 10.544920 8.964199 10.684790 12.247253 12.426867 11.917040 10.343039 9.120777 8.520815 10.449741 5.054282 5.054282 5.054282 10.618321 11.561857 10.450636 10.618321 8.861262 8.861262 11.164300 8.045963 8.485864 8.477706 9.783169 9.714413 10.075481 10.314336 8.876383 10.444241
5.054282 5.054282 5.054282 5.054282 5.054282 5.054282 5.054282 12.731212 5.054282 5.054282 5.054282 10.426389 12.144839 12.168594 12.040425 12.040425 10.729080 8.506698 8.105465 10.445091 10.911625 10.426389 11.116774 10.752382 12.122908 5.054282 10.261589 10.729080 8.601021 8.506698 8.135284 10.380501 12.237076 9.783169 12.132822 12.499363 12.508001 10.343039 10.644946 8.409729 10.438516 9.100203 12.231806 12.231806 5.054282 9.720658 5.054282 11.766521 10.173702 10.911625 8.207772 12.333333 8.511887 8.506698 10.780515 10.399346 8.135284 9.427133 9.707342 12.264654 11.986067
5.054282 5.054282 5.054282 5.054282 5.054282 5.054282 5.054282 5.054282 5.054282 5.054282 10.443303 12.355269 10.426389 9.048854 12.089052 10.729080 10.729080 8.511887 10.438516 10.418898 10.426389 10.426389 10.449441 11.875302 10.261589 12.418462 11.763071 12.050852 8.045963 10.426389 11.116774 12.192712 8.944274 10.352243 10.641856 10.641856 10.426389 9.814741 10.552741 8.506698 10.642596 10.343039 9.427133 12.231806 10.173702 10.668217 12.160315 10.173702 10.173702 10.911625 10.705430 10.426389 11.060491 10.606264 10.586852 10.399346 8.165844 10.287827 12.463338 12.214992 12.143876
5.054282 5.054282 5.054282 5.054282 5.054282 5.054282 5.054282 5.054282 5.054282 8.944476 12.355269 12.296970 10.426389 9.721163 10.340906 10.729080 9.210191 10.438516 10.426389 10.426389 10.321981 10.261589 10.185352 12.302728 8.511887 8.511887 11.795875 12.334979 12.334979 10.644946 10.911625 10.218593 10.195143 10.221425 10.721452 10.426389 8.944372 7.627106 9.711972 10.673351 8.301710 10.343039 8.088250 10.173702 10.173702 10.173702 10.618321 10.173702 10.173702 9.071395 12.143876 12.612308 12.142711 11.820685 10.017294 10.017294 8.861262 8.894898 12.142711 9.210191 10.743638
5.054282 11.686963 5.054282 5.054282 5.054282 5.054282 5.054282 5.054282 11.019737 12.097219 10.250112 10.911625 8.872615 12.350617 10.436558 12.247253 8.853188 8.533154 10.426389 10.426389 10.426389 10.687331 10.426389 8.888679 10.426389 10.438516 10.426389 12.334979 10.718807 10.211397 10.193767 10.472335 10.173702 10.472335 10.721452 10.483829 12.019718 8.506698 11.843676 9.062636 12.165823 9.287141 11.766521 9.783169 10.173702 10.045117 9.783169 9.783169 11.998749 8.361420 12.376301 12.300465 12.112968 8.160077 8.370343 12.281781 9.427133 12.005692 10.472335 11.683655 10.694986
5.054282 5.054282 5.054282 5.054282 5.054282 5.054282 5.054282 12.111807 12.168594 12.333333 11.630287 11.951694 11.951694 8.509428 12.122812 10.340906 8.006340 8.537889 12.238029 8.612335 8.499226 10.632267 9.035899 8.511887 9.635322 10.438516 10.438516 9.852321 10.445091 11.920417 12.142711 10.400091 12.133317 10.678021 12.103001 12.482662 12.706135 12.066438 7.455065 7.455065 11.341361 12.124650 8.146093 8.145264 10.618321 9.715378 10.156882 10.511373 10.661087 12.214992 10.259566 10.169207 8.949795 9.690240 10.522083 10.426389 8.259677 10.218593 10.335791 11.683655 9.783169
5.054282 12.741190 5.054282 5.054282 5.054282 5.054282 5.054282 11.700933 12.145440 12.243556 9.018689 10.402995 10.340906 11.931837 10.729080 11.986042 12.125527 8.511887 12.152860 12.133317 10.678021 9.707037 10.426389 10.161326 7.656761 8.217253 10.667518 10.390822 10.532049 8.480813 8.132041 9.717184 9.717184 11.609443 12.306806 12.165823 10.953574 12.731948 5.054282 5.054282 11.733733 12.281781 8.955005 10.173702 10.618321 9.715378 9.783169 10.618321 10.618321 12.481257 10.321981 12.195601 8.949795 10.472335 12.463338 10.365040 12.324642 12.214992 12.508379 12.508379 10.661087
5.054282 5.054282 5.054282 5.054282 5.054282 5.054282 12.117188 10.852125 12.587630 10.349627 5.054282 12.173521 11.761217 12.303839 10.150488 12.613417 9.018689 10.732603 9.814741 10.211397 10.678021 10.201906 12.334979 9.410844 9.410844 8.428921 8.165591 8.874775 12.290877 10.714459 9.012984 8.382539 10.176661 9.012984 11.609443 12.130267 5.054282 11.917824 5.054282 5.054282 5.054282 10.730382 9.556034 8.130141 10.173702 9.427133 10.618321 8.259677 10.173702 9.783169 11.977518 11.977518 12.612308 8.894898 9.690240 12.142711 10.570922 12.249053 12.300465 10.682671 12.260070
5.054282 5.054282 5.054282 11.644257 12.706135 11.778004 11.777156 5.054282 5.054282 5.054282 5.054282 12.436264 10.425338 10.579783 10.632913 11.811358 11.811358 12.185510 8.480813 9.721288 8.953707 8.872615 11.668376 10.774300 8.411469 12.454340 12.408955 9.022904 12.068507 8.911120 7.689725 10.176661 10.176661 10.621834 10.199223 12.068507 5.054282 12.479474 5.054282 11.787070 5.054282 11.998033 10.455015 8.251092 8.251092 7.995926 5.054282 10.377287 9.427133 11.797246 11.691777 11.973240 12.612308 10.365040 8.259677 8.983352 10.172212 10.173702 12.353630 11.367602 10.205872
5.054282 12.287800 5.054282 11.644257 10.172578 11.956024 8.897217 12.502982 12.502982 5.054282 12.616192 11.341361 11.897993 10.223466 12.259337 8.988236 8.304359 8.086800 8.382539 7.562825 8.382539 10.394513 12.068507 12.017469 10.707918 10.191354 10.191354 11.140620 12.532225 12.467992 8.951633 12.235254 12.211195 12.467992 12.263139 12.068507 12.068507 5.054282 12.068507 10.817720 10.423025 11.977324 8.872615 8.872615 9.013086 5.054282 8.382539 9.012984 11.936098 11.797246 8.975607 11.920986 11.790072 8.789773 8.226714 12.324642 10.172212 12.104926 11.920986 10.666313 5.054282
5.054282 5.054282 5.054282 8.951633 12.468107 8.955643 10.436558 11.811358 5.054282 5.054282 5.054282 11.759116 10.344680 10.191354 9.718688 8.165638 10.714459 8.872615 8.463689 9.717601 10.714459 12.178034 11.668376 11.761396 10.656863 10.978523 10.978523 10.223466 10.223466 10.978523 10.978523 12.467992 12.337666 10.978523 12.454340 11.668376 12.113344 5.054282 5.054282 12.124144 10.176661 10.449441 8.872615 12.111807 8.699025 8.428921 12.306021 11.667358 7.989038 7.832516 7.562825 8.872615 8.382539 10.172212 10.714459 11.994524 11.994524 10.365040 12.163780 5.054282 5.054282
11.686963 5.054282 11.705694 12.460010 6.065138 7.960494 10.425338 10.667680 8.086851 5.054282 5.054282 10.447019 10.978523 10.978523 9.718688 11.965316 11.993748 9.707342 12.246309 11.993748 11.993748 12.001727 11.990288 12.032560 11.268127 10.978523 11.268127 10.978523 12.337666 10.978523 12.454340 10.978523 10.978523 11.108789 11.268127 11.965316 11.428979 11.642044 5.054282 7.891985 10.714459 10.176661 10.852125 12.017469 12.001727 12.263139 11.694736 12.111395 12.111395 10.852125 12.293354 5.054282 5.054282 5.054282 5.054282 5.054282 11.428979 5.054282 5.054282 5.054282 5.054282
11.686963 5.054282 6.065138 12.077641 5.054282 5.054282 5.054282 10.667680 12.430953 11.747900 12.501419 10.223466 10.192384 10.192384 10.191354 12.101001 10.381560 12.467992 10.745814 10.381560 12.211195 12.155356 11.705694 12.289618 10.978523 8.232508 12.189232 10.437863 11.268127 10.295135 10.978523 12.288345 5.054282 12.467992 5.054282 5.054282 10.677766 11.092763 5.054282 5.054282 5.054282 5.054282 12.467992 5.054282 5.054282 12.179396 11.759116 12.068507 5.054282 11.642044 5.054282 5.054282 5.054282 5.054282 5.054282 5.054282 5.054282 5.054282 5.054282 5.054282 5.054282
6.444209 12.500366 5.433353 5.054282 5.054282 5.054282 5.054282 5.054282 11.811358 10.223466 11.993748 11.561857 11.561857 11.561857 10.169207 12.241736 10.191354 12.187291 10.978523 11.784407 8.977174 10.088793 5.054282 12.180543 12.598211 5.054282 5.054282 5.054282 5.054282 11.780944 12.467992 5.054282 5.054282 5.054282 5.054282 5.054282 5.054282 5.054282 5.054282 5.054282 5.054282 5.054282 5.054282 5.054282 5.054282 5.054282 5.054282 12.467992 12.111807 12.186910 5.054282 5.054282 5.054282 5.054282 5.054282 5.054282 5.054282 5.054282 5.054282 5.054282 5.054282
10.448840 12.242225 11.960344 9.932597 12.115276 9.715560 12.052023 12.126468 10.223466 10.223466 12.467992 5.054282 5.054282 10.978523 10.978523 5.054282 5.054282 10.978523 10.978523 5.054282 12.241736 10.396726 5.054282 5.054282 12.436264 12.436264 5.054282 8.282530 5.054282 11.795875 12.110863 11.875471 5.054282 5.054282 5.054282 5.054282 5.054282 5.054282 5.054282 5.054282 5.054282 5.054282 5.054282 5.054282 5.054282 5.054282 12.467992 5.054282 5.054282 5.054282 5.054282 5.054282 5.054282 5.054282 5.054282 5.054282 5.054282 5.054282 5.054282 5.054282 5.054282
12.254519 11.794435 10.212328 10.311904 12.115276 8.941169 11.990288 12.123780 10.223466 12.155356 10.978523 5.054282 5.054282 11.982027 5.054282 5.054282 5.054282 5.054282 5.054282 5.054282 5.054282 5.054282 5.054282 5.054282 5.054282 9.483836 5.054282 5.054282 8.159015 5.054282 5.054282 5.054282 5.054282 5.054282 5.054282 11.760640 5.054282 5.054282 5.054282 5.054282 5.054282 5.054282 5.054282 5.054282 5.054282 5.054282 5.054282 5.054282 5.054282 5.054282 5.054282 5.054282 5.054282 5.054282 5.054282 5.054282 5.054282 5.054282 5.054282 5.054282 5.054282
