Example_Watersheds/WA_MashelWatershed/DataInputs/o_3_ChemistryPools/Mashel_1990_Pools/DOC_Pool_4.asc
ncols         923
nrows         455
xllcorner     550005.67551598
yllcorner     5180549.8134422
cellsize      30
NODATA_value  -9999
[rows 140 to 167 of 455, columns 756 to 818 of 923]
0.091625 0.091625 0.090028 0.091625 0.085106 0.089761 0.089418 0.092063 0.074399 0.053409 0.055181 0.053850 0.092063 0.049217 0.056446 0.074277 0.085972 0.076042 0.085545 0.062555 0.062888 0.062888 0.054122 0.041904 0.047765 0.054122 0.041904 0.090421 0.088497 0.098842 0.096016 0.098765 0.098875 0.088563 0.090144 0.096161 0.099596 0.089396 0.088259 0.098124 0.088476 0.091701 0.074160 0.091473 0.089396 0.052919 0.053276 0.058648 0.074886 0.047384 0.047997 0.047997 0.053755 0.058648 0.088425 0.073803 0.096732 0.095842 0.097918 0.098219 0.096563 0.093604 0.093140
0.073803 0.065306 0.065306 0.069497 0.064686 0.053409 0.048153 0.089885 0.074399 0.053627 0.088206 0.092063 0.069612 0.062888 0.086614 0.053224 0.068780 0.071100 0.083959 0.062888 0.050266 0.062888 0.051839 0.068780 0.068780 0.047553 0.063759 0.092207 0.091326 0.090886 0.090886 0.052103 0.092066 0.095951 0.097412 0.098145 0.092028 0.089930 0.099141 0.097395 0.098642 0.098288 0.075367 0.088368 0.053768 0.047384 0.053755 0.070506 0.070506 0.047997 0.047997 0.058648 0.053755 0.058648 0.088483 0.088368 0.058733 0.058733 0.095476 0.097785 0.093739 0.092098 0.093756
0.089292 0.089864 0.084375 0.089930 0.090820 0.067572 0.090611 0.099141 0.057049 0.089058 0.095752 0.087778 0.091644 0.074258 0.047701 0.072735 0.085545 0.069076 0.048153 0.062888 0.067429 0.047026 0.047026 0.068073 0.069687 0.057200 0.048470 0.088769 0.097798 0.088541 0.090039 0.072354 0.099621 0.098385 0.088554 0.099391 0.089290 0.092063 0.099141 0.097568 0.098384 0.098552 0.098079 0.089287 0.056345 0.047384 0.056396 0.058648 0.042029 0.058648 0.058648 0.058648 0.058648 0.053755 0.074333 0.096328 0.091567 0.084671 0.096214 0.099448 0.071727 0.095630 0.080992
0.087335 0.089712 0.089511 0.089440 0.089398 0.088155 0.088483 0.090028 0.084971 0.088557 0.088495 0.088537 0.096996 0.086667 0.097819 0.036634 0.061468 0.089809 0.085545 0.047694 0.062888 0.053535 0.062888 0.052940 0.069687 0.089997 0.091644 0.099621 0.098014 0.098386 0.090017 0.072354 0.096699 0.089267 0.092062 0.099621 0.062888 0.089618 0.099048 0.097412 0.099596 0.098384 0.098384 0.088298 0.088516 0.089287 0.047384 0.058648 0.086822 0.058648 0.047997 0.047997 0.047997 0.073870 0.068916 0.096438 0.098373 0.094342 0.095554 0.097432 0.096161 0.058213 0.093776
0.070138 0.092063 0.089273 0.089440 0.099304 0.088307 0.089930 0.089930 0.090820 0.089678 0.092703 0.069269 0.091787 0.088569 0.088568 0.037806 0.055088 0.053115 0.051590 0.056924 0.062888 0.047141 0.089618 0.074341 0.090683 0.088394 0.086507 0.099048 0.098014 0.098360 0.089440 0.091644 0.088659 0.099255 0.099255 0.089290 0.075161 0.062858 0.052538 0.088316 0.093348 0.098360 0.092065 0.088215 0.095752 0.041904 0.047384 0.069668 0.047384 0.058648 0.058648 0.069331 0.086344 0.058648 0.089246 0.093254 0.096731 0.095476 0.093780 0.077952 0.095703 0.096426 0.096426
0.065259 0.098393 0.099581 0.099596 0.089138 0.099596 0.099304 0.099466 0.088548 0.090689 0.089398 0.095752 0.089285 0.098947 0.093085 0.088838 0.069592 0.070083 0.080054 0.069687 0.085545 0.074188 0.099621 0.099111 0.094405 0.096106 0.096106 0.097193 0.097746 0.091644 0.098680 0.099351 0.086139 0.088463 0.088561 0.069519 0.047694 0.051698 0.069701 0.099561 0.097798 0.089255 0.092065 0.074194 0.054167 0.089918 0.061117 0.047384 0.047997 0.058648 0.090034 0.058648 0.074333 0.073870 0.073870 0.091803 0.099051 0.070168 0.095476 0.061332 0.093562 0.096426 0.095703
0.089600 0.098512 0.090020 0.099304 0.087335 0.089712 0.089396 0.095951 0.085239 0.090040 0.092063 0.091833 0.094323 0.088563 0.052551 0.062888 0.058151 0.083434 0.085545 0.085545 0.086702 0.048329 0.074177 0.099621 0.097590 0.095819 0.099048 0.088398 0.097746 0.097395 0.088982 0.097669 0.062105 0.092063 0.098261 0.069519 0.062888 0.062888 0.058026 0.067429 0.097432 0.091947 0.089930 0.047960 0.090595 0.053933 0.070875 0.086942 0.054167 0.058648 0.089263 0.058648 0.074333 0.058648 0.069331 0.098226 0.064450 0.093383 0.084671 0.067569 0.091706 0.097282 0.096726
0.089600 0.088035 0.089886 0.088619 0.087815 0.089712 0.084045 0.095951 0.099304 0.081821 0.089678 0.089227 0.088566 0.088566 0.091644 0.057775 0.053960 0.086523 0.053409 0.069452 0.047399 0.048329 0.099562 0.091473 0.098014 0.094567 0.099621 0.099048 0.099621 0.089712 0.084375 0.044308 0.069687 0.076374 0.088316 0.047694 0.091273 0.074269 0.074269 0.066015 0.067429 0.095951 0.095908 0.063461 0.086942 0.086942 0.086942 0.090820 0.090034 0.090041 0.075367 0.089263 0.090395 0.088637 0.089040 0.096355 0.095476 0.094118 0.096355 0.093062 0.095139 0.062371 0.096499
0.097755 0.097412 0.096161 0.096161 0.070486 0.090035 0.088553 0.098765 0.098765 0.092063 0.089191 0.089191 0.089277 0.099621 0.091701 0.054167 0.069612 0.065866 0.057775 0.053960 0.086667 0.074277 0.085545 0.099621 0.099048 0.087894 0.098240 0.098332 0.097955 0.091541 0.035384 0.035384 0.091644 0.092063 0.096996 0.074474 0.052958 0.088316 0.089618 0.067429 0.067429 0.085106 0.062888 0.086942 0.047507 0.086942 0.086942 0.099372 0.089930 0.090041 0.058648 0.058648 0.069331 0.088637 0.089283 0.095476 0.096591 0.059772 0.059772 0.085287 0.090634 0.093692 0.093026
0.079773 0.092941 0.097282 0.096624 0.088193 0.090689 0.089138 0.098875 0.072037 0.089712 0.088720 0.089191 0.091701 0.056696 0.085106 0.085239 0.053768 0.066103 0.052886 0.048153 0.063016 0.067102 0.088464 0.088464 0.086667 0.089025 0.079195 0.092073 0.098276 0.050266 0.041904 0.062240 0.091644 0.063009 0.062888 0.069076 0.070539 0.041904 0.051777 0.067429 0.047402 0.047694 0.074399 0.086942 0.086979 0.092058 0.099372 0.099602 0.074886 0.089277 0.089263 0.074333 0.047997 0.073870 0.089906 0.098800 0.098188 0.073806 0.093283 0.093739 0.057174 0.096355 0.093494
0.093254 0.099526 0.098336 0.097282 0.088193 0.097630 0.091218 0.087896 0.091803 0.087335 0.090144 0.089191 0.089814 0.089930 0.072841 0.069497 0.041904 0.053627 0.041904 0.090037 0.056696 0.070574 0.065866 0.070574 0.074006 0.090028 0.052886 0.053775 0.053409 0.053960 0.053409 0.053409 0.053409 0.057775 0.053986 0.062240 0.047026 0.047415 0.047596 0.066015 0.062888 0.057214 0.089618 0.089471 0.088516 0.090820 0.099141 0.084653 0.097145 0.054167 0.058648 0.089263 0.087655 0.089562 0.092045 0.097332 0.086601 0.093661 0.093626 0.093182 0.093062 0.092941 0.043140
0.088228 0.090165 0.098467 0.096719 0.099612 0.097708 0.098875 0.098875 0.097991 0.091133 0.091218 0.098875 0.099304 0.087825 0.091625 0.090886 0.098188 0.089287 0.088612 0.048153 0.053775 0.090670 0.052976 0.059385 0.053960 0.052886 0.053768 0.053850 0.052886 0.053768 0.048153 0.048153 0.053409 0.062888 0.053986 0.053986 0.055181 0.047960 0.054122 0.062888 0.051777 0.042857 0.032050 0.089618 0.070506 0.041904 0.070875 0.053933 0.061117 0.058648 0.058648 0.089502 0.088430 0.089562 0.063102 0.099466 0.096665 0.093661 0.093255 0.096709 0.096311 0.096660 0.096660
0.088568 0.085545 0.085545 0.097736 0.095630 0.099612 0.097854 0.098638 0.099393 0.095615 0.087896 0.099450 0.093985 0.088548 0.091625 0.099602 0.099580 0.091947 0.041904 0.048153 0.048153 0.059324 0.041904 0.048153 0.048153 0.053768 0.053850 0.053850 0.053768 0.053775 0.052886 0.053768 0.059019 0.089362 0.048427 0.048153 0.055181 0.089280 0.062888 0.053045 0.057775 0.048153 0.053409 0.089618 0.044385 0.043592 0.084328 0.043592 0.061117 0.069331 0.089263 0.088464 0.088430 0.088447 0.099482 0.099482 0.096499 0.093704 0.093254 0.093383 0.093383 0.096355 0.093543
0.089950 0.089618 0.069105 0.091644 0.096510 0.088489 0.089459 0.097880 0.099393 0.098383 0.088734 0.099304 0.091644 0.099141 0.098261 0.099602 0.074399 0.089579 0.050266 0.085545 0.074399 0.048153 0.048153 0.057775 0.053775 0.053768 0.062967 0.053768 0.055368 0.052886 0.053048 0.048427 0.086097 0.069076 0.041904 0.062888 0.056696 0.053850 0.085106 0.057775 0.062888 0.069436 0.053986 0.044385 0.043592 0.043592 0.053492 0.053492 0.047596 0.088819 0.047997 0.090008 0.062572 0.089562 0.054018 0.041581 0.096553 0.094660 0.092941 0.093383 0.096724 0.093692 0.096161
0.089073 0.089618 0.089618 0.091968 0.099413 0.096770 0.098188 0.098188 0.097412 0.070253 0.091644 0.097854 0.088316 0.092063 0.088316 0.091644 0.089618 0.088316 0.091644 0.088316 0.069436 0.068780 0.062888 0.062888 0.047356 0.053768 0.070123 0.072947 0.088368 0.065866 0.056696 0.052886 0.052886 0.041904 0.057775 0.057775 0.053986 0.048153 0.053986 0.053986 0.057775 0.054031 0.049628 0.035408 0.070506 0.070506 0.041203 0.056722 0.041904 0.047856 0.047997 0.095752 0.088430 0.088170 0.054018 0.095554 0.085287 0.097665 0.098145 0.092556 0.091706 0.093692 0.095048
0.088111 0.060526 0.089618 0.091351 0.091351 0.089799 0.098369 0.097798 0.097412 0.090180 0.088403 0.091644 0.088316 0.091644 0.069329 0.088316 0.088316 0.089618 0.088316 0.097922 0.089785 0.055088 0.048249 0.062888 0.067212 0.048153 0.053768 0.088556 0.088410 0.047631 0.049556 0.049556 0.055181 0.053960 0.053768 0.048153 0.062240 0.057775 0.049436 0.057775 0.057775 0.090013 0.086627 0.068427 0.047562 0.041629 0.047567 0.056722 0.042029 0.047997 0.088598 0.088564 0.090399 0.091818 0.086601 0.041581 0.096342 0.099603 0.096355 0.096355 0.082828 0.092098 0.062371
0.048153 0.074399 0.069252 0.089618 0.089691 0.091644 0.097991 0.097755 0.098369 0.096907 0.097282 0.089037 0.088316 0.089761 0.088316 0.088316 0.096553 0.089618 0.091644 0.097922 0.089618 0.061700 0.047985 0.059507 0.059507 0.070028 0.041904 0.053768 0.089171 0.088012 0.065866 0.065866 0.053775 0.052886 0.048153 0.057775 0.057775 0.062888 0.057775 0.062888 0.041904 0.057775 0.062873 0.066308 0.053675 0.053675 0.047579 0.070875 0.047997 0.070123 0.092040 0.070388 0.073531 0.089562 0.098765 0.095139 0.081603 0.099466 0.054093 0.097798 0.093718 0.093122 0.095048
0.058400 0.050266 0.048153 0.089618 0.088316 0.091644 0.097412 0.098985 0.096624 0.099526 0.098255 0.097741 0.088476 0.089621 0.097782 0.097617 0.089761 0.098384 0.098234 0.089618 0.091644 0.088476 0.085545 0.089362 0.090540 0.068073 0.054167 0.058648 0.088012 0.088012 0.056696 0.052886 0.052886 0.053768 0.089267 0.057775 0.053775 0.062888 0.057775 0.047567 0.054091 0.090041 0.047750 0.044385 0.052184 0.043592 0.044385 0.053492 0.047997 0.055001 0.070388 0.092073 0.092037 0.092045 0.096639 0.073803 0.088506 0.089929 0.054093 0.093283 0.092757 0.096049 0.094660
0.069859 0.057775 0.056018 0.050266 0.089761 0.091218 0.097412 0.091190 0.091190 0.092063 0.088680 0.090982 0.089418 0.099304 0.089398 0.088316 0.085106 0.098369 0.096709 0.091644 0.088316 0.089785 0.069687 0.044308 0.089362 0.054122 0.042029 0.089511 0.088537 0.089171 0.065866 0.052886 0.062967 0.055368 0.088578 0.069593 0.069593 0.053768 0.072189 0.067429 0.089396 0.070875 0.074399 0.047463 0.052184 0.052184 0.052184 0.053492 0.053276 0.069616 0.072629 0.092073 0.092054 0.096591 0.098373 0.075024 0.097332 0.096388 0.098117 0.096355 0.093464 0.093062 0.095908
0.074608 0.074608 0.048153 0.072735 0.088217 0.091625 0.090430 0.089440 0.092063 0.088316 0.088896 0.099621 0.088468 0.088475 0.067572 0.050266 0.085106 0.062888 0.098255 0.088466 0.099048 0.090611 0.089618 0.044308 0.069704 0.063063 0.050266 0.069837 0.069837 0.090040 0.089171 0.070267 0.062967 0.081085 0.052886 0.088578 0.070267 0.052886 0.088982 0.088474 0.086942 0.089396 0.086942 0.067572 0.044385 0.052383 0.053492 0.053492 0.084653 0.069616 0.089271 0.089930 0.099482 0.098276 0.047562 0.053083 0.053083 0.090651 0.092207 0.092336 0.098297 0.093516 0.096973
0.053960 0.089618 0.048153 0.091701 0.088456 0.093364 0.059080 0.096620 0.099048 0.088316 0.099621 0.097991 0.097432 0.053487 0.048153 0.057775 0.048153 0.039643 0.098800 0.052778 0.074399 0.089225 0.070486 0.089618 0.069092 0.069172 0.053129 0.053045 0.069060 0.089171 0.054807 0.085718 0.052520 0.081085 0.053768 0.052886 0.052886 0.052886 0.056696 0.074107 0.053768 0.074399 0.062888 0.047579 0.052244 0.062974 0.052383 0.072354 0.099372 0.069708 0.055001 0.091664 0.099608 0.096693 0.097918 0.090683 0.097650 0.095989 0.061332 0.098188 0.095630 0.081603 0.096973
0.088734 0.039643 0.057775 0.089761 0.090028 0.073261 0.050266 0.090786 0.094071 0.098274 0.093364 0.090479 0.074399 0.088316 0.039643 0.057775 0.057775 0.096328 0.074399 0.062240 0.088521 0.088316 0.050266 0.089618 0.086891 0.070329 0.057523 0.054383 0.047974 0.089171 0.071645 0.055368 0.088368 0.077669 0.047356 0.056696 0.062967 0.062967 0.071873 0.047587 0.047587 0.056568 0.067429 0.074399 0.047596 0.054243 0.053492 0.069218 0.099372 0.076440 0.073104 0.069708 0.098336 0.092072 0.072629 0.090683 0.090614 0.097918 0.097963 0.099596 0.094859 0.064970 0.097568
0.090351 0.062240 0.088619 0.096267 0.090012 0.090012 0.096016 0.073803 0.041988 0.089814 0.088316 0.088548 0.090040 0.099571 0.089997 0.089618 0.095951 0.092063 0.056018 0.086263 0.088521 0.051694 0.089618 0.032678 0.047540 0.054144 0.062988 0.054383 0.053045 0.067429 0.067572 0.067572 0.067572 0.088193 0.086766 0.049628 0.052886 0.065306 0.062967 0.069442 0.069130 0.053960 0.092063 0.070388 0.053045 0.053045 0.054243 0.069831 0.069831 0.089992 0.086990 0.087132 0.089239 0.070388 0.069849 0.098057 0.086857 0.070341 0.089930 0.097798 0.097798 0.080992 0.096401
0.089678 0.099621 0.089559 0.088329 0.096205 0.093364 0.096016 0.039643 0.057775 0.074399 0.062888 0.069612 0.092052 0.099571 0.065448 0.047577 0.053409 0.089418 0.088578 0.091246 0.084515 0.089271 0.073803 0.047180 0.047694 0.047694 0.040538 0.060822 0.054071 0.042029 0.062888 0.067429 0.067212 0.089286 0.074072 0.054167 0.055368 0.055368 0.085718 0.089268 0.069499 0.086014 0.088341 0.066539 0.056696 0.053768 0.055001 0.063461 0.088457 0.053859 0.079483 0.068861 0.074188 0.070227 0.097557 0.056396 0.057125 0.077732 0.098800 0.090250 0.097963 0.093107 0.097449
0.070459 0.091644 0.089047 0.096080 0.099621 0.091803 0.088279 0.035765 0.062888 0.089418 0.062888 0.088316 0.099621 0.095819 0.042439 0.042557 0.062240 0.074062 0.089761 0.079387 0.091986 0.088489 0.088712 0.071566 0.089997 0.071256 0.070329 0.054091 0.069220 0.052223 0.053045 0.053045 0.089511 0.089286 0.066823 0.071645 0.088578 0.088578 0.063016 0.066539 0.055368 0.088786 0.086822 0.053640 0.053640 0.068879 0.053755 0.047567 0.070875 0.047997 0.053821 0.089555 0.074188 0.047997 0.052575 0.053755 0.090032 0.097332 0.089183 0.090250 0.097602 0.049377 0.093107
0.089225 0.089761 0.062538 0.097922 0.089249 0.097819 0.062888 0.048153 0.041904 0.041904 0.085106 0.097557 0.099467 0.053768 0.088476 0.098163 0.050266 0.097746 0.096016 0.098982 0.099393 0.088556 0.089675 0.091625 0.089997 0.049985 0.053506 0.060822 0.056848 0.054071 0.062888 0.053045 0.086936 0.089272 0.070227 0.054167 0.065306 0.065306 0.088762 0.053768 0.048153 0.068879 0.085718 0.086263 0.065985 0.041904 0.069990 0.053755 0.047567 0.053932 0.039888 0.047432 0.054112 0.053755 0.047997 0.097332 0.036253 0.091958 0.077350 0.079483 0.089004 0.064970 0.041581
0.041904 0.041904 0.062967 0.092066 0.098725 0.090102 0.092071 0.088457 0.069838 0.074168 0.085106 0.095475 0.088476 0.090479 0.095951 0.062240 0.088410 0.097746 0.096205 0.089720 0.091625 0.089799 0.088368 0.041904 0.039643 0.050266 0.062967 0.055173 0.088316 0.088316 0.064638 0.070506 0.062888 0.067572 0.069831 0.054167 0.047997 0.058648 0.089515 0.063907 0.069821 0.055368 0.071068 0.085327 0.054146 0.070350 0.049628 0.053755 0.054091 0.068427 0.039888 0.054031 0.047997 0.053859 0.057901 0.062654 0.085150 0.069360 0.096563 0.093769 0.092606 0.095139 0.046259
0.090029 0.090281 0.088628 0.092066 0.088474 0.096080 0.070392 0.089947 0.089618 0.074399 0.099596 0.067572 0.062888 0.089761 0.056696 0.064830 0.088548 0.096267 0.099621 0.097741 0.097568 0.088541 0.099616 0.062932 0.047682 0.041904 0.089265 0.088548 0.064830 0.088664 0.053409 0.049436 0.041904 0.048138 0.056095 0.067572 0.062622 0.065306 0.065164 0.060999 0.074469 0.090041 0.086891 0.052919 0.047384 0.089555 0.098196 0.069391 0.070438 0.070438 0.075638 0.039888 0.053755 0.055001 0.070842 0.070438 0.085150 0.089520 0.089313 0.097963 0.097369 0.092556 0.096499
