Example_Watersheds/WA_MashelWatershed/DataInputs/o_3_ChemistryPools/Mashel_1990_Pools/DOC_Pool_3.asc
ncols         923
nrows         455
xllcorner     550005.67551598
yllcorner     5180549.8134422
cellsize      30
NODATA_value  -9999
[rows 420 to 447 of 455, columns 378 to 440 of 923]
2.019674 2.173821 1.841460 1.802168 1.934893 1.866965 1.804164 2.291795 2.059474 1.942126 1.923891 1.923891 2.489047 2.801825 2.782360 2.478803 2.832935 2.490125 1.327156 2.792745 2.859530 2.676035 2.717732 2.107164 2.386022 2.890660 2.262499 2.756706 2.763733 2.447868 2.820360 2.074138 2.832935 2.832935 2.832935 2.419681 2.653272 2.653272 2.653272 2.653272 2.007384 2.062371 1.933349 2.773955 2.820360 2.783604 2.261341 1.912395 2.494275 1.977863 2.139131 2.165280 2.165280 1.820870 1.804164 1.962750 1.904751 1.893118 1.770641 2.384559 1.972560 2.557870 2.914139
1.975136 1.859116 2.259253 2.259253 2.014543 2.274074 2.838138 2.495635 1.942403 2.821831 1.942126 2.489047 2.075802 2.416612 2.806249 2.752833 2.776349 2.932377 2.417183 2.872077 2.790852 2.478839 2.369334 2.448598 2.337676 2.337676 2.770109 2.873474 2.717732 2.073652 2.073652 2.058609 2.820360 2.824835 2.488274 2.569395 2.392801 2.768708 2.784887 2.917859 1.934945 2.200602 2.453438 2.773955 2.788423 2.271090 2.424592 2.260619 1.934362 1.952499 2.139131 1.867287 1.860907 1.804164 1.931624 2.094215 1.863425 2.077089 2.085698 1.976038 1.974467 2.261376 2.792503
2.085698 1.782639 1.768274 2.023565 1.801086 1.908806 2.117783 1.908806 2.006556 2.425760 1.892827 2.260194 2.428025 1.942126 2.749036 2.824835 2.824835 2.966403 2.893139 2.798462 2.754453 2.790852 2.369334 2.812106 2.256477 1.963021 2.814821 2.844974 2.797702 2.907760 2.073052 1.977863 2.073105 2.820360 2.832935 2.411529 2.411529 2.873914 2.381349 1.833259 1.985245 1.835250 2.261376 2.897025 1.978749 2.814821 2.803341 2.822969 2.575099 2.063374 2.063374 1.834058 1.841460 1.962750 1.858852 2.027706 1.835663 2.122951 1.919468 2.074529 1.974467 1.972247 2.064706
1.847385 1.782639 1.772827 1.923180 2.368967 2.793758 2.453438 2.415160 2.006556 2.723195 2.703975 2.754167 2.370039 1.942126 2.501547 2.501547 2.940421 2.856425 2.811838 2.987283 2.832068 2.814821 2.754453 2.907760 2.499412 1.894427 2.483635 2.888495 2.836806 2.717732 2.417748 2.073723 1.984357 2.850720 2.832935 2.848138 2.822969 2.836806 2.485482 1.930529 1.985245 1.836551 1.836551 2.456903 2.073164 1.852715 1.946548 2.036861 2.408347 2.850362 2.031888 1.932641 1.951701 2.073164 1.848987 2.059503 2.039237 1.931722 1.783881 1.942281 2.436046 1.972247 1.919034
1.852027 1.847385 2.839590 2.647524 1.921883 2.835482 1.931251 1.931251 2.807343 2.075953 2.834054 2.488274 2.824835 2.595687 2.075802 2.827858 2.789405 2.868090 2.838174 2.901393 2.786167 2.676035 2.907760 2.262486 2.073052 1.833259 2.444830 2.423837 2.820360 2.591982 2.108342 2.187268 2.252816 2.358814 1.908806 1.908806 2.867505 2.836806 2.752386 2.480363 1.979272 1.861538 1.844499 1.966825 1.768928 1.866965 1.866965 2.036861 1.679271 1.835250 2.073164 2.132255 1.953071 1.886068 1.848987 2.037701 2.085698 2.071298 2.425179 2.448598 2.497503 1.998990 1.974467
2.874756 2.084819 2.084819 2.779178 2.911497 2.907760 2.064910 2.653272 2.111757 2.824835 2.824835 2.824835 1.985649 2.595687 2.829058 2.924467 2.419985 2.938104 2.262323 2.779178 2.433026 2.836806 2.816499 2.434734 2.103552 2.582646 2.444830 2.421282 2.418307 2.730831 2.850720 2.260021 2.261231 1.883877 2.873914 2.811397 2.735147 2.834046 2.479999 1.963021 1.768906 2.261790 2.637191 1.966825 1.863739 1.804164 2.007496 2.261955 1.759074 1.927702 2.118948 1.839016 1.932303 1.827550 1.827550 1.960601 2.165280 1.923068 2.418861 1.984357 1.935275 1.852401 2.415453
2.853855 2.115421 2.947070 2.911497 1.640305 2.907760 1.930264 1.800328 2.842610 2.829058 2.494001 2.360332 1.985649 2.829058 2.827216 2.752222 2.420754 2.860782 2.751997 2.751997 2.873337 2.754453 2.829553 2.831812 2.612560 2.443852 2.271090 1.941743 2.111757 2.872077 2.381349 2.381349 2.512262 2.871083 2.724920 2.787670 2.750907 2.820360 2.256477 1.931918 1.759074 2.836845 2.446957 2.056578 2.461445 2.073164 2.274074 2.274074 1.834058 1.804164 1.987043 1.957801 1.988744 1.865299 1.804164 1.745987 1.820527 2.056578 2.371141 2.040368 2.291795 1.934129 2.261754
2.873695 2.753358 2.862322 2.911497 2.832304 2.732624 2.801825 2.820360 2.829058 1.886814 1.929117 1.836551 1.836551 2.843834 1.883877 2.822181 2.958343 2.411218 2.788713 2.886265 2.873337 2.850720 2.866907 2.739446 2.425179 2.073052 2.695653 2.076325 2.491166 2.294718 2.831959 2.850720 2.850720 2.897118 2.717732 2.834046 2.261924 2.832935 2.256477 2.256477 2.499412 2.075953 2.716563 2.716194 1.990406 2.370062 2.900882 1.984357 1.846244 1.769032 2.454735 1.957801 1.956330 1.739398 1.934129 1.815698 2.005137 2.437285 2.371141 1.929117 1.750989 2.002719 2.059062
2.834798 2.932529 2.873021 2.466135 2.466135 2.743737 2.853113 2.986140 2.769332 2.057837 2.960165 2.072499 2.801825 2.709827 2.751113 2.760495 2.661802 2.790368 2.829260 2.792322 2.850720 2.831812 2.739446 2.073186 2.470853 2.431762 2.829959 2.076325 2.791243 2.582646 2.831959 2.259113 2.503136 2.845528 2.829553 2.411840 2.591982 2.503664 2.493454 2.812933 2.291795 2.831959 2.567485 2.764805 2.375030 2.514593 1.905766 1.768906 1.880756 2.027000 1.909225 1.863722 1.857288 1.988958 1.899147 2.033540 1.874555 2.439424 2.103412 2.411218 2.006556 2.336870 2.072977
1.984225 2.559801 1.966370 1.969184 1.923784 2.963170 2.769332 1.192949 1.192949 2.057837 2.743737 2.853113 2.864640 2.773078 2.800892 2.792503 2.661802 2.261924 2.440617 2.886324 2.734799 2.739446 2.739446 2.073186 2.837008 1.978407 1.915298 1.965909 2.871083 2.803341 2.823353 1.946668 2.483635 2.811036 2.110701 2.591982 2.411840 2.256477 2.455292 2.924296 2.796256 2.822893 2.893139 2.800892 2.717732 2.860598 2.434011 1.877935 1.816084 2.262502 2.073652 2.073652 2.426904 2.262514 1.861538 1.844499 1.845867 1.679927 1.963352 1.983546 1.883255 1.843315 2.012787
1.835592 1.900092 1.966370 1.754935 2.759189 2.856834 2.839193 1.834159 1.192949 1.192949 2.757026 2.965424 2.935114 1.192949 2.792503 2.811036 2.811036 2.425760 2.440617 2.488274 2.764405 2.867799 2.612560 2.470853 2.410742 2.398407 2.502147 2.567485 2.504930 2.803341 2.837388 1.980564 2.481298 2.847488 2.417466 1.951278 2.103412 2.829959 2.927026 2.893139 2.822893 2.506808 2.822893 2.822893 2.830468 2.838795 2.838876 2.860598 1.821195 1.944720 2.850752 2.754479 2.446957 2.388285 2.451827 1.844499 1.921883 2.073123 1.952318 1.804164 1.946290 1.887156 2.012787
2.076631 2.076083 1.897258 1.953687 1.800720 2.817108 1.769898 2.968606 2.968606 2.868090 2.932377 2.834046 2.875554 2.415745 2.371852 1.892288 1.981249 2.488274 2.440617 2.735432 2.860146 2.497334 2.835451 2.497800 2.866907 2.381349 2.567485 2.712246 1.921883 1.679819 1.957976 2.840213 2.872318 2.061972 2.417466 2.477961 2.477961 2.508190 2.841614 2.401994 2.795009 2.822893 2.557870 2.827154 2.512262 2.756124 2.436597 2.424069 1.730845 1.754660 2.050016 2.872555 2.550101 1.726226 1.804164 2.214876 1.985245 2.073164 2.073164 1.942028 2.073123 1.824817 2.082878
2.414839 2.414839 1.767125 2.107164 1.725513 2.261563 1.762709 1.893166 2.792745 2.798213 2.370062 2.055830 2.894972 2.415745 2.003240 2.569395 2.340883 2.866603 2.557870 2.905819 2.860146 2.335253 2.475966 2.803347 2.783458 2.835451 2.612560 2.712246 2.344856 1.903073 2.381349 2.591982 2.820360 2.053684 2.179598 1.934945 2.378244 2.372904 2.262357 2.461229 2.475384 2.899259 2.795009 2.822682 2.488108 2.831226 2.429491 2.061633 1.959359 2.075440 1.965244 2.793758 2.037323 1.837372 1.898610 1.898610 1.820926 1.866965 1.866965 1.804164 1.804164 1.804164 1.804164
2.874550 2.754167 2.754167 2.824835 2.824835 2.368228 1.762709 1.725513 2.458251 2.500381 2.481921 2.046970 1.999592 1.836026 2.824835 2.488274 2.488274 2.842304 2.813121 2.873249 2.873249 2.050791 2.820360 2.776349 2.758147 2.477097 2.437714 2.835482 2.886324 2.483635 2.827154 2.893139 1.963021 2.054930 1.980523 1.907953 1.857773 2.501015 2.072662 2.412762 2.070757 2.803341 2.841362 2.893139 2.865673 2.754367 2.307765 1.769158 1.769158 2.146250 2.832935 2.072110 2.838795 1.979704 2.297633 1.804164 2.073485 1.866965 1.866965 1.804164 1.873780 1.866965 1.866965
2.477097 2.900882 2.516932 2.822181 2.824835 2.824835 1.725513 1.868392 2.115421 2.478280 2.502613 2.438150 1.916188 1.916188 2.892819 2.824835 2.832458 1.935340 2.933533 2.835451 2.720466 2.050791 1.883877 2.416612 1.942126 1.942126 2.884147 2.453438 2.512262 1.833259 2.073138 2.424330 1.818213 2.291795 2.438409 1.911447 2.512195 2.072662 2.072662 2.351902 2.351902 2.072758 1.983614 1.972693 2.050016 2.899920 2.860598 1.984357 1.985245 2.653272 2.850720 1.857410 2.412851 1.726226 1.829672 1.804164 1.866965 1.916493 1.836551 1.804164 1.949141 1.866965 2.406275
2.434734 1.752285 2.818021 2.816499 1.966825 1.966825 2.089131 2.618445 1.752285 1.862179 2.494275 2.386705 1.927832 1.989556 1.937541 2.820360 1.894603 1.935340 2.957770 2.896374 2.867207 2.832935 2.822181 2.081119 1.942126 2.758317 2.730066 2.443732 2.412762 2.497932 1.818675 2.424330 1.897258 1.987172 1.804164 1.932641 2.512262 2.016201 1.992344 2.371852 2.820360 1.957976 2.256477 2.488108 2.075953 2.839193 1.911447 1.931938 2.506808 2.842819 2.526383 2.859124 2.459067 2.018204 1.869685 1.866965 1.866965 1.923180 1.804164 1.977444 1.867287 2.871587 1.851045
1.885374 1.868046 1.931203 1.752285 2.113061 1.862179 1.962521 2.148214 2.262516 2.238081 2.494275 1.964587 1.989556 2.835451 2.262512 2.924467 2.478803 2.983663 2.773246 2.896374 2.810946 2.428025 2.262471 1.931394 1.942126 2.793294 2.440617 2.259322 1.985649 2.435910 2.372239 2.291795 2.084819 1.682257 2.291795 2.291795 2.260194 2.340084 1.984225 2.752543 2.836806 2.739446 2.851361 2.871083 2.261376 2.582646 2.424253 2.734052 2.532370 2.485234 2.417166 2.606698 2.606698 2.459718 2.073014 1.801086 1.804164 1.962750 1.963688 1.957450 2.051577 2.070456 2.073978
2.839524 2.838138 2.816499 2.801825 2.754167 1.893110 1.732876 2.856425 1.927045 1.752285 2.493281 2.848787 2.414569 2.820360 1.769158 1.944746 2.754938 2.754938 2.857672 1.994139 2.752833 2.848138 2.924467 2.905659 2.837388 2.414839 2.853021 2.781292 2.757222 2.910389 2.919708 2.075410 1.893546 2.379508 2.606698 2.291795 1.951701 1.938238 1.961517 2.759941 2.838858 2.790852 2.851361 1.840960 1.840960 2.653272 2.845528 2.259113 1.890567 2.426620 2.749564 2.932673 2.478803 2.891184 2.374425 1.797349 1.902903 1.961878 1.804164 1.736500 1.940447 1.945534 1.675794
2.431246 1.973280 2.900882 2.870567 2.490125 2.728288 2.874550 2.856425 2.412851 2.412851 1.868392 2.849660 1.978840 1.938881 2.072818 2.754167 2.837115 2.383991 2.507848 2.754167 2.427906 2.848138 2.942174 2.905659 2.421804 2.905659 2.745159 2.804601 2.757222 1.985649 2.855169 2.259523 2.434972 1.984357 1.826746 2.291795 2.051695 2.051695 2.260466 1.949185 2.825297 2.836806 2.850720 2.512262 2.073977 2.532370 2.413370 2.465656 2.758317 2.747495 2.417183 2.838463 1.949928 2.749540 2.754167 2.824835 1.954261 1.682257 1.860576 1.952837 1.836551 1.836551 2.165280
2.844726 2.844726 2.801205 2.822181 2.445502 1.957466 2.530379 2.443778 2.891184 2.801825 2.803341 2.818567 1.798057 2.810525 2.072818 2.754167 1.865609 2.844974 2.774284 2.727181 2.793515 2.806090 2.749784 2.729983 2.776349 2.113061 2.735432 2.951222 2.873337 2.709827 2.797499 2.739446 2.485120 2.410138 2.340883 1.996948 2.820360 2.075549 2.258598 2.880299 2.844974 2.840803 2.822343 2.847488 2.417748 2.800548 2.259841 2.483475 2.754167 2.838463 2.817634 2.731633 2.863054 2.497334 2.754167 2.471597 2.471597 1.960818 1.883255 2.074374 1.892711 1.962750 1.866965
2.720466 1.883877 2.777376 2.075953 2.494275 2.490149 2.836806 2.830054 2.759408 2.760796 2.843694 2.738527 2.835482 2.730066 2.901393 2.824835 2.754167 2.755314 2.833299 2.824835 1.995302 1.995302 1.995302 2.009263 2.827216 2.370062 2.793294 2.838518 2.836132 2.751313 2.864389 2.707849 2.844212 2.410742 2.754453 2.344856 2.820360 2.371852 1.967584 2.500381 2.850720 2.900882 2.766938 2.304881 2.839524 2.503136 2.259841 2.803341 2.803341 2.789328 2.731633 2.756375 2.838491 2.798462 2.843908 2.707849 2.737918 2.477097 1.946539 1.774724 1.767726 1.873780 1.992067
2.491204 1.919603 2.892819 2.756375 2.718261 2.796741 2.754483 2.707177 2.843694 2.739914 2.839798 2.795774 2.840490 2.840490 2.818021 2.262512 1.948175 2.678854 2.166087 2.601212 1.870386 2.714167 2.042414 2.480577 2.284449 2.370062 2.722939 2.866907 2.974253 2.835451 2.381349 2.864389 2.844212 2.410742 2.875275 2.486575 2.491727 2.798656 2.409317 2.500381 2.865673 2.865673 2.512454 2.452605 2.786167 2.480577 2.094054 2.824111 2.850720 2.707849 2.917859 2.944297 2.756032 2.486086 2.832935 2.334442 2.265096 2.771158 1.892711 1.995035 2.429393 2.167795 2.637191
2.759189 2.375631 2.792503 2.791302 2.715186 2.745494 2.745494 1.924862 2.824835 1.967918 2.033355 1.744488 2.484061 2.482289 2.791357 1.933355 1.971969 1.971969 2.166087 2.033468 2.437049 1.953028 1.984935 1.886459 2.285107 1.955062 2.724448 2.754167 2.764805 2.842873 2.804601 2.829553 2.499412 1.985649 2.844212 2.836806 2.873337 2.834072 2.331930 2.361089 2.922400 2.744818 2.456649 2.799444 2.988145 2.825387 2.802754 2.835451 2.811036 2.863054 2.806433 2.713601 2.752451 2.056358 2.820360 2.754167 2.749291 2.786448 1.819041 2.229303 2.229303 1.964799 1.884084
2.936740 2.014142 2.777143 2.867799 2.985459 2.790112 2.769332 2.792503 2.824835 2.383991 1.946758 1.866965 2.516318 2.842863 2.780434 1.996826 2.192996 1.830788 1.871804 1.912796 1.986035 2.832043 2.073138 1.934129 1.885934 1.885934 2.377278 2.761766 2.727181 2.889222 2.836280 2.873337 1.888368 2.542263 2.736316 2.647524 2.792322 2.873337 2.463038 2.924296 2.842224 2.664699 2.754030 2.873337 2.954122 2.421019 2.809711 2.864389 2.824111 2.838491 2.806433 2.908254 2.461522 2.461522 1.891413 2.196804 2.484556 2.483635 1.893166 1.799763 1.962750 2.009578 1.813947
2.423337 2.077595 1.929732 2.978155 2.722939 2.775170 2.708515 2.713601 1.883877 1.774092 2.840490 2.042414 2.661851 2.857672 2.277961 1.864988 1.913633 2.379508 2.379508 2.291795 1.677517 2.424084 2.372699 2.822176 2.737700 1.934063 1.860149 2.840490 2.754167 2.754167 2.809152 2.740662 2.717191 2.499992 2.336870 2.867505 2.792322 2.792322 2.834696 2.830366 2.487925 2.792322 2.792322 2.873337 2.839339 2.839339 2.873337 2.864389 2.808249 2.830520 2.847488 2.944297 2.886324 2.737474 2.078912 2.869222 2.417191 2.916162 2.824345 1.841460 1.866965 2.893139 1.891413
1.830788 1.802087 2.836387 2.779418 2.753324 2.786448 2.710473 2.754367 2.734251 1.985498 1.985498 1.713347 1.762709 2.756032 2.763439 2.073039 2.829058 2.764805 1.738832 1.916610 2.741869 2.436597 2.372699 2.073039 2.969513 2.185354 2.116602 1.948175 2.066158 2.754167 2.760796 2.743758 2.440473 2.707849 2.795501 2.814822 2.729674 2.951222 2.868662 2.437049 2.837008 2.873337 2.591982 2.792322 2.773246 2.790852 2.873337 2.707849 2.822273 2.819755 2.835451 2.934223 2.718261 2.717732 2.128053 2.479999 1.965244 1.834058 1.834058 1.945534 2.428025 2.749564 2.059474
1.953028 1.802087 2.109203 2.759189 2.720956 2.411218 2.831812 2.800988 2.951982 2.958798 2.834490 2.056358 2.792322 2.495868 1.963021 2.637191 2.944297 2.824320 2.735711 2.371497 2.324887 1.959051 2.105985 2.795501 2.795501 2.951222 2.476546 2.850720 2.032519 2.754167 1.950234 2.827279 2.754167 2.730452 2.922466 2.845403 2.951222 2.899885 2.966511 2.862713 2.751695 2.836806 2.739446 2.917859 2.792322 2.778394 2.951222 2.723484 2.758461 2.811838 2.830054 2.812106 2.752978 2.754453 2.128053 1.766996 1.866965 1.866965 1.768741 1.829215 1.841460 2.008420 2.822181
2.374425 2.045987 1.938261 2.985421 2.812933 2.026028 2.750571 2.836132 2.726550 2.758461 2.799444 2.514293 2.752386 2.730831 2.905659 2.725664 2.974166 2.262264 2.312075 2.833155 1.991866 2.737004 2.737004 2.749564 2.870305 2.844574 2.903522 2.816699 2.431077 2.800892 2.837115 2.372969 2.410274 2.430724 2.481298 2.260901 2.489649 2.731633 2.790383 2.788704 2.751695 2.728458 2.864389 2.797702 2.822343 2.709980 2.707849 2.723484 2.822273 2.822273 2.811838 2.084048 2.755022 2.787299 2.436140 2.874341 2.476546 1.841460 1.826475 2.260466 2.101274 2.858342 2.297633
