Example_Watersheds/WA_MashelWatershed/DataInputs/o_3_ChemistryPools/Mashel_1990_Pools/DOC_Pool_4.asc
ncols         923
nrows         455
xllcorner     550005.67551598
yllcorner     5180549.8134422
cellsize      30
NODATA_value  -9999
[rows 56 to 83 of 455, columns 441 to 503 of 923]
0.034913 0.054091 0.047591 0.066539 0.089889 0.063096 0.089540 0.070706 0.088187 0.049192 0.007278 0.007278 0.015290 0.040301 0.035875 0.034466 0.053775 0.047722 0.033195 0.007278 0.007278 0.021000 0.073735 0.005609 0.030581 0.088357 0.088568 0.086097 0.088568 0.089418 0.089271 0.084218 0.090118 0.041581 0.047396 0.047907 0.090225 0.047697 0.088170 0.088170 0.089418 0.088570 0.099619 0.088928 0.071873 0.048085 0.099048 0.088410 0.089899 0.069593 0.088209 0.088450 0.086929 0.075230 0.088566 0.084468 0.086097 0.069180 0.070638 0.083434 0.062486 0.087092 0.089288
0.041674 0.054091 0.056387 0.043388 0.043388 0.054461 0.066539 0.089970 0.071716 0.071489 0.076572 0.062703 0.029054 0.040612 0.035599 0.034466 0.088146 0.069616 0.047542 0.028960 0.086811 0.048729 0.028817 0.050009 0.092003 0.090034 0.069990 0.092896 0.099608 0.089284 0.072522 0.072522 0.088411 0.095615 0.041581 0.047286 0.042029 0.088804 0.086913 0.096893 0.092063 0.088170 0.099304 0.091862 0.041156 0.088529 0.062967 0.099512 0.099482 0.089048 0.087576 0.091986 0.071378 0.091104 0.076108 0.090384 0.075161 0.087335 0.089618 0.089618 0.082455 0.074277 0.069708
0.052402 0.089183 0.071211 0.035984 0.037528 0.037528 0.043388 0.066539 0.053311 0.036071 0.074460 0.042199 0.040750 0.049604 0.042493 0.007278 0.090576 0.075230 0.048538 0.089292 0.028334 0.007278 0.005812 0.089143 0.089143 0.089821 0.095615 0.091754 0.088289 0.090381 0.088598 0.089313 0.054077 0.049290 0.041581 0.089287 0.087415 0.088146 0.096893 0.088146 0.088403 0.091947 0.099619 0.091377 0.072751 0.071573 0.079483 0.099512 0.096563 0.090537 0.090886 0.092978 0.089398 0.090011 0.088476 0.074277 0.098163 0.091074 0.073531 0.047550 0.069935 0.074277 0.053986
0.088411 0.092050 0.069616 0.069329 0.037528 0.037533 0.068498 0.041709 0.054461 0.033502 0.069557 0.066682 0.089480 0.047503 0.007278 0.042493 0.005812 0.089907 0.028817 0.074364 0.035177 0.088094 0.005609 0.089408 0.088270 0.048010 0.095615 0.092896 0.089998 0.090518 0.088568 0.005609 0.048007 0.049290 0.041581 0.021000 0.089326 0.088111 0.077795 0.091986 0.088403 0.089025 0.092074 0.092074 0.088457 0.086601 0.062711 0.088316 0.090263 0.099482 0.096342 0.088568 0.090281 0.074301 0.089285 0.065625 0.088194 0.099372 0.096106 0.056320 0.089600 0.053487 0.057175
0.071429 0.088568 0.050056 0.054161 0.037528 0.037533 0.071544 0.070035 0.070035 0.062967 0.072788 0.069960 0.088699 0.051632 0.049089 0.074015 0.088570 0.007278 0.007278 0.074364 0.041497 0.035460 0.071433 0.088521 0.089886 0.089171 0.090479 0.086684 0.088495 0.067429 0.074133 0.088568 0.086936 0.089843 0.047801 0.074202 0.074202 0.088357 0.089183 0.072361 0.098838 0.089377 0.088476 0.089272 0.086766 0.041156 0.071573 0.092063 0.088329 0.096342 0.096342 0.099083 0.064444 0.089833 0.089598 0.086751 0.086547 0.085195 0.088598 0.089139 0.089735 0.066597 0.052594
0.052640 0.041387 0.047967 0.069204 0.034466 0.035875 0.070704 0.053012 0.037533 0.071489 0.088183 0.088170 0.064590 0.046082 0.047591 0.054135 0.049891 0.086014 0.007278 0.007278 0.007278 0.035177 0.088411 0.088570 0.087797 0.088570 0.089916 0.074452 0.074452 0.092207 0.047623 0.072126 0.088568 0.089906 0.095403 0.050764 0.088786 0.069593 0.074317 0.087142 0.089604 0.088111 0.089249 0.089205 0.090041 0.054669 0.088664 0.088316 0.088217 0.092106 0.097449 0.099083 0.062695 0.088551 0.088928 0.088612 0.096447 0.086746 0.071504 0.092106 0.099621 0.088316 0.070850
0.064103 0.048987 0.015290 0.074406 0.078047 0.062967 0.067212 0.070704 0.073052 0.089439 0.092050 0.093985 0.018261 0.028316 0.047889 0.053101 0.075773 0.047431 0.059446 0.007278 0.039944 0.090034 0.028379 0.090479 0.092003 0.088568 0.069043 0.088568 0.089484 0.075503 0.047623 0.089284 0.089973 0.090430 0.089292 0.072522 0.079769 0.069593 0.069813 0.087142 0.090574 0.088660 0.092408 0.089025 0.090041 0.089326 0.089886 0.089267 0.089205 0.090537 0.088928 0.088374 0.071070 0.097395 0.092063 0.088474 0.090518 0.069421 0.069777 0.088660 0.089265 0.069612 0.086180
0.047252 0.041853 0.037503 0.088471 0.089289 0.088368 0.089916 0.089805 0.088279 0.089439 0.093985 0.019290 0.019290 0.040523 0.041497 0.040745 0.088337 0.053932 0.083434 0.005609 0.019290 0.088239 0.088425 0.090479 0.089143 0.005617 0.088568 0.088495 0.088495 0.087063 0.043388 0.088955 0.088403 0.090430 0.088890 0.089419 0.084375 0.070194 0.090221 0.089574 0.089574 0.088568 0.089916 0.089225 0.089418 0.099304 0.088533 0.090037 0.092106 0.090020 0.089924 0.070329 0.088316 0.099048 0.089037 0.088489 0.088737 0.086523 0.088928 0.074034 0.074258 0.089838 0.095630
0.028277 0.069204 0.037503 0.088471 0.089418 0.089418 0.089177 0.089265 0.088279 0.092072 0.092408 0.044618 0.006123 0.040212 0.033262 0.088183 0.088520 0.047593 0.061234 0.037528 0.092003 0.089471 0.095615 0.089138 0.088435 0.088357 0.088357 0.091787 0.089799 0.089268 0.088495 0.090244 0.090244 0.088289 0.089108 0.090244 0.089633 0.074386 0.090244 0.085589 0.074071 0.072091 0.073052 0.069658 0.092060 0.090682 0.089288 0.092050 0.088559 0.088566 0.090263 0.069715 0.095259 0.088561 0.091541 0.088489 0.093364 0.087761 0.088477 0.089586 0.089586 0.052043 0.096973
0.056824 0.035337 0.034466 0.088483 0.088570 0.089886 0.089177 0.088194 0.093985 0.098190 0.090244 0.047565 0.045082 0.054091 0.011666 0.088564 0.088183 0.047862 0.039765 0.069822 0.092073 0.005609 0.005782 0.040543 0.088435 0.092003 0.091377 0.049314 0.089821 0.090317 0.042363 0.089916 0.086677 0.090244 0.089108 0.041581 0.088931 0.092060 0.041156 0.097888 0.071645 0.072091 0.089277 0.070875 0.089604 0.097888 0.090399 0.074062 0.088559 0.087919 0.088799 0.090707 0.088612 0.091787 0.088566 0.088476 0.092800 0.097287 0.098226 0.088473 0.087103 0.056756 0.099144
0.082094 0.063096 0.005941 0.089177 0.098108 0.088374 0.089177 0.092050 0.089073 0.094647 0.090039 0.028404 0.013534 0.047359 0.006123 0.088456 0.086510 0.089733 0.078296 0.047591 0.037753 0.089691 0.005609 0.021845 0.089706 0.092003 0.092003 0.049314 0.088183 0.088906 0.088243 0.090058 0.073987 0.089377 0.098600 0.072213 0.069838 0.053581 0.041156 0.055275 0.086880 0.069130 0.088521 0.089156 0.089156 0.088568 0.090185 0.089885 0.075024 0.096016 0.097888 0.091901 0.097432 0.098875 0.088659 0.055275 0.099512 0.089833 0.089232 0.089833 0.095475 0.089210 0.090261
0.056974 0.072091 0.047970 0.088468 0.078711 0.089177 0.089177 0.089532 0.094647 0.094647 0.090244 0.090244 0.087058 0.069821 0.042846 0.047503 0.088443 0.088593 0.089689 0.012356 0.083610 0.081085 0.088329 0.052692 0.088289 0.071573 0.032954 0.064347 0.089861 0.088183 0.074258 0.041444 0.090025 0.089734 0.041581 0.089889 0.065448 0.065448 0.065448 0.073120 0.070499 0.088403 0.092072 0.089520 0.072091 0.047734 0.088570 0.093545 0.089833 0.089487 0.087754 0.099144 0.090351 0.088183 0.089520 0.070097 0.096563 0.097711 0.088564 0.089833 0.099621 0.090205 0.053012
0.071433 0.071433 0.069616 0.092072 0.088374 0.089177 0.089177 0.089177 0.098838 0.088566 0.090244 0.090244 0.071044 0.035288 0.060288 0.084745 0.086496 0.089330 0.069422 0.069406 0.054091 0.053959 0.065985 0.096893 0.048762 0.047447 0.043094 0.091644 0.086980 0.086980 0.048073 0.085016 0.088556 0.089330 0.088534 0.048015 0.089232 0.069585 0.065448 0.070144 0.062398 0.089073 0.089028 0.069408 0.089134 0.047734 0.089156 0.099304 0.088110 0.069708 0.067212 0.088367 0.090351 0.088545 0.097395 0.047553 0.051673 0.092073 0.089277 0.095951 0.063907 0.070923 0.090537
0.088457 0.086536 0.089997 0.098838 0.098595 0.098079 0.098079 0.088468 0.088430 0.088411 0.090244 0.073064 0.047926 0.042583 0.041799 0.068357 0.088564 0.088506 0.088982 0.063016 0.054135 0.048016 0.049700 0.053912 0.084515 0.062967 0.030869 0.037528 0.085106 0.089156 0.047734 0.085016 0.088804 0.089007 0.005609 0.073870 0.076440 0.089511 0.073157 0.069556 0.090028 0.074052 0.086304 0.086496 0.069526 0.047734 0.090263 0.088110 0.089833 0.082992 0.090035 0.069541 0.070638 0.089156 0.090263 0.052362 0.048001 0.078419 0.058213 0.086785 0.090024 0.047315 0.089600
0.079387 0.089916 0.088570 0.098838 0.088468 0.098595 0.087134 0.090244 0.088357 0.090244 0.090244 0.032055 0.032635 0.032635 0.054091 0.034743 0.068879 0.052919 0.089326 0.042808 0.047479 0.036338 0.046387 0.042501 0.042827 0.021845 0.037528 0.073189 0.089408 0.092106 0.089886 0.070426 0.088516 0.088259 0.007278 0.007278 0.006123 0.089246 0.077028 0.073870 0.071819 0.071819 0.066908 0.086751 0.088548 0.055275 0.088146 0.088525 0.089277 0.069595 0.070499 0.099512 0.088329 0.097922 0.098875 0.069960 0.089833 0.088403 0.073261 0.069715 0.088511 0.085760 0.074473
0.088420 0.091426 0.098947 0.089177 0.090982 0.090982 0.097746 0.091995 0.090221 0.090244 0.090244 0.034854 0.042615 0.042731 0.049938 0.071819 0.068878 0.071008 0.088520 0.071645 0.056597 0.088477 0.047559 0.032635 0.054225 0.021845 0.021845 0.080806 0.086857 0.047356 0.069973 0.081455 0.069938 0.069938 0.063096 0.089994 0.090040 0.070486 0.086056 0.032047 0.088146 0.050547 0.066908 0.069746 0.063096 0.044230 0.092207 0.088110 0.089562 0.069595 0.085972 0.088734 0.088829 0.062851 0.098875 0.056546 0.089833 0.074025 0.089520 0.070486 0.073938 0.073938 0.088520
0.089205 0.088468 0.089177 0.099111 0.086690 0.089936 0.097746 0.080244 0.077093 0.076768 0.047326 0.053606 0.058462 0.048470 0.057143 0.074194 0.090034 0.088598 0.092050 0.074125 0.088520 0.089814 0.048085 0.032635 0.035186 0.035574 0.053926 0.021659 0.042070 0.090244 0.074269 0.071132 0.089139 0.088516 0.090034 0.089994 0.094805 0.089562 0.074467 0.006123 0.090123 0.089217 0.071141 0.054096 0.070267 0.073189 0.088660 0.088521 0.088516 0.082992 0.089675 0.088734 0.089487 0.089886 0.089183 0.091133 0.073987 0.089330 0.063076 0.078711 0.054465 0.078711 0.074301
0.090014 0.088612 0.087778 0.088430 0.088367 0.074253 0.073120 0.080244 0.069670 0.030187 0.041760 0.065448 0.070313 0.032635 0.057143 0.088838 0.084971 0.089924 0.092050 0.089989 0.088520 0.047610 0.036338 0.037010 0.069043 0.037528 0.037528 0.063610 0.089116 0.088548 0.088403 0.089277 0.088476 0.097888 0.066908 0.088516 0.086684 0.088712 0.047697 0.012356 0.070502 0.070540 0.047455 0.066424 0.047965 0.047965 0.086787 0.048032 0.088146 0.089809 0.070706 0.089232 0.070499 0.070165 0.098108 0.072682 0.089398 0.090097 0.070152 0.090139 0.088521 0.090752 0.089246
0.090014 0.090982 0.096840 0.084653 0.088568 0.070459 0.091625 0.088566 0.042214 0.049053 0.049053 0.060228 0.088289 0.086466 0.078613 0.089292 0.088566 0.088259 0.068878 0.070373 0.072438 0.088520 0.071489 0.032635 0.055554 0.021845 0.021845 0.068878 0.086857 0.094239 0.070206 0.089204 0.088516 0.088516 0.088495 0.062288 0.069852 0.069852 0.058957 0.070144 0.066963 0.086523 0.069461 0.073261 0.088474 0.088476 0.086787 0.009303 0.092896 0.088411 0.097918 0.085459 0.088511 0.070165 0.093724 0.089833 0.098982 0.069442 0.088110 0.088612 0.088521 0.089138 0.090479
0.097922 0.090144 0.090144 0.088243 0.069790 0.069790 0.087019 0.069600 0.043787 0.071155 0.047141 0.074072 0.088263 0.086496 0.074416 0.088094 0.089712 0.090250 0.057460 0.088506 0.090038 0.090038 0.088103 0.035186 0.055368 0.042363 0.075298 0.049556 0.088130 0.092028 0.092028 0.090540 0.071141 0.092072 0.088516 0.086766 0.090281 0.066279 0.090351 0.070144 0.091104 0.090020 0.090076 0.087134 0.005931 0.036830 0.035027 0.069556 0.088470 0.088738 0.089691 0.089799 0.088662 0.089330 0.088110 0.090299 0.089465 0.090035 0.086766 0.090159 0.074188 0.083872 0.085972
0.098340 0.090440 0.087132 0.090039 0.071044 0.062735 0.069973 0.076963 0.088471 0.088521 0.089459 0.074072 0.088533 0.088563 0.088094 0.099304 0.090263 0.072735 0.057460 0.090038 0.090038 0.074151 0.056722 0.070923 0.032635 0.034587 0.021845 0.074125 0.048015 0.069649 0.052919 0.088612 0.090244 0.088612 0.088364 0.087335 0.090820 0.073209 0.070388 0.089532 0.079002 0.088551 0.089799 0.042153 0.072199 0.035027 0.009303 0.035149 0.035082 0.069784 0.033177 0.097568 0.054253 0.069526 0.088533 0.092048 0.074062 0.088557 0.089277 0.057397 0.088516 0.087142 0.089330
0.088414 0.098190 0.092067 0.078171 0.071044 0.069130 0.086097 0.069668 0.047798 0.069668 0.086097 0.088451 0.099304 0.074228 0.074228 0.090036 0.089971 0.085371 0.054669 0.055275 0.054669 0.069758 0.072704 0.031878 0.047865 0.032635 0.037528 0.069899 0.071489 0.016576 0.049168 0.070704 0.069929 0.069868 0.086667 0.086304 0.089487 0.070805 0.086891 0.092003 0.069218 0.089973 0.089973 0.073104 0.053325 0.069556 0.055173 0.053455 0.070268 0.047299 0.033177 0.089947 0.087335 0.090035 0.088457 0.096624 0.099621 0.088557 0.099450 0.088484 0.084328 0.088476 0.089997
0.090034 0.088420 0.089936 0.088346 0.074273 0.097922 0.097922 0.063096 0.088675 0.069616 0.059567 0.054694 0.070167 0.072735 0.097888 0.086990 0.088786 0.069616 0.070097 0.037574 0.086097 0.072307 0.053599 0.088411 0.042255 0.047545 0.015798 0.005609 0.070979 0.074206 0.047831 0.042419 0.070253 0.054565 0.054565 0.069067 0.089843 0.082185 0.048001 0.065164 0.074188 0.088052 0.087849 0.073104 0.088511 0.077028 0.053012 0.053455 0.047570 0.047570 0.053581 0.063057 0.052919 0.069790 0.055275 0.073938 0.098369 0.099304 0.099621 0.088568 0.067572 0.069975 0.069975
0.094071 0.090034 0.082094 0.088346 0.047489 0.088516 0.083697 0.072563 0.069616 0.054055 0.088712 0.069790 0.089604 0.097421 0.074423 0.086990 0.088483 0.086766 0.052904 0.069790 0.068928 0.070152 0.053599 0.089116 0.046692 0.047603 0.042050 0.034466 0.069338 0.072199 0.036504 0.047385 0.037158 0.051626 0.048138 0.083872 0.088769 0.056440 0.070557 0.056117 0.089833 0.071008 0.088443 0.072468 0.062460 0.053325 0.088346 0.053325 0.047889 0.011882 0.039867 0.054119 0.062687 0.089809 0.047734 0.091401 0.062960 0.086056 0.089249 0.055275 0.069537 0.047734 0.055173
0.089618 0.090034 0.069592 0.069686 0.089520 0.088368 0.083697 0.082185 0.069616 0.086014 0.089604 0.086496 0.089833 0.089048 0.091496 0.095819 0.088568 0.078711 0.078711 0.091986 0.098190 0.090001 0.088183 0.088477 0.069929 0.036466 0.047759 0.040212 0.042153 0.069422 0.035228 0.064103 0.048013 0.040750 0.054127 0.069790 0.069541 0.069633 0.069973 0.069331 0.088425 0.079579 0.052362 0.070094 0.090040 0.041387 0.041387 0.070124 0.069105 0.069616 0.035082 0.024236 0.063057 0.088471 0.047734 0.086766 0.089562 0.089833 0.086588 0.075367 0.058586 0.047734 0.078047
0.090462 0.088215 0.088289 0.068286 0.088464 0.088915 0.071100 0.097991 0.085239 0.091833 0.088497 0.088497 0.070638 0.098765 0.089048 0.092896 0.088551 0.089767 0.089886 0.088570 0.088146 0.088558 0.036838 0.089843 0.070295 0.047591 0.042542 0.054055 0.015804 0.047189 0.043081 0.069519 0.040301 0.041502 0.037158 0.069391 0.053959 0.071573 0.071573 0.052640 0.053241 0.089889 0.090518 0.088853 0.090537 0.095951 0.094239 0.070124 0.088483 0.047565 0.047336 0.048138 0.089833 0.090013 0.052919 0.055102 0.089138 0.062220 0.090468 0.087754 0.069903 0.064926 0.055229
0.087837 0.088495 0.088333 0.088333 0.089604 0.075570 0.099540 0.082094 0.087837 0.049938 0.088915 0.085845 0.086946 0.096106 0.098188 0.095111 0.088377 0.088215 0.088146 0.088570 0.086766 0.070323 0.069043 0.089205 0.088411 0.082545 0.042542 0.069776 0.053455 0.053455 0.070819 0.070819 0.005941 0.040301 0.032862 0.037158 0.053241 0.064298 0.047895 0.074438 0.076898 0.066015 0.069011 0.089138 0.070850 0.052778 0.089833 0.088516 0.070123 0.089242 0.051840 0.047479 0.048115 0.088762 0.053946 0.087335 0.092028 0.078808 0.086466 0.092072 0.070947 0.069708 0.070076
0.091351 0.097746 0.088593 0.088289 0.088111 0.075570 0.063089 0.047961 0.072213 0.070638 0.070022 0.088111 0.086946 0.090013 0.097518 0.090040 0.089273 0.089973 0.090263 0.089886 0.087021 0.052904 0.069708 0.084607 0.089809 0.096893 0.090576 0.064686 0.055368 0.042956 0.062521 0.079960 0.057397 0.052402 0.037158 0.035117 0.027690 0.047115 0.048433 0.056546 0.089487 0.089661 0.089134 0.053048 0.084328 0.084328 0.089833 0.084699 0.074168 0.088890 0.088890 0.069897 0.069708 0.056145 0.077286 0.067212 0.089205 0.088619 0.086466 0.099304 0.052164 0.062269 0.071645
