Example_Watersheds/WA_MashelWatershed/DataInputs/o_3_ChemistryPools/Mashel_1990_Pools/DOC_Pool_2.asc
ncols         923
nrows         455
xllcorner     550005.67551598
yllcorner     5180549.8134422
cellsize      30
NODATA_value  -9999
[rows 297 to 323 of 455, columns 366 to 426 of 923]
12.542857 12.287800 12.442582 12.495884 11.707167 11.694736 12.532109 11.809096 12.013633 11.806670 12.540109 12.540109 12.667538 11.607331 9.049241 12.399800 12.009168 11.742290 11.604639 10.734819 11.792510 12.572342 10.623573 10.205872 12.383342 12.703887 11.852967 12.583958 12.362932 12.451611 11.100785 9.720132 8.970374 9.870985 9.721451 8.165844 12.152860 8.508153 8.508153 10.349627 11.977324 11.172157 10.826348 11.841506 12.605821 10.169443 10.676132 11.806670 12.260070 9.049241 11.140620 7.690004 10.464441 9.720871 12.492321 11.280647 8.820646 7.797765 12.181077 8.785871 12.476134
11.648814 12.403014 12.158233 12.158233 12.246581 12.680303 11.745401 10.192384 12.430953 11.465512 11.788384 10.376204 12.741190 10.402995 8.961105 11.768690 12.112800 12.741190 8.127584 12.135278 12.105111 12.572342 11.076664 12.009641 11.789946 11.943375 12.141988 10.667518 11.627850 11.727499 12.120956 12.120956 10.627935 11.148532 12.149624 12.065947 12.288345 11.788384 12.149624 12.172271 10.368452 9.721465 12.097010 11.841506 12.157449 9.908064 10.441407 12.472538 5.054282 11.816029 11.140620 10.666313 12.201133 8.275403 11.280647 10.085476 10.041709 7.797765 10.185046 8.785871 10.453282
12.369291 11.694736 12.713491 12.663057 11.833885 11.669282 10.325271 12.579045 11.788384 8.229461 11.740696 11.725167 11.607063 8.961105 12.096045 8.127584 11.784627 12.598048 12.107438 12.572342 12.174292 11.681097 11.665405 11.665405 8.415729 12.235333 11.891929 10.721452 12.187291 11.683655 12.088705 12.575188 10.732603 11.940320 11.910428 11.607331 12.288345 11.132690 11.132690 12.093000 9.483836 12.085527 10.601087 10.534735 12.141533 10.741440 10.494045 11.834556 7.960494 11.341361 12.201133 12.047244 9.110487 10.393801 9.049241 10.568412 8.322535 8.441548 8.333433 10.601087 11.280647
12.001971 12.399747 11.929108 9.001040 11.934630 11.179995 9.643197 8.921128 11.788384 9.770475 12.093000 8.943861 12.105111 12.071962 10.200568 10.200568 8.236156 12.093000 12.722079 12.155628 12.430953 12.702784 11.794435 10.473729 8.390189 12.476134 11.829948 11.632284 12.001971 11.798400 8.442538 8.388608 11.790024 8.127584 12.430953 9.643197 12.171702 12.571322 12.128422 8.364240 8.044488 12.096045 8.561619 8.561619 7.514880 9.770475 12.096045 12.096045 12.181648 12.472538 11.566115 10.667518 12.187291 10.737031 9.095062 8.165844 8.275403 8.901448 8.575081 10.718807 11.280647
11.780944 12.399747 11.787070 11.674107 10.422146 8.041175 12.237076 12.089052 12.089052 12.085527 12.032174 9.715192 10.380501 8.388608 10.259566 12.240153 8.190882 11.788384 12.093000 10.189594 8.943379 8.559374 11.948793 10.380501 8.944491 10.189594 12.333333 11.740696 12.710403 12.390087 12.744868 11.798400 10.749639 8.643278 8.869388 8.869388 12.096045 10.169207 8.536645 8.384689 10.594470 10.423216 10.144113 7.514880 8.391550 10.394782 12.032174 12.096045 10.363891 8.888274 12.050667 11.712717 10.784204 9.711972 9.095062 8.328567 8.904171 8.927612 8.820646 11.707167 11.772914
12.138671 11.759116 11.852852 12.476253 11.985705 11.861864 12.455718 7.805141 12.176857 9.839831 10.594470 11.957254 10.686081 9.901907 11.683655 9.721375 12.265360 9.125924 12.138671 8.127584 11.930289 12.183997 10.041709 8.358109 12.283120 12.133554 11.798400 11.798400 12.658463 12.549710 10.362340 12.747543 10.443292 11.774605 8.283077 10.531375 12.551874 9.770475 9.770475 10.423216 10.594470 8.454032 8.716969 9.119340 9.770475 8.469581 12.140037 12.224077 12.014415 8.554057 12.224077 8.349570 8.738026 9.720229 8.541853 8.263243 10.368452 11.342880 8.905737 11.772914 12.467992
12.390087 11.861759 12.546418 11.796512 12.752672 12.225875 11.934630 12.237076 11.788384 10.169207 12.235333 11.593814 10.686081 10.545842 12.096045 11.621279 9.564007 12.181648 8.146921 8.127584 8.325552 12.115276 12.285760 10.201906 10.428830 12.140037 10.380501 11.934159 12.572342 11.927922 11.768690 11.798400 11.857353 10.335791 10.041709 10.531375 12.032174 8.869388 9.846081 10.644946 12.274880 8.028988 9.151247 8.391550 8.538031 8.113202 9.718107 9.718107 8.605705 9.846081 10.352064 8.399289 7.586341 8.800249 8.165221 8.490067 8.477799 10.371624 12.279061 12.167153 12.167153
12.390087 12.390087 10.852125 9.012984 12.093000 12.225875 12.032174 8.338828 10.659257 12.310223 12.752032 12.246309 12.246309 12.166743 10.852125 8.491906 9.097614 8.943379 10.667518 11.622891 12.101911 11.922196 11.943375 11.686963 11.751309 10.390146 12.721196 11.933124 12.613417 12.572342 11.648756 12.039953 11.977598 11.919049 12.241736 12.224077 11.747900 8.607174 8.559157 8.559157 9.846081 10.343892 8.605705 9.046314 8.584080 7.804224 9.770475 10.394782 7.932564 9.253041 9.846081 8.399289 10.256575 10.291763 9.719475 8.490067 8.477799 9.049241 12.279061 11.743859 10.739372
11.989734 12.157441 12.114560 8.944498 8.944498 12.181648 11.704424 12.455718 8.127584 9.049241 12.120956 10.055302 11.726997 8.944401 8.523190 9.053866 12.304937 11.839148 11.788072 12.237076 9.402685 10.675688 8.962986 11.751309 11.751309 12.263695 12.507622 8.148574 12.741190 12.591203 12.527140 11.857353 11.857353 8.988236 12.089669 10.028003 12.246162 12.598211 12.096045 8.190461 8.365792 9.721467 8.378786 9.508050 8.584080 8.096501 9.846081 8.605705 8.588870 8.946468 12.224077 10.701088 8.525741 7.776116 7.808473 7.616867 8.161438 12.310223 12.268875 12.268875 11.749854
12.406811 12.601322 12.520338 12.088854 10.348399 12.056802 12.036305 10.075481 12.076048 10.433156 8.899536 12.068259 8.849694 7.455289 8.344586 7.894558 12.304937 12.065027 12.410094 11.801966 10.371811 10.360406 12.754138 11.751309 11.841506 11.798400 12.065947 10.642549 12.736204 12.587630 12.576314 11.864578 12.107438 12.089669 12.198483 9.895742 10.433573 10.626574 9.770475 7.614779 9.770475 7.517055 7.833288 7.776116 8.004569 10.605239 7.922218 8.588870 10.385737 8.236156 10.456315 10.456315 8.071197 8.584080 8.584080 7.616867 8.952785 10.275881 10.216110 10.452406 10.642549
12.370494 12.601322 12.520338 8.128438 12.056802 9.001040 12.287059 8.837141 12.350617 10.433156 8.358109 8.895941 7.455289 8.944437 12.085527 7.857592 7.857592 10.741440 11.710213 11.739075 11.875302 10.843551 11.934159 11.686963 10.402995 11.787070 12.090862 11.772914 12.709373 11.789557 11.681958 12.235333 12.181074 12.191922 10.201906 8.860814 12.224077 7.455289 8.905737 8.895941 8.764921 11.749854 7.728262 7.924299 7.924299 8.086582 8.004817 8.068012 8.975607 8.966954 8.511887 8.284465 8.584080 8.865655 8.941425 7.616867 8.564251 8.926767 10.463270 11.769735 11.721428
11.798400 10.659257 11.355253 9.721288 9.710457 12.093000 8.966954 12.224077 12.224077 8.127584 8.457721 10.540654 9.595801 8.937762 8.352113 12.274880 12.212779 10.680828 10.669180 12.613417 10.705646 12.247253 12.747543 11.646547 11.686963 12.301603 11.657308 11.943375 11.772834 12.191759 10.360406 10.075481 12.024858 12.191759 12.224077 7.897236 7.897236 11.939395 10.041709 8.832350 8.443638 10.663376 8.535583 8.182594 10.078820 8.715322 8.584080 8.584080 8.975607 8.584080 8.552368 8.970072 7.261776 10.352243 9.312285 9.007039 8.052412 8.950058 9.089923 12.132301 10.721589
9.932597 9.932597 12.183997 10.343039 9.721288 12.534384 8.948174 8.127584 10.108550 10.391821 9.054259 10.628068 8.894898 7.428664 8.247590 7.474491 8.077825 9.714002 12.175214 10.953574 10.705646 11.789375 11.355253 12.540109 10.652110 12.223862 9.720132 11.943375 12.223862 11.930584 12.132553 10.634591 8.451961 12.153008 12.534384 12.162958 10.670306 8.944401 10.163106 8.295225 8.958006 7.929349 8.164154 8.164154 8.922689 8.010930 8.584080 7.506642 8.149612 8.584080 8.552368 8.552368 8.218730 11.772914 11.931592 9.007039 12.168594 8.864187 12.093000 11.864174 11.752720
8.394662 11.985705 12.071006 12.224077 12.132822 10.105275 8.948174 8.127584 8.535690 8.270270 9.721380 9.721380 9.721420 7.428664 8.498393 7.788805 8.941169 8.944303 8.588257 12.559678 12.264654 12.325614 12.120632 12.092157 12.181648 12.177977 12.240797 10.627935 12.088705 11.852826 11.749871 10.953574 10.383661 12.602020 8.127584 12.508379 9.516022 10.713478 7.989251 7.572131 8.160290 12.152573 12.152573 8.501046 8.379203 7.677471 7.856726 8.562453 8.562453 8.584080 8.584080 8.662690 8.600081 7.890173 8.182392 10.304742 12.160315 8.127584 12.181648 11.864174 11.864174
8.133534 12.192712 12.504377 8.895941 12.534384 11.931837 8.944491 8.486193 8.127584 8.299179 8.572321 8.914144 10.457567 10.457567 8.159260 9.720229 8.966954 8.587858 7.295288 9.178493 8.961105 8.125874 8.488395 12.150066 12.032174 12.333333 12.333333 12.278397 10.105275 12.602020 12.019645 10.642596 10.335791 10.055302 10.041709 10.363891 11.318060 9.716578 11.792169 8.562453 8.562453 10.444241 8.644945 10.485273 8.131840 7.661875 8.944384 7.925171 7.938623 9.295334 8.239219 9.097198 8.600081 7.616867 8.320238 12.259327 12.175214 11.848282 12.534384 10.667518 12.455718
8.041175 10.686081 10.636802 10.207178 8.206609 8.206609 11.940320 12.096045 8.236156 8.127584 9.712681 10.417695 8.392374 8.944495 10.475426 10.443303 8.352113 8.014240 7.701761 7.258393 7.919688 9.717861 10.178826 7.919911 12.032174 10.687383 8.236156 12.132822 11.790965 12.190732 11.909217 10.642596 9.698046 9.698046 11.923335 12.136359 9.715560 11.632695 12.091072 12.178034 10.201373 8.869388 8.575081 10.048519 12.254519 8.558994 8.365889 12.169087 8.418291 12.152573 8.313035 8.313035 7.268997 8.236156 12.036269 12.313234 10.625638 9.721459 8.131228 9.926478 8.457158
8.113875 7.672123 12.128422 8.236156 7.922218 8.454533 12.085527 10.734819 10.790559 10.400623 9.712681 8.451961 8.867023 8.524360 12.381410 10.350849 12.120632 8.014240 8.600560 8.402760 7.269348 10.212328 10.041709 8.966954 11.798400 11.730214 11.716164 10.204557 11.639749 10.411100 12.512374 10.642596 12.559678 10.634591 11.027924 8.409755 10.464441 11.615239 11.966573 12.264654 10.765561 10.656863 11.841506 10.512873 8.155139 12.152573 10.197871 8.958006 10.650977 10.678021 9.708812 8.140864 8.140864 8.927612 11.889720 10.632721 10.869217 8.533154 8.643278 8.418723 8.146093
10.478342 12.181648 12.096045 8.236156 8.928966 11.788384 10.205872 12.112800 10.547091 10.656863 10.384702 8.537889 8.373150 9.712448 8.547181 10.647339 8.509428 8.509428 8.176761 8.716969 7.666483 8.663163 10.660085 9.870985 10.657274 12.598048 12.702784 11.646547 12.192712 10.545842 10.545842 10.594175 9.711481 12.230527 10.668217 10.333485 12.499070 12.223862 10.911625 10.654489 9.132433 12.488286 10.748019 9.721322 10.405342 10.405342 8.686582 8.807922 7.682262 12.414282 9.738579 10.380501 9.394516 8.927612 8.443638 12.160422 10.869217 8.422555 10.531375 10.737031 8.490067
8.164585 8.869388 7.897888 8.966954 10.334590 12.577937 12.281781 10.663376 10.519742 10.519742 10.208477 12.096045 10.211397 8.510090 10.335791 10.186774 8.463174 8.344586 7.625085 8.716969 8.047924 8.024838 10.400623 12.096045 11.774605 11.923335 12.447495 11.611384 12.192712 10.642596 12.123780 10.562045 10.105275 9.698046 8.979602 10.333485 12.144839 12.144839 10.727822 8.559374 10.756803 12.183997 10.401373 8.376994 10.514380 8.929623 11.715081 7.250696 7.261031 9.053866 7.897062 9.717038 12.177977 10.368452 12.265360 7.577223 8.717876 8.301317 10.642549 12.152573 8.490067
10.178826 8.966954 8.966954 8.498393 8.944242 8.966954 12.534384 10.667518 12.179396 12.040425 11.754771 11.982027 12.147247 9.975173 10.335791 8.352113 8.140864 11.732882 7.455289 8.608595 8.608595 8.024838 8.536645 12.093000 12.580186 12.112968 11.697647 11.986042 10.691106 10.708539 10.642596 10.031440 12.559678 11.648756 11.816029 10.668217 10.031440 11.788384 12.095433 9.717861 8.488395 8.958006 12.014415 8.480813 12.302728 9.427133 8.050727 8.345802 7.755417 9.009176 7.505806 8.473340 12.254519 8.931222 7.899084 8.275403 8.017392 8.034866 7.255679 8.460238 8.874000
12.267643 8.498393 7.834341 10.200472 9.721288 12.237076 12.532225 10.667518 10.375115 12.050852 11.653089 11.816029 12.130267 9.839831 10.790559 7.455289 12.200335 11.760640 7.963997 8.013354 8.340589 8.340589 8.617261 8.501046 12.430953 10.443292 11.766521 11.683655 12.044462 10.594175 10.545842 10.714706 12.693265 11.973240 11.990081 9.833573 8.275403 12.451611 10.466055 10.373945 11.573790 8.944486 10.780515 10.397689 11.887456 12.165296 7.265076 8.566951 9.002746 9.002746 8.657838 8.682136 9.595801 8.526127 9.709651 9.287141 8.435252 7.814068 12.259327 9.532056 8.874000
10.075481 8.878726 7.885212 8.867023 8.127584 10.667518 11.780944 12.418084 10.566545 10.375115 11.915593 12.154507 12.516779 9.253041 9.253041 7.888788 8.561619 11.798400 12.747138 7.656761 8.716969 8.163049 8.605705 9.115043 11.653089 11.798400 12.508196 12.350617 10.031440 10.708539 10.708539 10.209768 12.693265 10.708539 12.168594 11.715081 8.467695 9.708812 8.927612 10.373945 10.207178 10.207178 10.635674 12.384797 10.181340 11.280647 12.546418 8.943379 7.906578 8.892578 8.532547 8.801599 8.275403 8.718540 10.752244 8.950370 8.926767 7.622540 8.034422 10.368452 10.903180
8.494100 7.660581 8.461855 12.096045 12.534384 12.096045 12.096045 12.586569 12.315174 12.111807 10.466055 10.166302 10.667458 10.606131 9.062636 8.944242 10.698043 11.905837 12.747138 8.617334 8.788653 8.716969 9.808445 9.000974 11.798400 11.798400 12.569593 12.157449 12.142421 12.117991 12.093036 12.476134 12.124144 12.001971 10.680828 10.400623 8.448453 9.718688 10.372918 8.141100 10.261589 8.612335 8.599910 10.038293 8.156960 8.837141 10.678262 8.389626 8.361420 8.943696 8.479743 10.453282 8.165844 8.477799 12.149624 8.952785 8.139522 8.139522 8.268090 8.217253 8.034422
8.938956 10.399597 8.966954 10.379436 12.096045 12.032174 12.224077 12.430953 7.987358 12.141533 12.296970 10.166302 10.034870 8.596350 12.181077 8.082233 10.514380 8.471033 11.763071 8.894898 8.719650 7.628449 10.481382 11.747900 11.783504 11.772914 11.855953 11.884179 11.843723 10.419987 12.133554 10.721589 12.222258 9.783169 12.013574 8.358109 8.275403 10.436558 8.948682 8.499226 8.389626 8.389626 10.718866 8.779105 8.718540 9.716889 12.152573 12.177977 10.038293 8.353303 7.599642 10.426844 10.384702 10.384702 7.970509 8.952785 7.913004 7.268997 10.111818 8.499226 8.367441
8.966954 9.721288 12.096045 12.096045 12.093000 8.431788 12.096045 8.127584 8.561619 9.808445 8.313462 10.278424 9.808445 7.916463 8.944437 8.353888 7.805141 8.010111 8.010111 7.701761 7.963997 8.966954 11.714831 10.414480 12.535890 10.689612 11.923335 10.186774 12.677522 8.467695 10.400623 11.961446 12.638451 10.405342 11.783504 8.275403 11.686963 8.275403 9.718688 8.165844 11.148532 11.807320 8.226714 8.779105 12.088854 12.088854 12.144839 8.170296 10.574240 10.038293 10.275881 10.736377 10.628068 8.479743 7.942196 8.934243 7.845609 8.049935 8.374917 7.624395 8.124159
9.721243 12.534384 12.534384 12.096045 12.287059 12.032174 12.096045 12.430953 7.908907 9.808445 9.808445 9.846081 8.716969 8.717595 8.966954 8.560668 8.107635 8.066208 8.584080 9.330796 10.181340 8.166653 11.714831 10.485273 11.778004 11.888594 12.361984 12.338941 8.560668 8.467695 10.163106 12.569278 11.751309 12.414282 11.379926 8.948682 11.686963 8.499226 8.499226 8.498521 9.475765 11.977518 12.254519 8.378099 10.349627 10.275881 10.620764 9.718544 8.801599 8.536645 10.418898 8.944208 9.714810 8.160000 7.899084 8.420775 10.072135 8.476039 8.476039 9.808445 11.179995
11.489745 8.127584 8.869388 8.869388 10.400623 8.338444 12.303839 12.096045 8.127584 8.561619 9.770475 8.605705 8.698116 7.757988 8.643450 8.560668 8.155139 8.502846 8.046725 8.582496 12.430953 8.966954 8.966954 7.578970 10.414480 10.713478 11.907602 12.249753 12.149624 8.164154 12.132822 12.169757 12.287893 7.941772 8.650113 8.040006 12.480193 8.035557 7.776116 8.279933 10.443292 8.508153 8.927612 9.713136 9.721288 9.709651 12.177977 9.710192 9.516022 12.133317 8.927312 8.920465 8.353303 8.263243 8.532134 8.328188 8.582496 8.582496 10.694986 8.944491 12.096045
