Example_Watersheds/WA_MashelWatershed/DataInputs/o_3_ChemistryPools/Mashel_1990_Pools/DOC_Pool_4.asc
ncols         923
nrows         455
xllcorner     550005.67551598
yllcorner     5180549.8134422
cellsize      30
NODATA_value  -9999
[rows 336 to 363 of 455, columns 630 to 692 of 923]
0.053831 0.051756 0.050313 0.056597 0.033047 0.037760 0.065069 0.089171 0.068286 0.055925 0.053136 0.039684 0.047714 0.047831 0.047115 0.050474 0.050474 0.047612 0.086627 0.048364 0.062380 0.051941 0.068498 0.062988 0.029147 0.032862 0.035599 0.048081 0.047029 0.062546 0.089256 0.087011 0.069360 0.083522 0.053363 0.062605 0.046692 0.037829 0.037810 0.037182 0.053869 0.063030 0.067859 0.086344 0.037416 0.029036 0.045928 0.036283 0.089618 0.073938 0.099304 0.089767 0.088263 0.088476 0.088516 0.070253 0.074328 0.064830 0.060822 0.066308 0.076374 0.071068 0.069774
0.047714 0.039684 0.025170 0.023397 0.034636 0.039566 0.061932 0.051555 0.048740 0.033047 0.033641 0.039684 0.052710 0.047871 0.075773 0.089533 0.054180 0.052919 0.078296 0.069704 0.047315 0.061409 0.086139 0.074071 0.051411 0.032862 0.042419 0.029930 0.024232 0.048433 0.088471 0.072629 0.074261 0.090040 0.037362 0.066936 0.070638 0.037740 0.031001 0.030403 0.069973 0.041156 0.041156 0.070539 0.086751 0.029036 0.029036 0.029036 0.048676 0.089618 0.090263 0.090036 0.099571 0.088110 0.062469 0.069975 0.052723 0.088660 0.089242 0.070350 0.056311 0.086848 0.087092
0.043311 0.037158 0.011430 0.026803 0.034636 0.048664 0.070842 0.070842 0.041718 0.037014 0.034636 0.047714 0.041834 0.039693 0.041964 0.088972 0.047359 0.047535 0.052520 0.047169 0.048067 0.053115 0.054013 0.086510 0.047315 0.042019 0.051698 0.044928 0.024271 0.057460 0.053840 0.090361 0.070653 0.069975 0.069975 0.054082 0.078296 0.069744 0.040616 0.037842 0.089271 0.082814 0.047346 0.087815 0.067356 0.047604 0.048676 0.047862 0.089618 0.089459 0.090020 0.097708 0.097755 0.089814 0.069644 0.073987 0.073987 0.088660 0.063109 0.085106 0.073531 0.089040 0.089040
0.053477 0.054807 0.053831 0.064590 0.041978 0.056597 0.047057 0.021467 0.027440 0.042160 0.051698 0.086536 0.053514 0.047421 0.090726 0.069499 0.073870 0.047714 0.052710 0.041954 0.030550 0.042808 0.069376 0.047654 0.047654 0.044696 0.056924 0.056924 0.066192 0.059141 0.043348 0.062622 0.089918 0.047623 0.089667 0.071442 0.078296 0.061409 0.074325 0.088471 0.058151 0.089578 0.063096 0.087815 0.037182 0.042808 0.029036 0.047694 0.089618 0.088329 0.090020 0.069975 0.069758 0.062925 0.069461 0.069408 0.086519 0.088298 0.084045 0.089265 0.073803 0.084468 0.099526
0.047817 0.053952 0.069043 0.047527 0.047978 0.047673 0.048073 0.026803 0.029820 0.029958 0.047871 0.069283 0.052710 0.052622 0.056572 0.069499 0.042926 0.041787 0.033047 0.026803 0.047782 0.053549 0.036709 0.039693 0.069329 0.069512 0.034615 0.047610 0.054066 0.059141 0.037527 0.069331 0.070281 0.078296 0.054874 0.088883 0.085632 0.090040 0.089511 0.088521 0.024735 0.055925 0.054694 0.086344 0.036165 0.057200 0.057200 0.047591 0.042808 0.042808 0.088533 0.088110 0.069452 0.047734 0.053581 0.082992 0.088799 0.089289 0.098512 0.089480 0.088110 0.089459 0.089289
0.053606 0.053952 0.074293 0.047115 0.055833 0.033641 0.040745 0.015475 0.029820 0.018913 0.034706 0.034706 0.068002 0.047517 0.039684 0.047714 0.035253 0.037811 0.030550 0.042846 0.041954 0.047625 0.060109 0.069467 0.078419 0.086510 0.047310 0.083610 0.081085 0.062988 0.049051 0.062613 0.070464 0.054748 0.046917 0.089918 0.090040 0.047960 0.029821 0.029821 0.017210 0.018913 0.023946 0.019807 0.019113 0.047999 0.077414 0.048676 0.042808 0.089950 0.098336 0.089767 0.089326 0.047734 0.088675 0.082992 0.091787 0.098507 0.099619 0.089562 0.088228 0.089459 0.089963
0.062250 0.055925 0.070097 0.047308 0.047308 0.069436 0.025170 0.013879 0.015475 0.034879 0.041497 0.047645 0.054304 0.047714 0.047320 0.052710 0.033047 0.017292 0.026803 0.053549 0.047411 0.053606 0.072189 0.070615 0.047431 0.054901 0.053585 0.069975 0.070097 0.048650 0.082365 0.082365 0.065625 0.056295 0.036709 0.079960 0.072939 0.047526 0.036709 0.005479 0.017210 0.031642 0.019807 0.019807 0.030941 0.047999 0.042808 0.048676 0.077414 0.084607 0.075435 0.089833 0.090177 0.070499 0.088675 0.079195 0.088567 0.096355 0.090647 0.097568 0.096510 0.088506 0.097918
0.069631 0.069668 0.082545 0.047527 0.041581 0.062988 0.035620 0.033047 0.034632 0.060049 0.039805 0.054304 0.052780 0.069108 0.041834 0.047140 0.015475 0.017292 0.041978 0.053549 0.047919 0.040656 0.047589 0.036580 0.055203 0.053506 0.052267 0.074277 0.069592 0.089344 0.080806 0.089821 0.074678 0.056295 0.054606 0.054051 0.086640 0.062162 0.061058 0.037842 0.032862 0.030214 0.034601 0.030214 0.018913 0.047889 0.057200 0.042808 0.089335 0.062460 0.040516 0.037182 0.089886 0.089330 0.089330 0.090036 0.089942 0.089833 0.088110 0.089649 0.096706 0.094883 0.097696
0.047479 0.062469 0.072126 0.053676 0.041581 0.062988 0.033047 0.035016 0.051756 0.065985 0.037532 0.046387 0.052780 0.082545 0.089442 0.054180 0.062836 0.035875 0.027874 0.039721 0.053907 0.051806 0.063009 0.040548 0.054082 0.055925 0.053585 0.069715 0.074261 0.076963 0.062703 0.070059 0.069156 0.069715 0.059809 0.088329 0.070124 0.067212 0.074886 0.040968 0.011118 0.047408 0.037826 0.037826 0.036782 0.033181 0.042304 0.042808 0.088471 0.052904 0.086344 0.045928 0.050836 0.070499 0.089833 0.089292 0.089924 0.089290 0.099304 0.089735 0.098188 0.096079 0.098369
0.047627 0.055088 0.054435 0.074341 0.041581 0.047649 0.043132 0.049962 0.049962 0.053241 0.066337 0.047545 0.086880 0.054435 0.090014 0.077414 0.054772 0.028377 0.047732 0.047392 0.037014 0.041978 0.053514 0.071285 0.053775 0.069592 0.069708 0.069715 0.069715 0.071213 0.086507 0.069467 0.058895 0.053768 0.082545 0.082545 0.090005 0.057125 0.073870 0.074409 0.066682 0.047856 0.048259 0.035372 0.036782 0.035650 0.042304 0.037182 0.090040 0.066936 0.047836 0.045928 0.037182 0.087943 0.089833 0.087797 0.090020 0.088628 0.099304 0.099304 0.099581 0.098360 0.097568
0.047999 0.041922 0.047593 0.054192 0.047421 0.047624 0.050474 0.047910 0.055088 0.056847 0.085195 0.088392 0.047368 0.051797 0.074473 0.083784 0.054772 0.037842 0.036185 0.028430 0.036565 0.037014 0.041954 0.071285 0.047673 0.089618 0.089618 0.071815 0.071815 0.069715 0.067429 0.070097 0.063857 0.056848 0.047949 0.086627 0.087815 0.057125 0.053681 0.088982 0.070923 0.062988 0.056597 0.047990 0.034854 0.034459 0.086263 0.088471 0.024232 0.037236 0.036104 0.037829 0.048952 0.088193 0.088110 0.088298 0.088619 0.096016 0.099304 0.096945 0.099304 0.089183 0.089191
0.042512 0.055925 0.047831 0.047315 0.062047 0.035194 0.041787 0.051900 0.069668 0.056847 0.059264 0.041950 0.042532 0.085371 0.089286 0.074188 0.054772 0.041319 0.034559 0.018913 0.017292 0.017033 0.036104 0.049985 0.050266 0.089618 0.089618 0.057200 0.074188 0.074474 0.069592 0.069592 0.069592 0.047949 0.079195 0.089286 0.064298 0.047542 0.047886 0.053606 0.087103 0.069519 0.074236 0.039798 0.043020 0.052461 0.069461 0.069461 0.033179 0.026221 0.018913 0.018913 0.047399 0.047545 0.091986 0.099252 0.088569 0.087797 0.092050 0.089277 0.073803 0.099304 0.097908
0.070267 0.052904 0.047831 0.048259 0.071100 0.037362 0.053952 0.069595 0.074277 0.069593 0.047979 0.057125 0.057125 0.041722 0.069067 0.086263 0.073938 0.089228 0.074356 0.016544 0.018913 0.030260 0.042512 0.062546 0.088316 0.089997 0.074399 0.074188 0.085545 0.066308 0.069708 0.083434 0.069360 0.073209 0.065716 0.086263 0.041581 0.041581 0.050336 0.050336 0.047886 0.052686 0.047320 0.089626 0.047085 0.036709 0.034572 0.036637 0.033179 0.023648 0.023648 0.029789 0.041319 0.048952 0.062836 0.099252 0.099144 0.088289 0.099613 0.089520 0.088476 0.089183 0.097908
0.069616 0.064005 0.069108 0.036699 0.036699 0.041223 0.048561 0.047396 0.041787 0.043544 0.048294 0.054925 0.052710 0.054251 0.069973 0.086496 0.071819 0.052338 0.063057 0.017169 0.029789 0.047560 0.047507 0.089618 0.053783 0.088578 0.062858 0.074188 0.048468 0.083434 0.063857 0.066308 0.066308 0.070309 0.090035 0.056295 0.073987 0.041581 0.066936 0.039885 0.047886 0.052686 0.070138 0.098071 0.086880 0.036709 0.039900 0.035365 0.035542 0.035784 0.029239 0.037900 0.039882 0.069831 0.090556 0.084561 0.091833 0.091913 0.090020 0.093272 0.088471 0.098188 0.098336
0.053760 0.039693 0.070502 0.054356 0.047396 0.030094 0.039850 0.035312 0.047625 0.062790 0.053990 0.046158 0.041787 0.054251 0.061816 0.079195 0.088259 0.042384 0.016544 0.017033 0.029789 0.047999 0.069043 0.083434 0.074034 0.050266 0.052383 0.085545 0.085545 0.056203 0.054925 0.069376 0.061409 0.047734 0.052043 0.061990 0.053768 0.056756 0.069595 0.069595 0.048085 0.090024 0.088443 0.093884 0.070124 0.065985 0.047436 0.034342 0.037620 0.034622 0.041298 0.041298 0.030437 0.033177 0.039900 0.042304 0.047999 0.053485 0.089663 0.092050 0.099304 0.099304 0.098765
0.068920 0.047942 0.065259 0.033181 0.025903 0.033641 0.039850 0.035286 0.070079 0.070323 0.047363 0.047432 0.064005 0.068780 0.048001 0.086496 0.086496 0.069754 0.047820 0.016544 0.017033 0.037221 0.072735 0.069708 0.071753 0.077414 0.042808 0.074133 0.053083 0.085371 0.069592 0.069708 0.053549 0.053966 0.047714 0.054077 0.048073 0.031762 0.069595 0.050836 0.034625 0.070323 0.047565 0.086822 0.086822 0.055128 0.077222 0.062988 0.028339 0.030293 0.033180 0.018913 0.030437 0.022762 0.029789 0.040511 0.036238 0.042304 0.088316 0.092050 0.099114 0.099304 0.098136
0.090250 0.086627 0.054118 0.026019 0.047871 0.035286 0.047142 0.052575 0.053585 0.053585 0.053831 0.070079 0.053325 0.041674 0.074401 0.079387 0.086627 0.041915 0.019951 0.025886 0.019113 0.047567 0.080338 0.089950 0.089073 0.052383 0.043299 0.085545 0.085371 0.069043 0.069067 0.069708 0.047697 0.047529 0.040511 0.053695 0.053695 0.053831 0.041009 0.086727 0.034743 0.034625 0.047084 0.041300 0.057775 0.055128 0.065746 0.062220 0.028907 0.031849 0.070604 0.041300 0.028873 0.026166 0.018913 0.037182 0.070552 0.047999 0.053380 0.088612 0.099114 0.098638 0.089735
0.090537 0.090537 0.078296 0.087103 0.052922 0.072126 0.048276 0.069060 0.057031 0.040631 0.053606 0.070097 0.062903 0.088972 0.070638 0.064005 0.060109 0.041915 0.034569 0.015475 0.024104 0.062442 0.077414 0.088463 0.089073 0.052083 0.069687 0.069687 0.066395 0.085545 0.079960 0.069708 0.069067 0.053681 0.040656 0.051626 0.066308 0.052292 0.064005 0.056924 0.040892 0.061468 0.037292 0.034990 0.047886 0.042275 0.053549 0.053932 0.049700 0.050691 0.033704 0.050336 0.033178 0.022762 0.030260 0.037182 0.042304 0.072688 0.047999 0.047363 0.087735 0.097908 0.088586
0.058026 0.069990 0.052919 0.087103 0.043250 0.053647 0.074151 0.042557 0.047232 0.047237 0.053606 0.047527 0.051626 0.057200 0.074089 0.050243 0.053606 0.047543 0.047782 0.048784 0.080338 0.071573 0.084607 0.083872 0.042808 0.089271 0.074188 0.074188 0.074188 0.086263 0.062546 0.069592 0.082545 0.047446 0.047463 0.053241 0.070035 0.041834 0.049772 0.041929 0.051698 0.032862 0.041918 0.049985 0.049985 0.055461 0.069685 0.056311 0.056311 0.035295 0.037480 0.029915 0.037051 0.036838 0.018913 0.041895 0.042304 0.072313 0.047999 0.071573 0.098336 0.089025 0.089025
0.049055 0.062917 0.056120 0.054041 0.048561 0.047782 0.054148 0.047804 0.039507 0.047411 0.051912 0.054565 0.050336 0.050336 0.047604 0.049055 0.052267 0.050220 0.056632 0.056647 0.061409 0.069541 0.086575 0.030073 0.057200 0.057200 0.088410 0.089618 0.089600 0.074188 0.070499 0.047734 0.048083 0.047577 0.042316 0.053241 0.072735 0.050474 0.032097 0.042719 0.042719 0.042808 0.030260 0.030094 0.049985 0.053549 0.077093 0.070005 0.041009 0.035295 0.036726 0.037810 0.054161 0.035662 0.030869 0.047999 0.069687 0.047734 0.053398 0.088557 0.088619 0.087254 0.099304
0.037701 0.033943 0.048182 0.048561 0.048561 0.048561 0.042493 0.042512 0.054148 0.053606 0.050243 0.062352 0.054461 0.047333 0.037398 0.047115 0.049266 0.050220 0.088443 0.076963 0.070499 0.069541 0.064974 0.089618 0.089618 0.088410 0.074188 0.074188 0.089600 0.070446 0.073803 0.071645 0.053702 0.053702 0.040212 0.064444 0.061409 0.053065 0.053571 0.047714 0.052153 0.047506 0.037273 0.041954 0.030260 0.048013 0.054432 0.088982 0.069754 0.039152 0.037838 0.047609 0.074445 0.017292 0.039566 0.047999 0.089618 0.087335 0.086519 0.074185 0.088740 0.086766 0.088516
0.068498 0.019113 0.047782 0.038257 0.047782 0.053549 0.047411 0.042512 0.062334 0.069108 0.068073 0.089600 0.053760 0.053606 0.037398 0.062297 0.069512 0.079002 0.069526 0.071645 0.084926 0.089204 0.089618 0.074277 0.074188 0.085545 0.053083 0.066795 0.088111 0.088316 0.074340 0.073987 0.052244 0.053952 0.052153 0.066308 0.062910 0.047363 0.041750 0.054093 0.047620 0.041223 0.041954 0.023157 0.037829 0.048503 0.053952 0.033081 0.053916 0.041865 0.071442 0.071628 0.071628 0.043324 0.023514 0.035147 0.042304 0.055275 0.070499 0.089204 0.088740 0.072037 0.088443
0.019113 0.047331 0.049985 0.053549 0.047627 0.042512 0.089799 0.089600 0.084607 0.083434 0.085545 0.070649 0.071380 0.062646 0.052402 0.070097 0.072468 0.072468 0.073104 0.073870 0.073870 0.077414 0.086263 0.074133 0.089618 0.089073 0.047694 0.088883 0.072563 0.089618 0.088111 0.047351 0.069256 0.053952 0.048987 0.066308 0.086536 0.086507 0.052710 0.047090 0.040745 0.036726 0.039850 0.047782 0.038257 0.038257 0.069519 0.041156 0.047320 0.047820 0.039864 0.056798 0.047366 0.043324 0.049266 0.053708 0.074089 0.052904 0.090035 0.086766 0.089344 0.088110 0.085845
0.035702 0.070005 0.054565 0.047625 0.069592 0.069975 0.089735 0.069708 0.089618 0.089618 0.089618 0.062858 0.069592 0.070097 0.055740 0.048398 0.057024 0.063063 0.073870 0.073870 0.073870 0.057200 0.086263 0.089618 0.088883 0.089073 0.069436 0.074188 0.089950 0.069592 0.089618 0.069959 0.069256 0.047029 0.052153 0.067930 0.070419 0.070419 0.047631 0.068498 0.025903 0.015475 0.048561 0.035177 0.035166 0.089777 0.053907 0.036798 0.043299 0.047820 0.034358 0.069499 0.089010 0.086510 0.072091 0.069708 0.074474 0.055275 0.070253 0.086466 0.082992 0.087797 0.088476
0.047625 0.052904 0.052904 0.089600 0.062306 0.070638 0.069541 0.087132 0.047506 0.058026 0.047889 0.062858 0.069442 0.086848 0.048398 0.077921 0.047262 0.054513 0.073870 0.073870 0.057200 0.037182 0.042094 0.075435 0.089271 0.089618 0.089950 0.089618 0.089950 0.069668 0.084607 0.070499 0.052904 0.069629 0.042275 0.052814 0.055368 0.047415 0.047978 0.048013 0.039693 0.015475 0.039850 0.049985 0.056798 0.042076 0.069519 0.055368 0.028340 0.033704 0.047411 0.062240 0.079002 0.073531 0.089139 0.069360 0.070005 0.086864 0.074277 0.040647 0.083784 0.091848 0.099304
0.069615 0.037813 0.089073 0.070005 0.073051 0.090013 0.070486 0.069360 0.054746 0.090726 0.036572 0.053999 0.090726 0.089720 0.089930 0.036165 0.035186 0.073870 0.073870 0.073870 0.057200 0.057200 0.057200 0.070323 0.076308 0.071716 0.088415 0.066795 0.070638 0.071044 0.085239 0.073209 0.069990 0.041156 0.062306 0.063857 0.051859 0.048628 0.079098 0.047281 0.036637 0.026296 0.018913 0.029682 0.037753 0.047625 0.051941 0.048952 0.052622 0.052622 0.047575 0.049985 0.062240 0.090479 0.079002 0.066044 0.069011 0.086864 0.051632 0.047734 0.086766 0.087335 0.088734
0.041734 0.062727 0.069482 0.089246 0.071008 0.089930 0.071211 0.069592 0.064830 0.055203 0.041738 0.041738 0.073870 0.073870 0.073870 0.089918 0.052649 0.042808 0.052649 0.053045 0.036165 0.036165 0.042808 0.077795 0.088209 0.076308 0.072999 0.072999 0.071044 0.071044 0.064686 0.070313 0.041156 0.082545 0.061293 0.047638 0.051859 0.070329 0.062361 0.086929 0.041978 0.041978 0.017292 0.031642 0.047694 0.057775 0.049985 0.056924 0.047949 0.070704 0.030941 0.045928 0.054535 0.069076 0.089997 0.098386 0.089362 0.051632 0.089480 0.070499 0.082635 0.088385 0.089712
0.069408 0.067047 0.089255 0.080526 0.089930 0.073870 0.073870 0.047584 0.041730 0.076572 0.089918 0.070196 0.078516 0.088456 0.085545 0.089918 0.057200 0.040626 0.047584 0.030977 0.045928 0.029036 0.042808 0.085371 0.054073 0.085632 0.069156 0.071815 0.089288 0.089210 0.047871 0.052904 0.057838 0.086344 0.073394 0.054135 0.042091 0.087496 0.078171 0.060109 0.025903 0.026803 0.024735 0.036104 0.050266 0.057775 0.042475 0.047321 0.070604 0.042542 0.047782 0.062910 0.048919 0.041396 0.091913 0.091848 0.090225 0.089288 0.089242 0.086902 0.089814 0.088530 0.090034
