Example_Watersheds/WA_MashelWatershed/DataInputs/o_3_ChemistryPools/Mashel_1990_Pools/DON_Pool_3.asc
ncols         923
nrows         455
xllcorner     550005.67551598
yllcorner     5180549.8134422
cellsize      30
NODATA_value  -9999
[rows 364 to 391 of 455, columns 630 to 692 of 923]
0.049766 0.049821 0.046275 0.048123 0.051118 0.048253 0.048985 0.048985 0.049352 0.048253 0.048123 0.048253 0.048123 0.051118 0.051008 0.050758 0.048712 0.048269 0.049307 0.049232 0.049763 0.047434 0.046239 0.049039 0.049251 0.047733 0.047666 0.050064 0.048506 0.051009 0.048730 0.048730 0.049595 0.047510 0.048411 0.047223 0.049333 0.049671 0.047674 0.049136 0.046727 0.046733 0.049722 0.048874 0.048030 0.048469 0.047853 0.049288 0.049007 0.049609 0.048225 0.047850 0.047666 0.047666 0.047312 0.047628 0.050939 0.049264 0.049764 0.047065 0.050756 0.047284 0.047258
0.048963 0.048629 0.048570 0.047375 0.047309 0.049700 0.048253 0.050064 0.048700 0.050566 0.050384 0.051091 0.049846 0.049774 0.048077 0.048318 0.049232 0.049588 0.049588 0.051093 0.047532 0.049193 0.047532 0.049384 0.049275 0.049251 0.049431 0.046338 0.049906 0.050512 0.049124 0.049342 0.050280 0.047510 0.048419 0.049609 0.050211 0.049671 0.049607 0.048330 0.046727 0.048517 0.046652 0.047777 0.046386 0.046386 0.051092 0.047597 0.049499 0.051209 0.050341 0.048248 0.047378 0.049118 0.048438 0.049822 0.047318 0.047208 0.049601 0.049290 0.048499 0.046869 0.049530
0.049207 0.049482 0.049152 0.050906 0.048798 0.047393 0.050408 0.047190 0.047290 0.048253 0.048253 0.046905 0.047614 0.050851 0.051093 0.051093 0.051093 0.048269 0.048671 0.051093 0.048671 0.050064 0.049467 0.048692 0.050539 0.050170 0.049431 0.049611 0.047934 0.047241 0.047148 0.025216 0.047916 0.048931 0.050988 0.049295 0.049192 0.048047 0.048047 0.049541 0.050171 0.051354 0.049055 0.049722 0.050944 0.046498 0.049770 0.048719 0.049019 0.048102 0.048315 0.047777 0.049984 0.048948 0.047602 0.047694 0.050958 0.046875 0.048548 0.046757 0.049520 0.049429 0.050453
0.051008 0.047204 0.047229 0.047229 0.049556 0.049792 0.050701 0.049562 0.049299 0.048454 0.051093 0.050672 0.048413 0.050980 0.051093 0.047554 0.049164 0.047535 0.048712 0.049098 0.050851 0.051093 0.048671 0.047614 0.049436 0.048728 0.047050 0.049251 0.047660 0.050019 0.049151 0.025216 0.046303 0.049025 0.049670 0.048533 0.049192 0.049499 0.049288 0.048149 0.051158 0.049025 0.049179 0.049179 0.048261 0.050930 0.050382 0.048225 0.049242 0.050382 0.047505 0.048315 0.048030 0.047186 0.048961 0.046984 0.046910 0.046910 0.050672 0.048826 0.049460 0.038455 0.025216
0.047634 0.051093 0.047755 0.047755 0.047755 0.048506 0.046355 0.049155 0.049504 0.049375 0.047233 0.050064 0.049700 0.049841 0.049312 0.048055 0.047421 0.051022 0.049732 0.050064 0.049556 0.049770 0.049770 0.048844 0.048136 0.049616 0.049357 0.046355 0.047168 0.049155 0.049705 0.046263 0.050236 0.049855 0.047233 0.048533 0.050094 0.049499 0.047303 0.047660 0.051087 0.046317 0.048134 0.048608 0.048261 0.048225 0.049905 0.050382 0.049905 0.048469 0.048469 0.049207 0.049148 0.048315 0.047096 0.050756 0.047694 0.048662 0.048548 0.049463 0.049644 0.025216 0.046365
0.046807 0.049635 0.049544 0.047755 0.048506 0.048452 0.049639 0.049155 0.047303 0.050120 0.047804 0.047627 0.049724 0.048676 0.049974 0.049974 0.048016 0.046326 0.049539 0.047660 0.047660 0.049332 0.050064 0.048844 0.049566 0.051177 0.047865 0.046355 0.047168 0.049425 0.049705 0.049658 0.049855 0.049167 0.049251 0.050465 0.049639 0.049271 0.047303 0.048123 0.048411 0.050504 0.050504 0.047582 0.049164 0.046835 0.047706 0.048225 0.048489 0.048225 0.049319 0.048905 0.048886 0.047673 0.050522 0.047345 0.047628 0.050672 0.048712 0.046686 0.051237 0.049220 0.048007
0.049792 0.049792 0.049544 0.050729 0.048452 0.050539 0.047822 0.047822 0.049155 0.048651 0.046319 0.050120 0.049466 0.047190 0.046319 0.048290 0.049262 0.048648 0.051124 0.048123 0.048123 0.047865 0.047360 0.049122 0.047853 0.051211 0.046355 0.047168 0.050468 0.047652 0.047097 0.048148 0.049277 0.049277 0.047378 0.047238 0.049222 0.047303 0.047303 0.047303 0.050120 0.046194 0.047993 0.047511 0.046280 0.048038 0.048489 0.048225 0.048225 0.049245 0.049007 0.048742 0.048011 0.049360 0.048193 0.047586 0.047776 0.049662 0.051048 0.049403 0.049207 0.047430 0.047430
0.048261 0.048705 0.049276 0.049792 0.050458 0.049222 0.048393 0.048055 0.050871 0.050871 0.050512 0.047303 0.047303 0.049155 0.050170 0.050170 0.050170 0.051124 0.048123 0.051124 0.046319 0.047312 0.049155 0.047303 0.047065 0.050701 0.049595 0.050468 0.048561 0.047303 0.047652 0.048034 0.050019 0.048123 0.050539 0.047256 0.047597 0.047250 0.047303 0.050120 0.047652 0.046194 0.050951 0.047190 0.049463 0.046652 0.049055 0.045704 0.048225 0.046962 0.048225 0.046835 0.051130 0.051130 0.051130 0.048315 0.049507 0.047602 0.049838 0.049205 0.048581 0.048364 0.047430
0.047706 0.046905 0.047733 0.048971 0.050926 0.048586 0.049124 0.049729 0.046311 0.049901 0.049595 0.049155 0.047777 0.048248 0.050170 0.047777 0.049102 0.048141 0.051124 0.051124 0.049155 0.048123 0.051124 0.051124 0.049719 0.047777 0.048640 0.050468 0.046893 0.047303 0.047303 0.046893 0.049517 0.049558 0.050539 0.048268 0.048234 0.047303 0.048671 0.050883 0.050120 0.050571 0.049566 0.048430 0.045171 0.046652 0.046652 0.046652 0.048134 0.050057 0.050559 0.046242 0.048847 0.049100 0.050843 0.048261 0.050418 0.048138 0.047234 0.046903 0.047208 0.049822 0.050656
0.048261 0.050512 0.049276 0.049232 0.049475 0.049207 0.049124 0.048867 0.049982 0.047199 0.050672 0.050672 0.050806 0.048248 0.048092 0.051056 0.047597 0.049425 0.047251 0.047652 0.047652 0.048926 0.049447 0.047303 0.049405 0.049467 0.048043 0.051124 0.050448 0.048084 0.048826 0.048616 0.049005 0.048822 0.049795 0.049254 0.048783 0.049849 0.047891 0.047891 0.049785 0.050972 0.050120 0.049566 0.048867 0.050504 0.047282 0.049797 0.048517 0.047556 0.050722 0.049082 0.047511 0.048803 0.047389 0.050401 0.049032 0.048373 0.049661 0.048707 0.048695 0.050555 0.049207
0.048261 0.047833 0.047225 0.049007 0.049007 0.047836 0.048768 0.048661 0.051254 0.049299 0.047256 0.048391 0.049126 0.048123 0.049661 0.048704 0.049052 0.047305 0.048790 0.048023 0.046256 0.047478 0.050297 0.047657 0.049134 0.050404 0.048043 0.046355 0.047777 0.050871 0.047341 0.047733 0.048482 0.049849 0.048192 0.050341 0.047955 0.048933 0.050062 0.049297 0.048612 0.049747 0.049409 0.047211 0.050170 0.050504 0.046761 0.048225 0.047802 0.048843 0.049542 0.049951 0.047511 0.051243 0.046982 0.049036 0.049259 0.049694 0.049694 0.047946 0.048707 0.048570 0.047905
0.049022 0.047706 0.047309 0.050571 0.049567 0.048762 0.049156 0.047943 0.047832 0.046376 0.049869 0.048684 0.049829 0.049405 0.048273 0.048587 0.048587 0.048576 0.049577 0.049865 0.049853 0.049853 0.048640 0.048640 0.050589 0.048016 0.049069 0.051035 0.050699 0.047303 0.049365 0.047733 0.050685 0.049855 0.050685 0.049414 0.049414 0.049081 0.050062 0.046373 0.050589 0.048675 0.048273 0.049462 0.048940 0.050504 0.046842 0.048933 0.047620 0.049210 0.046375 0.046375 0.046468 0.048134 0.050381 0.048030 0.049220 0.048725 0.049634 0.049032 0.050673 0.048961 0.047653
0.047266 0.048485 0.050112 0.049207 0.048640 0.050783 0.047785 0.049567 0.046835 0.048576 0.049869 0.049232 0.048195 0.047659 0.047686 0.047686 0.048576 0.047701 0.047816 0.047751 0.049965 0.047902 0.050906 0.050485 0.050589 0.050906 0.048059 0.046966 0.051114 0.049119 0.050366 0.049572 0.049853 0.047882 0.047450 0.050382 0.049905 0.048225 0.046344 0.050436 0.049161 0.049034 0.047597 0.047597 0.049155 0.048730 0.046605 0.048043 0.049905 0.049633 0.051220 0.049544 0.048886 0.047389 0.050485 0.047294 0.049288 0.049288 0.049322 0.047619 0.047644 0.047294 0.048116
0.046206 0.049164 0.048123 0.049207 0.049924 0.049312 0.047264 0.047829 0.047829 0.048414 0.048086 0.049277 0.047540 0.048886 0.049117 0.049544 0.051029 0.048576 0.049363 0.047751 0.049436 0.050658 0.050672 0.049475 0.049134 0.047671 0.049614 0.048069 0.049853 0.049204 0.049298 0.049297 0.048441 0.049157 0.047620 0.049414 0.049609 0.048225 0.048225 0.049580 0.049161 0.049765 0.047597 0.050421 0.050514 0.049065 0.050504 0.048166 0.048310 0.049633 0.049992 0.051130 0.048933 0.050555 0.047490 0.049668 0.049288 0.049322 0.046834 0.047119 0.047012 0.049838 0.049616
0.049474 0.047478 0.049125 0.048855 0.050566 0.048269 0.048124 0.048251 0.048886 0.048446 0.050878 0.048844 0.048844 0.049363 0.049103 0.047755 0.046605 0.047701 0.049134 0.048715 0.051127 0.047755 0.051206 0.047755 0.050512 0.048000 0.049210 0.049210 0.049210 0.050685 0.049390 0.049298 0.046375 0.049609 0.048011 0.049414 0.048011 0.048011 0.049580 0.049181 0.048030 0.049951 0.047597 0.051212 0.050571 0.049153 0.047991 0.048933 0.045191 0.051093 0.049028 0.049676 0.045704 0.047403 0.047249 0.047249 0.050096 0.049322 0.049032 0.047783 0.046943 0.048374 0.049713
0.047972 0.047237 0.049022 0.049164 0.049499 0.049700 0.049700 0.048261 0.047046 0.047651 0.047666 0.048576 0.048234 0.049405 0.049103 0.047755 0.047755 0.048640 0.049318 0.050619 0.050619 0.048790 0.049487 0.051186 0.048715 0.048821 0.048416 0.049210 0.049210 0.049210 0.049312 0.050685 0.051130 0.047596 0.048665 0.048011 0.048011 0.049251 0.049689 0.047581 0.050401 0.050539 0.048684 0.049387 0.051237 0.050854 0.050722 0.050722 0.049668 0.048049 0.048636 0.047804 0.050504 0.051158 0.048576 0.047403 0.047211 0.049032 0.048646 0.051064 0.046896 0.049429 0.048431
0.047972 0.047977 0.050610 0.049071 0.050885 0.048261 0.048261 0.048261 0.047666 0.047774 0.048768 0.050906 0.050906 0.048337 0.047751 0.050958 0.049364 0.047822 0.047660 0.047856 0.050619 0.050619 0.048712 0.048225 0.049438 0.048352 0.049811 0.049385 0.049762 0.050686 0.050686 0.049210 0.047213 0.048802 0.048665 0.048011 0.050672 0.049251 0.049298 0.048510 0.049294 0.048510 0.048510 0.049951 0.048092 0.050227 0.049869 0.046346 0.049609 0.051220 0.049544 0.049388 0.049380 0.051158 0.049335 0.047345 0.043498 0.049032 0.046936 0.051202 0.046896 0.048975 0.037824
0.047505 0.048007 0.049320 0.049113 0.049130 0.048801 0.048269 0.047932 0.048963 0.048886 0.047191 0.049438 0.048268 0.050571 0.047199 0.049102 0.047865 0.049974 0.049155 0.050440 0.050799 0.050453 0.050349 0.048332 0.047649 0.048790 0.051032 0.051022 0.049669 0.047348 0.048963 0.048007 0.048963 0.047348 0.048671 0.049436 0.047614 0.049298 0.048826 0.048510 0.047774 0.048173 0.047200 0.049499 0.047794 0.050646 0.049869 0.047428 0.047511 0.049628 0.051130 0.048043 0.048007 0.049439 0.049370 0.048063 0.049123 0.049032 0.048888 0.048888 0.049993 0.049051 0.048975
0.047161 0.050487 0.048430 0.048269 0.048454 0.047197 0.048000 0.049207 0.049661 0.048269 0.050878 0.048844 0.047004 0.049475 0.049792 0.047378 0.049052 0.050539 0.049155 0.047188 0.048730 0.047190 0.049163 0.049351 0.049351 0.046996 0.051022 0.051009 0.047119 0.046309 0.048253 0.049329 0.048963 0.048253 0.048253 0.048248 0.047204 0.048692 0.050658 0.047027 0.047774 0.047027 0.049798 0.047701 0.051124 0.047660 0.049765 0.047194 0.050263 0.048411 0.050019 0.050019 0.049951 0.048126 0.049150 0.048867 0.047312 0.049032 0.048839 0.047403 0.049479 0.049547 0.047654
0.025216 0.050418 0.049065 0.048725 0.048454 0.050539 0.048847 0.048586 0.049460 0.048689 0.048886 0.048844 0.048413 0.049556 0.049276 0.049792 0.049792 0.049102 0.047777 0.050440 0.050021 0.049811 0.049857 0.047421 0.048992 0.051022 0.049299 0.047119 0.049115 0.049724 0.048253 0.048253 0.047309 0.048077 0.050191 0.047706 0.051058 0.049934 0.048586 0.048510 0.047407 0.047027 0.048102 0.049222 0.049222 0.051124 0.047652 0.049522 0.049324 0.050722 0.051130 0.049951 0.048210 0.049959 0.046966 0.047745 0.049732 0.049032 0.034987 0.048961 0.047638 0.046749 0.047560
0.025216 0.025216 0.025216 0.051022 0.048268 0.050673 0.049207 0.046371 0.046919 0.046919 0.049934 0.049082 0.048452 0.047190 0.049792 0.048692 0.051093 0.049611 0.049676 0.047303 0.049760 0.049499 0.049065 0.050767 0.048253 0.051009 0.049857 0.047755 0.047955 0.048253 0.048625 0.048253 0.048253 0.049232 0.047389 0.049009 0.048562 0.047485 0.048562 0.046344 0.048510 0.049298 0.047607 0.051015 0.047303 0.049155 0.047268 0.046995 0.048234 0.050382 0.051130 0.047749 0.050956 0.049051 0.050856 0.048902 0.049429 0.048135 0.045074 0.048961 0.047578 0.047158 0.049256
0.039400 0.044443 0.038455 0.048928 0.047705 0.025216 0.047602 0.047644 0.049446 0.047563 0.048783 0.048059 0.050384 0.050954 0.051104 0.050566 0.048719 0.051193 0.049257 0.049566 0.048705 0.049499 0.049065 0.049022 0.050430 0.048337 0.049857 0.048981 0.048981 0.049857 0.048253 0.048253 0.051127 0.048416 0.049614 0.050231 0.048562 0.050394 0.048687 0.047389 0.047614 0.047671 0.047577 0.049499 0.050806 0.051124 0.047651 0.048212 0.048567 0.047457 0.049951 0.049285 0.049485 0.048638 0.047208 0.047633 0.047633 0.048963 0.048725 0.048592 0.025216 0.046976 0.047297
0.047209 0.044443 0.025216 0.025216 0.048946 0.047110 0.025216 0.049259 0.049446 0.048890 0.048225 0.047900 0.049422 0.047940 0.048253 0.050566 0.049085 0.051193 0.050404 0.047133 0.049158 0.049158 0.048253 0.046357 0.046357 0.046639 0.048416 0.048433 0.050648 0.047186 0.049857 0.048253 0.051022 0.048055 0.049322 0.049482 0.050394 0.050394 0.047389 0.046317 0.048273 0.047777 0.049689 0.049965 0.049345 0.051124 0.048411 0.047150 0.047150 0.046440 0.047816 0.048429 0.050956 0.047249 0.047087 0.049732 0.049290 0.049123 0.049576 0.049775 0.049375 0.046976 0.049348
0.049484 0.050049 0.048855 0.025216 0.025216 0.049264 0.049679 0.046786 0.048819 0.048791 0.050923 0.047495 0.047474 0.047474 0.050413 0.049022 0.049022 0.048253 0.046940 0.049566 0.050736 0.046375 0.048662 0.046605 0.050980 0.049463 0.050906 0.051022 0.051022 0.050245 0.051022 0.051022 0.048992 0.048172 0.049522 0.049232 0.050394 0.046309 0.047389 0.048253 0.048218 0.050672 0.048331 0.049354 0.049222 0.050120 0.047652 0.049285 0.046165 0.049326 0.047511 0.047150 0.050956 0.050956 0.047087 0.049113 0.049389 0.046966 0.049358 0.048317 0.047216 0.050504 0.049627
0.050600 0.049455 0.046905 0.025216 0.047652 0.049147 0.049661 0.036563 0.049649 0.047857 0.048841 0.048815 0.051299 0.047281 0.047495 0.047495 0.048253 0.047289 0.049276 0.050064 0.046283 0.046351 0.047236 0.047315 0.048722 0.051093 0.050906 0.050619 0.047421 0.051022 0.048628 0.048790 0.050672 0.050672 0.046368 0.050014 0.047535 0.047900 0.049232 0.050610 0.048218 0.047869 0.048331 0.048331 0.051118 0.049403 0.048792 0.049087 0.048671 0.047999 0.051158 0.050454 0.046652 0.051345 0.047615 0.050497 0.049051 0.049648 0.047430 0.049644 0.049644 0.046901 0.047761
0.025216 0.048384 0.051158 0.049093 0.047611 0.049147 0.048860 0.048959 0.048861 0.049415 0.049047 0.047495 0.051299 0.048253 0.047434 0.051327 0.047421 0.047644 0.047193 0.050064 0.048722 0.049487 0.049351 0.048205 0.051022 0.051022 0.048253 0.048506 0.049192 0.048992 0.050619 0.049487 0.048592 0.049624 0.049641 0.047644 0.048679 0.050394 0.049320 0.047832 0.048030 0.048452 0.048715 0.050349 0.048506 0.048588 0.048390 0.050890 0.050890 0.049312 0.049299 0.046916 0.046916 0.048404 0.048134 0.047245 0.049007 0.049441 0.037194 0.049058 0.025216 0.048156 0.048244
0.051314 0.034672 0.048341 0.047243 0.046757 0.048577 0.046800 0.049325 0.047135 0.050071 0.049067 0.046245 0.049604 0.046335 0.048077 0.048253 0.049420 0.049420 0.049486 0.051212 0.049374 0.048253 0.050958 0.048790 0.049974 0.049192 0.049271 0.049487 0.047378 0.049811 0.050571 0.049974 0.047701 0.051022 0.047727 0.049299 0.051330 0.047892 0.050231 0.051118 0.050851 0.048533 0.048506 0.049499 0.047652 0.047652 0.049634 0.048603 0.048847 0.050890 0.046014 0.049171 0.048404 0.048134 0.048043 0.046256 0.048581 0.047110 0.037194 0.047209 0.047095 0.048977 0.047802
0.049662 0.025216 0.025216 0.050701 0.047587 0.047316 0.047433 0.049263 0.025216 0.031520 0.048695 0.049656 0.048989 0.049177 0.049722 0.050709 0.049390 0.049168 0.049304 0.047535 0.051093 0.047614 0.050958 0.048676 0.050619 0.048628 0.050619 0.047314 0.048684 0.049566 0.050571 0.050956 0.048587 0.050658 0.049360 0.050045 0.051380 0.051380 0.047892 0.049022 0.048253 0.048479 0.048559 0.050512 0.047168 0.048074 0.047916 0.049034 0.050890 0.045842 0.048733 0.047330 0.048551 0.045487 0.048134 0.049313 0.047810 0.049989 0.025216 0.049638 0.048867 0.048811 0.046835
