Example_Watersheds/WA_MashelWatershed/DataInputs/o_3_ChemistryPools/Mashel_1990_Pools/DON_Pool_1.asc
ncols         923
nrows         455
xllcorner     550005.67551598
yllcorner     5180549.8134422
cellsize      30
NODATA_value  -9999
[rows 364 to 391 of 455, columns 567 to 629 of 923]
0.816309 0.821631 0.854613 0.821631 0.816325 0.816325 0.860961 0.860961 0.816325 0.816309 0.848162 0.886078 0.789318 0.816309 0.851789 0.823103 0.891424 0.854710 0.823958 0.822677 0.832334 0.851891 0.872678 0.847219 0.827203 0.886576 0.834908 0.833595 0.867029 0.899878 0.875234 0.859806 0.848038 0.847235 0.847235 0.830960 0.890550 0.839034 0.840524 0.852488 0.843004 0.860879 0.855309 0.862182 0.677894 0.881218 0.859591 0.868706 0.879370 0.448194 0.877428 0.871966 0.832893 0.861187 0.820257 0.896105 0.825390 0.860594 0.864970 0.808567 0.864828 0.857154 0.864828
0.834908 0.813575 0.813245 0.883166 0.821631 0.838065 0.816325 0.829544 0.838686 0.831075 0.854903 0.876667 0.850038 0.848896 0.819124 0.843883 0.899827 0.868212 0.820999 0.866084 0.875349 0.875864 0.848525 0.816423 0.853593 0.860721 0.846394 0.864283 0.874632 0.834908 0.834908 0.899827 0.894023 0.854785 0.834506 0.448194 0.890550 0.833906 0.837051 0.837983 0.848808 0.894501 0.849200 0.862182 0.880706 0.448194 0.448194 0.448194 0.875073 0.448194 0.877428 0.882578 0.837723 0.866168 0.894892 0.856015 0.847758 0.838888 0.862247 0.898867 0.834756 0.811877 0.849005
0.831449 0.845553 0.830859 0.876852 0.847648 0.836374 0.821631 0.828972 0.826058 0.810623 0.848001 0.816325 0.816309 0.842092 0.816309 0.843883 0.837625 0.821631 0.837697 0.854553 0.860455 0.866917 0.834061 0.862682 0.850861 0.855041 0.865621 0.837900 0.834908 0.834908 0.865431 0.811665 0.846336 0.834506 0.831377 0.448194 0.860609 0.882373 0.880184 0.861872 0.884311 0.842996 0.862034 0.852488 0.877785 0.448194 0.448194 0.848590 0.877428 0.871050 0.711509 0.872759 0.882994 0.476207 0.884118 0.877136 0.902403 0.853402 0.814027 0.837864 0.825718 0.855392 0.882715
0.866806 0.845553 0.875016 0.875030 0.834170 0.789318 0.857391 0.816325 0.826058 0.816325 0.846920 0.846920 0.825290 0.858646 0.865281 0.865281 0.844402 0.844047 0.831426 0.806280 0.893993 0.842731 0.834061 0.806280 0.834061 0.848525 0.834576 0.860185 0.854607 0.867868 0.813108 0.895180 0.851493 0.859265 0.865527 0.866323 0.851794 0.841583 0.841583 0.847049 0.838667 0.854785 0.852488 0.846514 0.621870 0.448194 0.448194 0.448194 0.616267 0.878071 0.840524 0.832436 0.711509 0.838940 0.852793 0.827918 0.841400 0.896105 0.896854 0.837864 0.825718 0.855392 0.838900
0.869113 0.867199 0.834908 0.834908 0.869885 0.838834 0.816502 0.849779 0.816325 0.816502 0.816325 0.838065 0.839235 0.842596 0.877042 0.841075 0.816325 0.831413 0.791104 0.876982 0.843274 0.854161 0.834995 0.805925 0.834061 0.875673 0.854607 0.890431 0.877574 0.899827 0.888763 0.888763 0.899687 0.861585 0.879327 0.862358 0.878071 0.882664 0.498616 0.862725 0.838667 0.836317 0.861956 0.728316 0.448194 0.882942 0.448194 0.448194 0.448194 0.448194 0.866309 0.882058 0.795545 0.884166 0.852793 0.846669 0.834348 0.825630 0.840882 0.837864 0.875668 0.891081 0.854607
0.864848 0.812828 0.856631 0.834908 0.869885 0.816325 0.816309 0.823920 0.855693 0.832633 0.816325 0.806280 0.858646 0.834061 0.837261 0.816325 0.816325 0.824383 0.838065 0.876982 0.893993 0.843274 0.858980 0.827378 0.861736 0.832001 0.858646 0.867111 0.865281 0.834576 0.834475 0.848525 0.834291 0.861585 0.866789 0.861490 0.881915 0.577050 0.448194 0.859281 0.856576 0.861956 0.867093 0.874463 0.866376 0.448194 0.526628 0.448194 0.801147 0.616267 0.616267 0.448194 0.880406 0.880932 0.891565 0.900818 0.858478 0.864828 0.859260 0.825718 0.854643 0.882862 0.844340
0.864848 0.849913 0.841301 0.834908 0.869885 0.816325 0.834576 0.848525 0.816325 0.844402 0.816325 0.865281 0.858646 0.834061 0.837261 0.837261 0.848525 0.848525 0.848162 0.863673 0.834061 0.876404 0.838836 0.841910 0.820914 0.865281 0.834576 0.834576 0.866733 0.848525 0.844862 0.859898 0.873548 0.866789 0.889274 0.897251 0.854955 0.876035 0.892525 0.891749 0.487411 0.700304 0.865527 0.865527 0.860952 0.866376 0.800180 0.655484 0.627472 0.711509 0.588255 0.879616 0.871989 0.872694 0.448194 0.885663 0.838437 0.819124 0.865864 0.853402 0.859260 0.855392 0.901285
0.836101 0.868693 0.857449 0.813575 0.834908 0.846649 0.789318 0.789318 0.848525 0.844402 0.841075 0.806280 0.844402 0.834061 0.791104 0.834061 0.859427 0.874712 0.880942 0.821631 0.821631 0.862285 0.834061 0.806280 0.834061 0.885859 0.885859 0.854607 0.854607 0.865281 0.854613 0.899878 0.893441 0.899827 0.865761 0.865761 0.866411 0.898838 0.509821 0.847485 0.878071 0.847406 0.859903 0.875808 0.860952 0.900822 0.448194 0.448194 0.863841 0.843962 0.448194 0.879616 0.448194 0.448194 0.873416 0.881035 0.846210 0.839112 0.865864 0.859260 0.885318 0.859260 0.859393
0.835973 0.854290 0.811002 0.861812 0.866806 0.834908 0.892053 0.816309 0.834061 0.858646 0.885859 0.827324 0.841075 0.791104 0.898266 0.848941 0.814405 0.843924 0.836931 0.821631 0.844145 0.851686 0.839295 0.806280 0.883859 0.885859 0.865281 0.946748 1.084403 0.854613 0.889274 0.864669 0.866789 0.869939 0.893441 0.836101 0.858689 0.898838 0.878071 0.448194 0.839034 0.847049 0.448194 0.882947 0.448194 0.750726 0.838585 0.677894 0.448194 0.448194 0.666689 0.448194 0.846514 0.878959 0.448194 0.838506 0.448194 0.901922 0.861910 0.835291 0.859260 0.859260 0.861056
0.814779 0.853529 0.868790 0.835973 0.831062 0.834908 0.862122 0.823054 0.895226 0.858646 0.827324 0.848525 0.839235 0.847556 0.872396 0.874798 0.814405 0.874898 0.863343 0.863343 0.865281 0.844145 0.789318 0.816325 0.806280 0.834061 0.834061 0.862270 0.821631 0.886078 0.836129 0.875282 0.865799 0.852997 0.812439 0.834879 0.872213 0.861675 0.889389 0.890699 0.448194 0.448194 0.459399 0.871989 0.448194 0.448194 0.874463 0.874463 0.521026 0.837476 0.837476 0.448194 0.448194 0.885548 0.834643 0.448194 0.833701 0.838267 0.838869 0.856343 0.859260 0.859393 0.829471
0.864669 0.822041 0.868790 0.892525 0.882715 0.834908 0.875108 0.850298 0.865281 0.816309 0.816309 0.816325 0.816325 0.789318 0.816325 0.872757 0.865281 0.821631 0.839397 0.836640 0.844145 0.865281 0.823920 0.816309 0.854290 0.834061 0.885859 0.838905 0.885748 0.888316 0.821631 0.825864 0.816325 0.849342 0.866159 0.899878 0.854699 0.854429 0.694701 0.694701 0.832026 0.847979 0.836317 0.863841 0.872415 0.882942 0.448194 0.638677 0.521026 0.448194 0.448194 0.448194 0.874655 0.448194 0.834303 0.448194 0.881218 0.902625 0.835963 0.825718 0.834576 0.859393 0.829471
0.834908 0.893733 0.835866 0.873113 0.873113 0.892682 0.838875 0.864848 0.821631 0.843631 0.861675 0.847696 0.843631 0.816325 0.816325 0.816325 0.816325 0.821631 0.821631 0.821631 0.816325 0.791104 0.834061 0.827378 0.802913 0.827324 0.827324 0.837849 0.888316 0.816325 0.866267 0.869501 0.848875 0.843803 0.816325 0.858646 0.866920 0.893957 0.863245 0.867487 0.872744 0.847979 0.843466 0.843004 0.448194 0.448194 0.872755 0.448194 0.448194 0.481809 0.672292 0.842535 0.837476 0.616267 0.843079 0.448194 0.448194 0.905380 0.834478 0.864050 0.813849 0.825718 0.865916
0.869824 0.837028 0.892940 0.892232 0.890021 0.837857 0.848203 0.868646 0.861689 0.874898 0.893616 0.825806 0.821631 0.816325 0.816325 0.824803 0.835118 0.834576 0.844145 0.839266 0.816325 0.862032 0.791104 0.854290 0.850298 0.836571 0.816309 0.846649 0.841301 0.866109 0.821631 0.868742 0.845428 0.854607 0.873853 0.856279 0.898266 0.863785 0.901144 0.885965 0.599460 0.839034 0.677894 0.833906 0.448194 0.448194 0.860952 0.448194 0.448194 0.448194 0.857791 0.857791 0.880164 0.515424 0.621870 0.847406 0.448194 0.881415 0.862270 0.825390 0.825718 0.890587 0.844817
0.890906 0.842075 0.872451 0.834908 0.875885 0.834028 0.848203 0.861812 0.816207 0.869113 0.838977 0.861829 0.854903 0.854903 0.816325 0.853183 0.853183 0.835118 0.816502 0.859427 0.869414 0.873607 0.816325 0.850861 0.871900 0.826556 0.842776 0.821862 0.866500 0.848255 0.815402 0.826007 0.863132 0.906180 0.863785 0.865281 0.858646 0.845602 0.869952 0.868101 0.876317 0.848875 0.836317 0.836317 0.677894 0.892699 0.448194 0.448194 0.448194 0.448194 0.739521 0.448194 0.880164 0.448194 0.493014 0.515424 0.448194 0.857554 0.838622 0.825390 0.829138 0.849179 0.859393
0.840383 0.891852 0.869746 0.840886 0.866854 0.864899 0.842687 0.835650 0.835650 0.838517 0.891682 0.830089 0.850714 0.865033 0.816325 0.816325 0.816325 0.865281 0.865281 0.872757 0.836374 0.789986 0.850258 0.807491 0.856904 0.843059 0.867012 0.839338 0.859430 0.854903 0.816325 0.846669 0.863132 0.867111 0.869113 0.893860 0.893860 0.900545 0.901484 0.885362 0.833705 0.888886 0.838900 0.842790 0.872415 0.892699 0.866309 0.448194 0.448194 0.448194 0.448194 0.627472 0.448194 0.448194 0.677894 0.448194 0.870683 0.867000 0.836300 0.862389 0.856795 0.837825 0.856383
0.843319 0.843319 0.837924 0.864899 0.834908 0.869460 0.857577 0.868953 0.834908 0.867111 0.864848 0.869509 0.901704 0.846118 0.816325 0.816325 0.816502 0.865281 0.872396 0.885356 0.811115 0.829078 0.810796 0.843059 0.856904 0.840816 0.848525 0.813016 0.867111 0.789318 0.816994 0.856279 0.865281 0.883228 0.897733 0.872391 0.889274 0.854613 0.893860 0.899827 0.838506 0.890550 0.509821 0.890501 0.832204 0.848875 0.838098 0.750726 0.700304 0.448194 0.842368 0.465002 0.448194 0.871370 0.448194 0.448194 0.840610 0.892986 0.880176 0.851439 0.903338 0.835071 0.858765
0.881520 0.856588 0.834908 0.864899 0.856040 0.814625 0.866400 0.869885 0.831020 0.891852 0.864848 0.896085 0.835191 0.875234 0.816325 0.843632 0.852320 0.895226 0.848146 0.877589 0.877589 0.872678 0.840901 0.810796 0.847767 0.859427 0.860581 0.826007 0.836831 0.861321 0.843274 0.834061 0.814044 0.846199 0.899827 0.897320 0.891424 0.899827 0.895180 0.854607 0.842427 0.851865 0.861078 0.855309 0.862135 0.876827 0.875291 0.833426 0.833426 0.881948 0.844321 0.493014 0.750726 0.859998 0.493014 0.859281 0.840610 0.448194 0.856973 0.879151 0.883911 0.858691 0.848525
0.892278 0.843319 0.896854 0.826616 0.900584 0.834908 0.866679 0.892053 0.831472 0.864828 0.856121 0.868873 0.871298 0.871298 0.862788 0.856264 0.877859 0.847556 0.875000 0.842817 0.842960 0.826090 0.828018 0.816325 0.834475 0.856279 0.834475 0.806280 0.825410 0.841805 0.827378 0.898266 0.859427 0.854607 0.889506 0.871531 0.890021 0.899878 0.899878 0.854699 0.854699 0.893441 0.860898 0.862273 0.891284 0.892976 0.875279 0.842291 0.838267 0.881948 0.889302 0.902449 0.448194 0.711509 0.448194 0.448194 0.882947 0.845090 0.867936 0.879038 0.448194 0.892807 0.846361
0.885717 0.861128 0.830528 0.878779 0.854440 0.854440 0.808326 0.829838 0.834908 0.868298 0.875793 0.862600 0.873719 0.864848 0.868039 0.836101 0.854903 0.854553 0.825744 0.834576 0.847413 0.826090 0.865281 0.860898 0.821862 0.836831 0.834061 0.856279 0.825410 0.881566 0.834061 0.895839 0.865281 0.865281 0.848496 0.864655 0.851638 0.862725 0.899878 0.871997 0.899570 0.899827 0.899827 0.900545 0.834435 0.880751 0.862317 0.857237 0.878309 0.845601 0.862488 0.834334 0.627472 0.616267 0.866323 0.871674 0.711509 0.879616 0.877915 0.830190 0.852793 0.677894 0.448194
0.892278 0.846884 0.855637 0.874140 0.834908 0.851640 0.810700 0.829838 0.869885 0.885748 0.862628 0.830370 0.448194 0.448194 0.868039 0.836101 0.856842 0.820448 0.826939 0.885266 0.885266 0.834008 0.842731 0.898266 0.831483 0.842731 0.842731 0.865281 0.864868 0.844521 1.084403 0.842731 0.902984 0.856279 0.833163 0.899827 0.902740 0.860419 0.864907 0.878636 0.899827 0.893860 0.899827 0.882068 0.860988 0.845090 0.831189 0.878959 0.852994 0.871763 0.869041 0.672292 0.672292 0.859726 0.627472 0.750726 0.448194 0.872686 0.448194 0.448194 0.852793 0.836317 0.847806
0.897626 0.826304 0.848133 0.853930 0.857599 0.862600 0.862600 0.893554 0.854353 0.830908 0.900028 0.812238 0.872190 0.898172 0.814703 0.843475 0.867715 0.867715 0.834908 0.834576 0.815578 1.084403 0.846267 0.865281 0.842731 0.851493 0.888316 0.821631 0.844145 0.831483 0.842731 0.847696 0.829838 0.834061 0.828615 0.835291 0.892053 0.860077 0.834942 0.862070 0.831302 0.854607 0.860898 0.899827 0.899827 0.854607 0.892987 0.866048 0.448194 0.448194 0.880184 0.843079 0.867046 0.859726 0.868957 0.689099 0.549038 0.448194 0.448194 0.880932 0.808212 0.875808 0.784340
0.881520 0.855339 0.862682 0.799587 0.857615 0.847216 0.875563 0.867714 0.802604 0.802604 0.827988 0.879584 0.846336 0.845428 0.870716 0.892312 0.830370 0.872533 0.865621 0.871823 0.838396 0.873296 0.870366 0.867549 0.870435 0.851493 0.848612 0.847197 0.821631 0.821631 0.847809 0.846267 0.829838 0.834061 0.835605 0.839833 0.814229 0.814229 0.851725 0.893441 0.899827 0.899878 0.880942 0.854607 0.902740 0.854607 0.850897 0.837670 0.886549 0.839110 0.839615 0.448194 0.498616 0.448194 0.813370 0.448194 0.448194 0.593858 0.879616 0.884491 0.448194 0.711509 0.448194
0.870379 0.866767 0.845728 0.842141 0.863431 0.860748 0.837212 0.862600 0.892082 0.862600 0.851685 0.879584 0.847084 0.850025 0.864536 0.865958 0.881458 0.828930 0.865621 0.846934 0.866806 0.877015 0.868243 0.821818 0.843319 0.835650 0.863383 0.844874 0.821631 0.834908 0.821631 0.848255 0.789318 0.804740 0.832329 0.885266 0.865024 0.873255 0.863776 0.854613 0.821631 0.869952 0.899827 0.840876 0.899827 0.891424 0.836698 0.838318 0.853176 0.839043 0.830220 0.846514 0.904898 0.448194 0.448194 0.834643 0.834643 0.700304 0.881247 0.873103 0.498616 0.865879 0.846514
0.876588 0.830908 0.839581 0.893078 0.863431 0.841647 0.839457 0.854353 0.860918 0.871321 0.873738 0.813748 0.872485 0.869202 0.850025 0.851891 0.873342 0.827335 0.851863 0.852215 0.846336 0.846336 0.891520 0.866806 0.832914 0.842500 0.865646 0.839733 0.839826 0.874360 0.834908 0.867098 0.804740 0.854613 0.888316 0.842731 0.876495 0.855126 0.886078 0.888316 0.816325 0.854607 0.899878 0.870435 0.814044 0.874898 0.854607 0.894719 0.846847 0.846847 0.873103 0.889628 0.846950 0.842368 0.871050 0.883389 0.832436 0.700304 0.879538 0.870084 0.882942 0.882732 0.841706
0.897626 0.837468 0.851476 0.872349 0.805353 0.875329 0.825835 0.853424 0.867526 0.847566 0.815096 0.809163 0.887813 0.887813 0.847801 0.839433 0.820252 0.873919 0.823908 0.850530 0.845235 0.858320 0.892214 0.825864 0.816325 0.840258 0.844503 0.867140 0.860046 0.874360 0.820999 0.847820 0.846669 0.813108 0.824452 0.836624 0.876495 0.865366 0.821631 0.821631 0.846669 0.846669 0.899878 0.840738 0.898930 0.899827 0.893860 0.854607 0.867029 0.860317 0.882478 0.852316 0.895546 0.862034 0.838982 0.837375 0.448194 0.877785 0.882942 0.882373 0.848132 0.879038 0.848172
0.869501 0.874861 0.842569 0.828653 0.819269 0.806130 0.806130 0.841864 0.832663 0.819534 0.793214 0.859711 0.836602 0.858058 0.834516 0.839433 0.861749 0.862122 0.819929 0.870131 0.880599 0.805353 0.892214 0.834908 0.814738 0.840763 0.874861 0.806180 0.855294 0.870234 0.860128 0.836555 0.860783 0.855340 0.843726 0.865595 0.832329 0.842731 0.844145 0.871712 0.816309 0.863132 0.874898 0.884611 0.855938 0.899827 0.842465 0.875263 0.869952 0.845711 0.871064 0.860419 0.883686 0.448194 0.847729 0.448194 0.874058 0.878408 0.868269 0.882942 0.882942 0.892253 0.852488
0.876588 0.855294 0.843059 0.836100 0.828653 0.825835 0.867662 0.837697 0.832663 0.815913 0.815096 0.846264 0.852749 0.859427 0.892278 0.847801 0.873634 0.884443 0.899164 0.858058 0.869073 0.864071 0.804136 0.864634 0.811255 0.811255 0.885859 0.841633 0.836054 0.866267 0.854290 0.855843 0.881520 0.855294 0.825321 0.890281 0.865281 0.844677 0.859427 0.806280 0.872396 0.899878 0.872755 0.898930 0.873111 0.860319 0.821631 0.871051 0.864899 0.846199 0.865281 0.861754 0.848522 0.848522 0.672292 0.878893 0.848185 0.881128 0.838246 0.761930 0.879616 0.892253 0.873198
0.815906 0.840871 0.834061 0.877443 0.805563 0.855687 0.806682 0.825427 0.853809 0.815096 0.861251 0.889282 0.848525 0.872697 0.866854 0.848764 0.860784 0.810888 0.810888 0.844503 0.867806 0.848525 0.825476 0.850025 0.813108 0.876208 0.841075 0.815913 0.871823 0.865958 0.891520 0.876588 0.876588 0.855294 0.840816 0.806180 0.868597 0.865281 0.851789 0.834061 0.872396 0.860898 0.865693 0.855938 0.897139 0.897139 0.869351 0.813108 0.869980 0.814544 0.847173 0.893483 0.893441 0.865281 0.833977 0.816325 0.849727 0.859730 0.448194 0.448194 0.448194 0.848042 0.865599
