Example_Watersheds/WA_MashelWatershed/DataInputs/o_3_ChemistryPools/Mashel_1990_Pools/DON_Pool_2.asc
ncols         923
nrows         455
xllcorner     550005.67551598
yllcorner     5180549.8134422
cellsize      30
NODATA_value  -9999
[rows 140 to 167 of 455, columns 315 to 377 of 923]
0.106836 0.208172 0.208217 0.106836 0.209900 0.208101 0.217682 0.106836 0.106836 0.106836 0.106836 0.106836 0.106836 0.212507 0.203174 0.200930 0.203413 0.211312 0.214542 0.196957 0.203598 0.202382 0.212039 0.209575 0.210968 0.208192 0.206064 0.204999 0.106836 0.106836 0.114848 0.106836 0.106836 0.106836 0.206395 0.106836 0.203894 0.106836 0.106836 0.106836 0.106836 0.106836 0.256431 0.205884 0.206749 0.212695 0.203654 0.106836 0.106836 0.106836 0.106836 0.106836 0.106836 0.106836 0.106836 0.106836 0.106836 0.106836 0.106836 0.217649 0.122861 0.213470 0.106836
0.212204 0.207973 0.207973 0.106836 0.106836 0.106836 0.132209 0.203505 0.208260 0.204148 0.207807 0.203447 0.207644 0.212507 0.210794 0.213121 0.214244 0.205910 0.201061 0.213211 0.203598 0.213783 0.205910 0.219497 0.203157 0.201700 0.207943 0.204999 0.106836 0.106836 0.106836 0.106836 0.106836 0.125532 0.208101 0.106836 0.106836 0.208101 0.213822 0.219874 0.214886 0.213431 0.209092 0.198948 0.212540 0.211856 0.197676 0.106836 0.106836 0.210070 0.106836 0.106836 0.137551 0.106836 0.106836 0.106836 0.207875 0.106836 0.106836 0.205389 0.202299 0.208954 0.208736
0.201513 0.203618 0.106836 0.106836 0.136215 0.106836 0.132209 0.201221 0.210996 0.210298 0.200836 0.204971 0.203065 0.211770 0.207764 0.214244 0.207625 0.215221 0.203679 0.198896 0.199146 0.215917 0.215917 0.206395 0.206108 0.206522 0.208216 0.219686 0.106836 0.208371 0.106836 0.106836 0.117519 0.106836 0.106836 0.125532 0.106836 0.106836 0.211574 0.212541 0.205616 0.202162 0.206298 0.213421 0.216366 0.209583 0.216718 0.203757 0.210566 0.211954 0.211954 0.169602 0.207843 0.204024 0.208437 0.106836 0.214447 0.106836 0.106836 0.205389 0.204450 0.203388 0.212087
0.208126 0.106836 0.106836 0.106836 0.106836 0.204692 0.201615 0.201221 0.212250 0.205411 0.211156 0.106836 0.208632 0.199443 0.212541 0.212541 0.219602 0.209323 0.205216 0.219544 0.199590 0.205910 0.211253 0.219497 0.219598 0.204371 0.216202 0.203616 0.106836 0.106836 0.106836 0.106836 0.106836 0.106836 0.106836 0.106836 0.106836 0.106836 0.211574 0.197207 0.201702 0.199254 0.211606 0.205172 0.256431 0.209498 0.206635 0.212715 0.216265 0.214055 0.220583 0.210495 0.215121 0.207104 0.210280 0.201151 0.204823 0.208660 0.212846 0.210574 0.207365 0.256431 0.202424
0.208216 0.136215 0.106836 0.200782 0.211869 0.209734 0.205644 0.213107 0.208192 0.215917 0.212207 0.216437 0.202555 0.205244 0.202755 0.207738 0.205910 0.209323 0.205910 0.213698 0.219598 0.205910 0.211824 0.202175 0.219598 0.215028 0.203340 0.106836 0.106836 0.208101 0.106836 0.106836 0.106836 0.106836 0.106836 0.125532 0.208371 0.207875 0.106836 0.212935 0.256431 0.256431 0.207124 0.211954 0.212465 0.201702 0.209739 0.197207 0.196887 0.207730 0.219197 0.209739 0.202755 0.212737 0.213906 0.206236 0.209148 0.201527 0.209092 0.208483 0.210620 0.206464 0.206464
0.208192 0.205642 0.106836 0.106836 0.200800 0.211956 0.199944 0.205411 0.211648 0.211648 0.212207 0.210708 0.208380 0.212568 0.212071 0.206733 0.202308 0.207537 0.216592 0.213698 0.205910 0.205910 0.205910 0.214565 0.198931 0.216310 0.203202 0.203202 0.213408 0.106836 0.106836 0.106836 0.106836 0.106836 0.106836 0.106836 0.106836 0.106836 0.211867 0.197207 0.215753 0.212459 0.208483 0.208483 0.207365 0.256431 0.208610 0.208610 0.204499 0.212335 0.219399 0.205172 0.209739 0.209779 0.209779 0.197932 0.210567 0.197207 0.217147 0.214564 0.199568 0.207603 0.217813
0.212044 0.106836 0.106836 0.106836 0.213792 0.213304 0.210877 0.210591 0.218070 0.212891 0.216270 0.215917 0.203180 0.211090 0.106836 0.106836 0.199966 0.219476 0.217862 0.217862 0.206456 0.205910 0.199146 0.210928 0.198931 0.215749 0.201897 0.218881 0.106836 0.106836 0.106836 0.106836 0.144228 0.106836 0.106836 0.213048 0.212283 0.210336 0.209828 0.197986 0.206938 0.220492 0.208483 0.256431 0.210843 0.208618 0.204604 0.204604 0.203512 0.208610 0.216325 0.212292 0.205814 0.217273 0.212037 0.213354 0.211974 0.210931 0.216820 0.213281 0.205301 0.217447 0.207597
0.218618 0.211090 0.106836 0.106836 0.211018 0.208061 0.214966 0.209092 0.213298 0.209858 0.207733 0.106836 0.216422 0.212541 0.208192 0.106836 0.106836 0.106836 0.106836 0.106836 0.205910 0.205910 0.210133 0.217682 0.207574 0.203679 0.212931 0.200854 0.106836 0.106836 0.106836 0.129538 0.186962 0.125532 0.186962 0.213048 0.200355 0.209430 0.208269 0.212653 0.201354 0.210649 0.221377 0.205220 0.205716 0.205411 0.205795 0.198481 0.213281 0.210609 0.210575 0.209739 0.211975 0.217447 0.214829 0.206100 0.204768 0.217823 0.201516 0.208300 0.221742 0.198577 0.210490
0.209924 0.106836 0.106836 0.106836 0.106836 0.106836 0.201970 0.217074 0.210399 0.218937 0.210830 0.218618 0.106836 0.106836 0.208192 0.106836 0.106836 0.106836 0.106836 0.106836 0.218368 0.211693 0.219183 0.217862 0.201513 0.205871 0.210238 0.106836 0.106836 0.106836 0.106836 0.106836 0.199995 0.206522 0.205746 0.200411 0.219197 0.214369 0.210985 0.194571 0.219992 0.209739 0.212715 0.202755 0.218737 0.211793 0.211532 0.196027 0.200060 0.218850 0.213430 0.212625 0.218914 0.210646 0.202755 0.203677 0.212157 0.213430 0.205011 0.205011 0.202566 0.215964 0.202782
0.207710 0.206019 0.106836 0.211781 0.106836 0.124196 0.204649 0.216784 0.206695 0.209412 0.204595 0.214151 0.214244 0.202540 0.106836 0.106836 0.106836 0.215917 0.217862 0.211461 0.206018 0.212568 0.211092 0.211092 0.202584 0.106836 0.106836 0.106836 0.106836 0.206215 0.204311 0.219665 0.210549 0.203971 0.201671 0.210916 0.213712 0.211998 0.193461 0.188468 0.217180 0.202755 0.200972 0.197207 0.210558 0.213783 0.211532 0.207659 0.211820 0.193778 0.221425 0.221425 0.207574 0.206134 0.212812 0.202755 0.202755 0.202755 0.200429 0.207272 0.211414 0.214057 0.202782
0.203431 0.106836 0.138886 0.106836 0.106836 0.210452 0.202352 0.208513 0.203551 0.217387 0.216654 0.106836 0.106836 0.209371 0.213915 0.219468 0.203470 0.106836 0.217074 0.201513 0.210707 0.212891 0.219125 0.205166 0.214204 0.106836 0.106836 0.206338 0.202719 0.203046 0.203577 0.216308 0.210549 0.220641 0.205871 0.205669 0.196027 0.210941 0.208298 0.188468 0.206464 0.210603 0.219672 0.215548 0.212283 0.214074 0.220888 0.208483 0.202755 0.211532 0.218140 0.203144 0.209012 0.205178 0.216514 0.210916 0.212120 0.217813 0.210490 0.216638 0.212530 0.216597 0.212293
0.205462 0.138886 0.106836 0.106836 0.106836 0.106836 0.213785 0.106836 0.106836 0.195847 0.210012 0.106836 0.205635 0.207581 0.106836 0.216202 0.211446 0.106836 0.217074 0.205839 0.205910 0.210133 0.210972 0.136215 0.208138 0.192825 0.204268 0.206397 0.216424 0.197932 0.198597 0.210649 0.211128 0.207738 0.217449 0.217449 0.209114 0.213067 0.212442 0.216805 0.199556 0.214119 0.215548 0.196027 0.202339 0.203453 0.207803 0.106836 0.200782 0.217228 0.106836 0.106836 0.206920 0.211226 0.106836 0.125532 0.207772 0.210794 0.210598 0.208010 0.211867 0.211160 0.212072
0.210791 0.212072 0.213670 0.106836 0.106836 0.106836 0.212779 0.106836 0.212842 0.106836 0.106836 0.210987 0.144228 0.106836 0.212434 0.210852 0.207524 0.202499 0.211780 0.208147 0.214175 0.199226 0.106836 0.206275 0.106836 0.106836 0.211916 0.201420 0.201420 0.210365 0.197702 0.256431 0.203714 0.203453 0.215753 0.220492 0.206880 0.213079 0.220548 0.208298 0.213905 0.208639 0.206349 0.208573 0.203427 0.210931 0.210802 0.106836 0.106836 0.106836 0.106836 0.106836 0.106836 0.106836 0.106836 0.106836 0.202151 0.211420 0.206282 0.218004 0.210849 0.106836 0.106836
0.210791 0.136215 0.106836 0.120190 0.106836 0.106836 0.106836 0.106836 0.106836 0.106836 0.106836 0.106836 0.106836 0.106836 0.202526 0.212250 0.202656 0.219422 0.206456 0.210133 0.210133 0.209963 0.217387 0.106836 0.210922 0.106836 0.213322 0.210983 0.216325 0.210365 0.205732 0.256431 0.220492 0.205833 0.213101 0.212800 0.206880 0.205396 0.211473 0.212303 0.212496 0.206837 0.207655 0.208573 0.106836 0.106836 0.106836 0.209529 0.210692 0.129538 0.106836 0.106836 0.207449 0.106836 0.106836 0.208096 0.194666 0.207304 0.106836 0.106836 0.106836 0.106836 0.211268
0.202499 0.211444 0.106836 0.106836 0.106836 0.203654 0.106836 0.106836 0.152241 0.106836 0.106836 0.106836 0.106836 0.106836 0.106836 0.213698 0.211827 0.106836 0.208482 0.218431 0.204489 0.202156 0.217387 0.201897 0.210707 0.206195 0.211945 0.205746 0.213712 0.219638 0.203599 0.202382 0.214897 0.211720 0.211298 0.193334 0.256431 0.218372 0.209828 0.215599 0.213797 0.213616 0.219602 0.210694 0.106836 0.106836 0.172272 0.106836 0.106836 0.106836 0.208101 0.208101 0.106836 0.106836 0.106836 0.106836 0.208101 0.106836 0.106836 0.122861 0.205755 0.106836 0.106836
0.207384 0.211444 0.136215 0.106836 0.106836 0.212400 0.213825 0.106836 0.136215 0.106836 0.106836 0.208018 0.106836 0.210485 0.211104 0.211117 0.219497 0.211092 0.199443 0.217494 0.211963 0.206539 0.205178 0.106836 0.209615 0.116184 0.210674 0.203643 0.200930 0.210360 0.210766 0.215630 0.215630 0.218308 0.202755 0.211532 0.208333 0.210549 0.211501 0.191696 0.211234 0.106836 0.106836 0.106836 0.106836 0.208101 0.208233 0.106836 0.106836 0.208101 0.106836 0.106836 0.106836 0.106836 0.106836 0.106836 0.206335 0.130874 0.106836 0.106836 0.106836 0.106836 0.106836
0.210604 0.211681 0.106836 0.106836 0.106836 0.212663 0.106836 0.195847 0.106836 0.106836 0.200355 0.202366 0.203279 0.106836 0.201101 0.215361 0.208192 0.197207 0.214074 0.206027 0.219598 0.210055 0.208380 0.206267 0.206267 0.106836 0.218737 0.209708 0.201677 0.204487 0.212771 0.214840 0.209913 0.218308 0.211128 0.215698 0.212911 0.210558 0.203212 0.205746 0.211234 0.106836 0.106836 0.106836 0.208061 0.208217 0.106836 0.106836 0.106836 0.106836 0.208101 0.106836 0.106836 0.106836 0.208101 0.106836 0.106836 0.106836 0.208101 0.106836 0.106836 0.106836 0.106836
0.212355 0.106836 0.106836 0.213829 0.218419 0.106836 0.106836 0.197549 0.124196 0.210604 0.200550 0.211156 0.200930 0.206733 0.216805 0.214245 0.213254 0.210758 0.199176 0.211081 0.217291 0.204639 0.212629 0.204639 0.215917 0.216302 0.218737 0.204618 0.200750 0.217953 0.208978 0.211460 0.210916 0.202459 0.216999 0.210794 0.210794 0.203212 0.204998 0.207514 0.165595 0.106836 0.106836 0.106836 0.106836 0.106836 0.150905 0.106836 0.106836 0.106836 0.106836 0.106836 0.208101 0.106836 0.106836 0.106836 0.106836 0.106836 0.106836 0.208101 0.106836 0.106836 0.106836
0.209826 0.210912 0.106836 0.200782 0.201074 0.106836 0.208260 0.204442 0.208260 0.106836 0.210363 0.213792 0.203095 0.202308 0.210259 0.200012 0.201513 0.207952 0.201221 0.219223 0.207872 0.205910 0.212951 0.199126 0.213541 0.212071 0.218838 0.205511 0.215462 0.206155 0.208247 0.206163 0.199050 0.216359 0.213277 0.217767 0.217767 0.202308 0.212541 0.212459 0.202151 0.106836 0.106836 0.106836 0.106836 0.106836 0.106836 0.106836 0.106836 0.106836 0.208101 0.106836 0.208101 0.106836 0.106836 0.207644 0.106836 0.208018 0.106836 0.106836 0.208101 0.106836 0.106836
0.209080 0.209080 0.106836 0.106836 0.106836 0.202035 0.106836 0.195847 0.160253 0.106836 0.214797 0.210436 0.213741 0.210876 0.209606 0.219925 0.214565 0.202656 0.218909 0.208512 0.219795 0.209152 0.209734 0.209900 0.209008 0.212695 0.203647 0.207880 0.207880 0.210707 0.213502 0.211319 0.207632 0.209213 0.211335 0.203500 0.200286 0.202308 0.199450 0.206371 0.207449 0.106836 0.106836 0.207449 0.106836 0.208569 0.208217 0.211144 0.106836 0.106836 0.208101 0.106836 0.106836 0.106836 0.106836 0.106836 0.106836 0.106836 0.106836 0.106836 0.208101 0.208101 0.208101
0.213478 0.215241 0.207096 0.185627 0.205985 0.106836 0.106836 0.136215 0.106836 0.211612 0.203697 0.218960 0.106836 0.211251 0.210384 0.211646 0.219399 0.216202 0.214600 0.218368 0.202556 0.202556 0.215069 0.205910 0.210549 0.206317 0.218304 0.203317 0.214314 0.205871 0.213502 0.212937 0.198801 0.214956 0.212408 0.207935 0.205884 0.204778 0.199978 0.106836 0.106836 0.208339 0.106836 0.106836 0.207449 0.106836 0.208101 0.208101 0.208101 0.208101 0.106836 0.106836 0.106836 0.208101 0.106836 0.106836 0.106836 0.106836 0.106836 0.210692 0.106836 0.207822 0.106836
0.208192 0.199995 0.207096 0.200632 0.213804 0.106836 0.106836 0.106836 0.106836 0.211612 0.210238 0.211234 0.106836 0.202475 0.212817 0.202234 0.202566 0.209092 0.209371 0.214236 0.213974 0.208274 0.207738 0.199166 0.204182 0.212355 0.203574 0.202755 0.202755 0.212459 0.213211 0.208360 0.205721 0.204453 0.210893 0.203278 0.200898 0.219733 0.106836 0.106836 0.106836 0.106836 0.106836 0.106836 0.106836 0.106836 0.208101 0.106836 0.106836 0.208101 0.208101 0.208101 0.208101 0.208101 0.106836 0.106836 0.106836 0.106836 0.106836 0.106836 0.207449 0.207449 0.106836
0.210549 0.208452 0.207424 0.144228 0.106836 0.106836 0.106836 0.161589 0.106836 0.106836 0.217698 0.213366 0.209027 0.219028 0.208482 0.201134 0.217768 0.221742 0.211301 0.208885 0.207659 0.211532 0.209708 0.211532 0.213240 0.206332 0.205411 0.213665 0.256431 0.217333 0.209985 0.212016 0.212650 0.212650 0.201798 0.221311 0.207359 0.210794 0.202865 0.106836 0.106836 0.106836 0.208217 0.106836 0.106836 0.106836 0.207449 0.106836 0.106836 0.106836 0.106836 0.106836 0.106836 0.208101 0.208101 0.106836 0.106836 0.106836 0.106836 0.106836 0.106836 0.106836 0.106836
0.212041 0.207916 0.209205 0.106836 0.182956 0.112177 0.106836 0.106836 0.153576 0.106836 0.215599 0.209709 0.208554 0.212328 0.206688 0.202582 0.207449 0.210133 0.211030 0.211301 0.212444 0.212560 0.209183 0.209341 0.214736 0.214736 0.211373 0.211780 0.201660 0.218893 0.206749 0.213071 0.106836 0.208660 0.201798 0.208284 0.212849 0.203647 0.106836 0.106836 0.106836 0.106836 0.106836 0.106836 0.106836 0.106836 0.106836 0.106836 0.106836 0.106836 0.106836 0.207926 0.106836 0.106836 0.208101 0.208101 0.106836 0.106836 0.106836 0.106836 0.106836 0.106836 0.106836
0.106836 0.157583 0.199687 0.106836 0.136215 0.106836 0.106836 0.106836 0.106836 0.212320 0.206499 0.206152 0.201221 0.212328 0.214397 0.207066 0.207911 0.206938 0.210603 0.199226 0.207496 0.202755 0.207655 0.209614 0.196761 0.215250 0.208543 0.216389 0.207637 0.202507 0.203431 0.212006 0.106836 0.106836 0.201091 0.210514 0.106836 0.106836 0.204832 0.106836 0.106836 0.106836 0.106836 0.106836 0.106836 0.106836 0.117519 0.106836 0.106836 0.208376 0.106836 0.106836 0.106836 0.106836 0.106836 0.106836 0.106836 0.106836 0.106836 0.106836 0.106836 0.106836 0.106836
0.161589 0.160253 0.158918 0.161589 0.202151 0.117519 0.125532 0.207973 0.205900 0.202499 0.214760 0.218140 0.192192 0.202466 0.211388 0.212170 0.221405 0.208372 0.201499 0.218435 0.211166 0.203546 0.199869 0.199436 0.214291 0.211532 0.207725 0.129538 0.214245 0.205792 0.209529 0.202151 0.106836 0.202211 0.213024 0.199156 0.106836 0.106836 0.204028 0.210922 0.106836 0.106836 0.106836 0.106836 0.106836 0.106836 0.106836 0.106836 0.106836 0.106836 0.118855 0.106836 0.106836 0.106836 0.106836 0.106836 0.106836 0.106836 0.106836 0.106836 0.106836 0.106836 0.106836
0.145564 0.203202 0.203202 0.158918 0.106836 0.121525 0.112177 0.106836 0.207449 0.208450 0.204530 0.219351 0.106836 0.205018 0.202545 0.218618 0.214150 0.207066 0.203965 0.216762 0.216580 0.198004 0.205859 0.211263 0.198992 0.204768 0.203451 0.200240 0.204798 0.204798 0.207296 0.219497 0.209583 0.106836 0.213754 0.210575 0.213476 0.205220 0.204028 0.206909 0.213204 0.203218 0.106836 0.106836 0.106836 0.106836 0.106836 0.106836 0.106836 0.106836 0.208138 0.208101 0.207449 0.106836 0.106836 0.106836 0.106836 0.106836 0.106836 0.106836 0.106836 0.106836 0.106836
0.205216 0.106836 0.142893 0.191551 0.165595 0.106836 0.165595 0.106836 0.106836 0.211559 0.204530 0.207392 0.210896 0.212328 0.204392 0.219891 0.209929 0.207066 0.201134 0.202608 0.208659 0.207322 0.207322 0.205241 0.200721 0.207348 0.212939 0.209578 0.209089 0.205716 0.212181 0.203143 0.208395 0.211151 0.212904 0.209020 0.207361 0.213363 0.209092 0.203212 0.106836 0.106836 0.106836 0.106836 0.106836 0.106836 0.207449 0.106836 0.208101 0.106836 0.106836 0.106836 0.106836 0.106836 0.106836 0.106836 0.207449 0.106836 0.106836 0.106836 0.106836 0.106836 0.106836
