Example_Watersheds/WA_MashelWatershed/DataInputs/o_3_ChemistryPools/Mashel_1990_Pools/DON_Pool_1.asc
ncols         923
nrows         455
xllcorner     550005.67551598
yllcorner     5180549.8134422
cellsize      30
NODATA_value  -9999
[rows 196 to 223 of 455, columns 252 to 314 of 923]
0.493014 0.448194 0.448194 0.448194 0.874996 0.845389 0.857985 0.833595 0.848203 0.834675 0.837276 0.862725 0.871763 0.833371 0.832858 0.860260 0.860260 0.858212 0.860260 0.860260 0.884310 0.861678 0.905111 0.867710 0.857386 0.842862 0.843068 0.851725 0.859489 0.864781 0.896081 0.861678 0.878408 0.874388 0.884264 0.879307 0.867000 0.831995 0.868753 0.891090 0.846347 0.849004 0.877915 0.565845 0.616267 0.448194 0.876827 0.892987 0.879616 0.864276 0.859489 0.448194 0.448194 0.448194 0.448194 0.616267 0.448194 0.448194 0.871702 0.884595 0.448194 0.448194 0.448194
0.448194 0.448194 0.448194 0.448194 0.835336 0.822522 0.822522 0.833595 0.844761 0.890346 0.860576 0.884542 0.815891 0.890746 0.832858 0.860260 0.860260 0.860260 0.860260 0.860879 0.836448 0.860260 0.872887 0.847144 0.814598 0.887300 0.845002 0.843439 0.883597 0.904898 0.887854 0.877253 0.892699 0.879839 0.884264 0.884264 0.884264 0.813915 0.861784 0.884264 0.900240 0.881235 0.865196 0.891602 0.448194 0.448194 0.833800 0.871763 0.874951 0.862273 0.866661 0.448194 0.879839 0.448194 0.448194 0.448194 0.448194 0.448194 0.448194 0.448194 0.448194 0.448194 0.849967
0.448194 0.448194 0.448194 0.448194 0.858620 0.858620 0.883151 0.860988 0.865904 0.847593 0.847593 0.833932 0.890699 0.448194 0.830200 0.893537 0.834435 0.898312 0.847593 0.860260 0.818617 0.879385 0.847144 0.839457 0.876514 0.894793 0.845684 0.873335 0.893316 0.865761 0.833621 0.832646 0.877943 0.894900 0.871103 0.884264 0.831579 0.831579 0.884264 0.884264 0.843762 0.876490 0.862524 0.836383 0.448194 0.892964 0.833800 0.882617 0.898123 0.448194 0.868129 0.448194 0.448194 0.448194 0.448194 0.448194 0.448194 0.448194 0.448194 0.448194 0.448194 0.448194 0.448194
0.493014 0.448194 0.448194 0.448194 0.879790 0.883151 0.893008 0.855462 0.868399 0.874097 0.838990 0.838969 0.869544 0.891284 0.860955 0.874996 0.831301 0.893537 0.860260 0.887189 0.848102 0.897733 0.901771 0.827612 0.849969 0.894793 0.824861 1.084403 0.834289 0.900822 0.900822 0.847488 0.892531 0.859415 0.878408 0.898665 0.898665 0.847893 0.814703 0.884264 0.831579 0.814779 0.835680 0.838932 0.881760 0.837270 0.833982 0.881948 0.895791 0.895180 0.448194 0.884821 0.845918 0.453797 0.874735 0.448194 0.448194 0.448194 0.448194 0.448194 0.884894 0.448194 0.448194
0.448194 0.448194 0.448194 0.448194 0.577050 0.852113 0.867593 0.852570 0.862376 0.892976 0.448194 0.838969 0.844376 0.845304 0.838044 0.893815 0.845816 0.830475 0.860260 0.860260 0.860260 0.849777 0.860260 0.860260 0.836054 0.845684 0.833258 0.835287 0.845684 0.856015 0.872381 0.845150 0.831076 0.861678 0.832026 0.837476 0.848102 0.830551 0.884264 0.857989 0.884264 0.884264 0.841141 0.877253 0.839034 0.862978 0.879363 0.834435 0.848563 0.862182 0.861784 0.882223 0.448194 0.448194 0.880706 0.847275 0.448194 0.448194 0.448194 0.881661 0.448194 0.801147 0.448194
0.599460 0.448194 0.448194 0.448194 0.577050 0.858620 0.845423 0.887796 0.836448 0.689099 0.448194 0.838678 0.835161 0.448194 0.448194 0.847593 0.847593 0.890746 0.860260 0.865546 0.860260 0.856220 0.856220 0.843696 0.813108 0.825321 0.856920 0.897320 0.896504 0.897012 0.836941 0.903815 0.857898 0.871763 0.877253 0.830700 0.842292 0.839034 0.814703 0.818475 0.809219 0.844248 0.844248 0.855535 0.902902 0.884264 0.448194 0.904630 0.897707 0.858757 0.861784 0.448194 0.846995 0.448194 0.845150 0.448194 0.448194 0.448194 0.874360 0.448194 0.448194 0.448194 0.448194
0.823217 0.448194 0.448194 0.448194 0.882258 0.863780 0.863780 0.873809 0.840524 0.885539 0.832847 0.848205 0.850714 0.863386 0.448194 0.891299 0.851638 0.860260 0.849777 0.856220 0.860260 0.839364 0.852969 0.866625 0.855424 0.847352 0.860325 0.837653 0.860260 0.897012 0.863534 0.833621 0.862725 0.879839 0.879839 0.842996 0.879839 0.871439 0.857346 0.854703 0.884264 0.865476 0.815431 0.902906 0.856349 0.837483 0.868438 0.863534 0.859790 0.847593 0.904020 0.885514 0.448194 0.448194 0.448194 0.448194 0.448194 0.448194 0.448194 0.448194 0.448194 0.448194 0.448194
0.672292 0.571448 0.448194 0.448194 0.448194 0.860111 0.859361 0.845248 0.811364 0.784340 0.852969 0.852969 0.852969 0.848205 0.874470 0.891299 0.860260 0.837051 0.845816 0.901771 0.860260 0.901771 0.852969 0.864635 0.834887 0.865537 0.860831 0.858786 0.838693 0.860260 0.891093 0.873198 0.887189 0.859089 0.861982 0.879839 0.863386 0.860260 0.850963 0.867710 0.884264 0.855960 0.855960 0.812489 0.872574 0.856939 0.899952 0.873599 0.833878 0.866910 0.857791 0.879204 0.498616 0.448194 0.448194 0.885325 0.448194 0.493014 0.448194 0.448194 0.448194 0.448194 0.448194
0.778738 0.571448 0.448194 0.448194 0.870106 0.838545 0.834006 0.858598 0.811364 0.857910 0.852969 0.848205 0.848099 0.638677 0.884945 0.883385 0.860260 0.845816 0.845816 0.856220 0.883385 0.877253 0.856220 0.852969 0.854613 0.821631 0.858808 0.864785 0.898587 0.887189 0.883385 0.830475 0.887189 0.891299 0.878309 0.840768 0.878408 0.882106 0.860260 0.897931 0.891413 0.873154 0.809219 0.868693 0.848952 0.843295 0.843295 0.854143 0.898270 0.812489 0.820219 0.877128 0.880848 0.448194 0.448194 0.565845 0.448194 0.448194 0.448194 0.448194 0.448194 0.448194 0.448194
0.872213 0.448194 0.448194 0.448194 0.856302 0.867593 0.845423 0.876014 0.904840 0.881302 0.852969 0.852969 0.829820 0.830468 0.831194 0.887189 0.849777 0.838756 0.881777 0.897139 0.852969 0.870442 0.869824 0.867147 0.813062 0.825892 0.860260 0.887189 0.844992 0.890746 0.862182 0.847593 0.847593 0.891299 0.832646 0.890746 0.860260 0.894064 0.894064 0.871439 0.884264 0.814229 0.873154 0.815431 0.867714 0.855851 0.843295 0.886609 0.856939 0.849629 0.856015 0.838987 0.877477 0.448194 0.448194 0.448194 0.521026 0.448194 0.448194 0.448194 0.448194 0.448194 0.448194
0.778738 0.448194 0.820814 0.820814 0.448194 0.876825 0.883151 0.845423 0.855630 0.448194 0.526628 0.836819 0.848205 0.830468 0.862182 0.860260 0.860260 0.837051 0.901258 0.897139 0.901771 0.852969 0.881777 0.898030 0.856015 0.867301 0.860260 0.871763 0.847593 0.890746 0.837051 0.837051 0.831301 0.831301 0.870256 0.859089 0.871763 0.887189 0.839034 0.879135 0.884264 0.861249 0.853593 0.879160 0.884476 0.827004 0.859040 0.835552 0.862039 0.860783 0.849777 0.896703 0.448194 0.448194 0.871370 0.884595 0.448194 0.448194 0.448194 0.521026 0.448194 0.448194 0.694701
0.856596 0.872213 0.448194 0.448194 0.800180 0.876825 0.858620 0.876287 0.861928 0.843394 0.892964 0.848205 0.848205 0.847188 0.860260 0.837051 0.879038 0.890746 0.837051 0.856220 0.860260 0.852969 0.866209 0.901771 0.856220 0.856086 0.860260 0.847593 0.897974 0.897748 0.902673 0.870256 0.901771 0.870256 0.897748 0.902673 0.859089 0.890746 0.879839 0.870670 0.898587 0.814461 0.884264 0.817584 0.832824 0.862039 0.843582 0.862471 0.861505 0.870571 0.870571 0.840524 0.832999 0.838316 0.882478 0.876564 0.892546 0.549038 0.448194 0.833816 0.448194 0.448194 0.839220
0.448194 0.832436 0.448194 0.448194 0.448194 0.847979 0.858620 0.894065 0.868984 0.844579 0.829400 0.847796 0.847796 0.861442 0.829259 0.829259 0.859784 0.862135 0.847144 0.903283 0.860783 0.901771 0.839364 0.905962 0.849777 0.860260 0.860260 0.859067 0.897748 0.864036 0.850343 0.853334 0.897139 0.857069 0.858212 0.873873 0.871763 0.890746 0.832026 0.896850 0.873738 0.830235 0.838572 0.838572 0.871321 0.833932 0.859089 0.860260 0.838812 0.901285 0.839767 0.884310 0.900822 0.885183 0.850897 0.882106 0.873879 0.831102 0.849967 0.813610 0.882258 0.627472 0.847700
0.832436 0.599460 0.825580 0.448194 0.448194 0.858339 0.865968 0.865968 0.845423 0.855794 0.868602 0.829507 0.834072 0.904362 0.862985 0.864046 0.860260 0.884310 0.838756 0.868129 0.866209 0.860260 0.860260 0.905962 0.847828 0.839885 0.848009 0.847796 0.840610 0.897748 0.850343 0.847395 0.883828 0.831301 0.832646 0.832646 0.848009 0.887257 0.896036 0.860692 0.864486 0.904898 0.867088 0.892858 0.841641 0.448194 0.885882 0.829259 0.884821 0.833256 0.832999 0.888623 0.832646 0.860053 0.857695 0.891093 0.904362 0.875560 0.898587 0.850446 0.814651 0.863030 0.888623
0.872213 0.832436 0.448194 0.448194 0.448194 0.448194 0.493014 0.876066 0.863279 0.855794 0.855210 0.898213 0.838503 0.833878 0.861784 0.838979 0.860260 0.862182 0.814625 0.814625 0.856220 0.852969 0.847593 0.901258 0.857069 0.837051 0.890746 0.878408 0.875644 0.899135 0.852827 0.830722 0.831062 0.879561 0.880508 0.898665 0.838947 0.865779 0.878408 0.814625 0.902902 0.871671 0.901285 0.884821 0.448194 0.448194 0.448194 0.833256 0.448194 0.833256 0.835866 0.846133 0.856650 0.862725 0.867147 0.867147 0.890199 0.856723 0.858026 0.860350 0.666689 0.847828 0.847593
0.874463 0.571448 0.448194 0.841301 0.448194 0.448194 0.448194 0.833932 0.864036 0.814075 0.869665 0.866969 0.836941 0.852144 0.847188 0.831258 0.859089 0.832858 0.831406 0.831406 0.860260 0.839364 0.852969 0.837051 0.887189 0.849967 0.836078 0.875644 0.861128 0.893815 0.883828 0.857237 0.854955 0.843466 0.883828 0.888623 0.847395 0.832858 0.836941 0.875644 0.839397 0.871671 0.858448 0.448194 0.448194 0.448194 0.448194 0.448194 0.448194 0.448194 0.448194 0.887560 0.859887 0.831301 0.877389 0.877389 0.857898 0.876785 0.831301 0.448194 0.448194 0.599460 0.879363
0.448194 0.448194 0.448194 0.891749 0.448194 0.448194 0.448194 0.879737 0.858620 0.856264 0.861928 0.881085 0.881085 0.883828 0.856487 0.862034 0.868056 0.862182 0.890746 0.847593 0.860260 0.890933 0.860260 0.860260 0.850529 0.890746 0.905431 0.875644 0.848965 0.871823 0.835161 0.830475 0.887257 0.887493 0.883828 0.894313 0.878408 0.896036 0.860692 0.860692 0.861982 0.898453 0.846806 0.833705 0.884821 0.448194 0.448194 0.448194 0.448194 0.448194 0.880979 0.840108 0.875644 0.836383 0.847593 0.859089 0.862725 0.860447 0.861571 0.789943 0.448194 0.711509 0.571448
0.820814 0.448194 0.891243 0.871674 0.871674 0.448194 0.448194 0.554641 0.842581 0.870699 0.840042 0.835618 0.844321 0.883828 0.836670 0.880942 0.847593 0.831301 0.831301 0.860260 0.860260 0.895180 0.890746 0.860260 0.849777 0.862182 0.876638 0.814625 0.866641 0.847173 0.862985 0.871229 0.871229 0.838044 0.860447 0.884264 0.870212 0.841477 0.851260 0.834064 0.859143 0.894807 0.838916 0.448194 0.448194 0.448194 0.448194 0.448194 0.448194 0.884821 0.830232 0.885539 0.847144 0.849777 0.831301 0.860260 0.834064 0.839043 0.892608 0.892608 0.872694 0.448194 0.448194
0.872213 0.820814 0.836383 0.493014 0.778738 0.820814 0.882144 0.892564 0.862464 0.871754 0.868542 0.833997 0.844321 0.852570 0.871763 0.836480 0.886212 0.838991 0.845816 0.859489 0.834435 0.839034 0.861201 0.833528 0.846273 0.883828 0.851079 0.876638 0.863655 0.883385 0.855146 0.884264 0.884264 0.833956 0.833621 0.862985 0.858504 0.883828 0.833028 0.864635 0.899137 0.889706 0.830303 0.649882 0.448194 0.448194 0.448194 0.448194 0.884821 0.448194 0.902754 0.902754 0.831301 0.847144 0.855535 0.851079 0.890933 0.848009 0.847593 0.892608 0.875808 0.448194 0.448194
0.872213 0.820814 0.872213 0.825580 0.504219 0.448194 0.448194 0.902173 0.844372 0.811115 0.856704 0.830600 0.881490 0.835469 0.881085 0.871410 0.871410 0.847593 0.876638 0.842299 0.842299 0.860260 0.840610 0.856723 0.879839 0.883828 0.838918 0.869952 0.899135 0.860260 0.861784 0.884264 0.898587 0.851124 0.897139 0.860824 0.834064 0.838563 0.833028 0.825892 0.813610 0.849967 0.897251 0.448194 0.448194 0.448194 0.448194 0.448194 0.448194 0.448194 0.906180 0.883828 0.838983 0.814625 0.867093 0.867093 0.850343 0.874996 0.872287 0.873386 0.873538 0.871674 0.871674
0.872213 0.872213 0.872213 0.493014 0.593858 0.448194 0.448194 0.882914 0.882914 0.851906 0.806332 0.889558 0.847406 0.882478 0.890746 0.871763 0.830475 0.847593 0.838932 0.852570 0.879839 0.900822 0.847796 0.883828 0.879839 0.838918 0.848610 0.841008 0.883828 0.839034 0.839034 0.860260 0.884264 0.896926 0.843582 0.825329 0.825329 0.847488 0.860260 0.860735 0.893150 0.857336 0.829259 0.881218 0.448194 0.448194 0.448194 0.448194 0.448194 0.448194 0.837791 0.840768 0.879839 0.865033 0.830700 0.840108 0.865779 0.831301 0.831301 0.862985 0.875263 0.839888 0.896612
0.448194 0.448194 0.448194 0.493014 0.448194 0.448194 0.448194 0.830960 0.841400 0.870716 0.880430 0.854643 0.842855 0.728316 0.846514 0.839034 0.860692 0.844601 0.837270 0.862182 0.837270 0.883828 0.871763 0.879839 0.847796 0.883828 0.847593 0.888623 0.883828 0.860260 0.892531 0.893733 0.857523 0.852876 0.871229 0.884264 0.863534 0.873154 0.863665 0.845283 0.868091 0.857285 0.898874 0.448194 0.834840 0.885183 0.831517 0.833195 0.855373 0.448194 0.850081 0.834435 0.865779 0.847395 0.830722 0.833237 0.833237 0.847395 0.874996 0.871763 0.864788 0.897181 0.883166
0.448194 0.448194 0.448194 0.448194 0.448194 0.448194 0.448194 0.891081 0.842228 0.895958 0.864776 0.898312 0.860685 0.856860 0.881085 0.889897 0.860692 0.844601 0.883828 0.860692 0.860692 0.889913 0.857346 0.833621 0.883828 0.860260 0.839110 0.862985 0.857346 0.861784 0.839034 0.847593 0.833371 0.876231 0.884264 0.884264 0.819366 0.859515 0.898453 0.843696 0.888181 0.884813 0.898874 0.448194 0.841641 0.834060 0.860981 0.448194 0.448194 0.863910 0.448194 0.882269 0.838102 0.886581 0.888623 0.866849 0.847049 0.833664 0.842770 0.880508 0.841706 0.884264 0.855126
0.448194 0.448194 0.448194 0.448194 0.448194 0.448194 0.833744 0.838044 0.874712 0.883205 0.841931 0.852488 0.844248 0.844248 0.831995 0.825892 0.830744 0.881085 0.840363 0.835765 0.832999 0.889913 0.833621 0.836853 0.834435 0.894807 0.890933 0.860260 0.857346 0.847729 0.860260 0.847593 0.833621 0.860260 0.831579 0.884264 0.861784 0.887493 0.861678 0.834052 0.834052 0.829259 0.885537 0.448194 0.448194 0.833195 0.892336 0.903432 0.448194 0.882578 0.448194 0.839013 0.848117 0.838383 0.856444 0.878690 0.833664 0.868270 0.901594 0.842581 0.854429 0.831579 0.863776
0.448194 0.448194 0.448194 0.448194 0.892608 0.892608 0.902057 0.881073 0.860879 0.841141 0.873154 0.867264 0.865761 0.844248 0.894220 0.880258 0.834060 0.881085 0.882106 0.847395 0.902552 0.857346 0.898312 0.861784 0.843762 0.834435 0.861784 0.861784 0.860941 0.834435 0.836853 0.871763 0.875566 0.894401 0.890933 0.861784 0.893130 0.860260 0.860260 0.903824 0.448194 0.885183 0.448194 0.448194 0.448194 0.448194 0.838693 0.860447 0.901517 0.448194 0.844372 0.878111 0.865585 0.838383 0.832026 0.832026 0.868270 0.815891 0.868995 0.901594 0.901594 0.886549 0.833195
0.448194 0.448194 0.448194 0.448194 0.892226 0.885023 0.838659 0.868499 0.860260 0.884264 0.864107 0.827994 0.815431 0.871859 0.871764 0.881085 0.881085 0.848610 0.861678 0.835973 0.836448 0.860260 0.898453 0.861784 0.865955 0.884264 0.860260 0.857989 0.870219 0.835338 0.833621 0.847488 0.872759 0.847828 0.878866 0.861784 0.856015 0.889897 0.836640 0.903824 0.831724 0.448194 0.448194 0.833800 0.448194 0.885537 0.838693 0.834028 0.833315 0.889897 0.889897 0.861689 0.861689 0.858846 0.858846 0.838932 0.878690 0.881748 0.448194 0.856596 0.493014 0.882004 0.853886
0.448194 0.448194 0.448194 0.863910 0.833315 0.847736 0.898838 0.897340 0.834435 0.834042 0.827378 0.876490 0.856604 0.841842 0.848117 0.888623 0.888623 0.888623 0.904840 0.836448 0.861909 0.883828 0.887493 0.863534 0.867604 0.884264 0.855488 0.860260 0.887493 0.896922 0.815431 0.825892 0.872759 0.862788 0.854526 0.862725 0.857554 0.813915 0.884264 0.831621 0.892312 0.859067 0.448194 0.846532 0.898396 0.898396 0.892858 0.853076 0.902029 0.858288 0.832293 0.858212 0.857623 0.847049 0.857346 0.855990 0.831076 0.835680 0.876490 0.448194 0.888099 0.891977 0.878501
0.448194 0.448194 0.857757 0.448194 0.833315 0.873809 0.860735 0.869460 0.836448 0.836448 0.834435 0.842427 0.865537 0.836448 0.833932 0.847049 0.859887 0.892887 0.833621 0.890497 0.861982 0.854249 0.898453 0.843582 0.843762 0.834435 0.858504 0.889901 0.861784 0.847244 0.900651 0.837619 0.834289 0.846759 0.860247 0.865867 0.854526 0.854526 0.864286 0.860882 0.863534 0.884264 0.831579 0.837762 0.860112 0.895755 0.846146 0.904020 0.846934 0.860112 0.843394 0.832465 0.890746 0.859489 0.889897 0.898453 0.860260 0.835680 0.872483 0.526628 0.448194 0.829259 0.847395
