Example_Watersheds/WA_MashelWatershed/DataInputs/o_3_ChemistryPools/Mashel_1990_Pools/DON_Pool_2.asc
ncols         923
nrows         455
xllcorner     550005.67551598
yllcorner     5180549.8134422
cellsize      30
NODATA_value  -9999
[rows 196 to 223 of 455, columns 315 to 377 of 923]
0.210655 0.106836 0.203632 0.106836 0.106836 0.106836 0.106836 0.106836 0.106836 0.214760 0.210988 0.219327 0.219251 0.219734 0.211857 0.218205 0.203431 0.213958 0.213958 0.208582 0.201420 0.201420 0.207054 0.210048 0.208211 0.219598 0.211432 0.211574 0.211574 0.201357 0.208945 0.106836 0.203447 0.212434 0.106836 0.219074 0.208005 0.205301 0.213747 0.213816 0.212619 0.142893 0.106836 0.158918 0.106836 0.106836 0.106836 0.106836 0.106836 0.205871 0.208688 0.209020 0.201221 0.215221 0.204881 0.202755 0.212054 0.210354 0.212054 0.212747 0.216389 0.212911 0.210967
0.211731 0.106836 0.209486 0.106836 0.106836 0.106836 0.106836 0.210615 0.208603 0.219724 0.219724 0.208317 0.212588 0.202453 0.199786 0.212817 0.208192 0.213348 0.203259 0.204595 0.201420 0.201420 0.207736 0.203406 0.201058 0.207289 0.202530 0.207974 0.207183 0.200095 0.106836 0.106836 0.106836 0.213829 0.205605 0.211035 0.207671 0.207671 0.213322 0.193127 0.208954 0.208490 0.211167 0.106836 0.106836 0.106836 0.106836 0.106836 0.106836 0.106836 0.208688 0.211646 0.207733 0.209027 0.206825 0.212080 0.204375 0.210354 0.210354 0.212747 0.215393 0.215393 0.212250
0.106836 0.209027 0.209027 0.106836 0.214080 0.106836 0.208352 0.202867 0.214080 0.203512 0.210609 0.218766 0.216733 0.213726 0.202281 0.200162 0.211882 0.207344 0.212619 0.213567 0.219598 0.201420 0.203279 0.207426 0.219686 0.208325 0.201058 0.213240 0.203477 0.208147 0.208147 0.200095 0.106836 0.206499 0.219607 0.217421 0.208575 0.202904 0.214831 0.214185 0.209853 0.213779 0.203607 0.106836 0.106836 0.106836 0.106836 0.106836 0.106836 0.213344 0.209020 0.209027 0.209027 0.200046 0.212359 0.219942 0.204534 0.204534 0.220986 0.212250 0.208466 0.211532 0.211532
0.106836 0.208305 0.125532 0.211731 0.106836 0.106836 0.106836 0.106836 0.106836 0.218368 0.216592 0.213254 0.198948 0.215266 0.210910 0.200162 0.203013 0.219223 0.207655 0.200238 0.203095 0.208755 0.208755 0.213277 0.213521 0.200819 0.210731 0.208862 0.203624 0.219019 0.219665 0.212891 0.202566 0.209805 0.219665 0.212625 0.206769 0.211532 0.218368 0.207560 0.106836 0.213829 0.106836 0.106836 0.106836 0.106836 0.213470 0.106836 0.206152 0.206152 0.210896 0.106836 0.211646 0.204043 0.212293 0.212507 0.208740 0.200434 0.208483 0.202755 0.206322 0.210967 0.210967
0.113513 0.208305 0.106836 0.202466 0.106836 0.106836 0.106836 0.210341 0.106836 0.210973 0.201738 0.201331 0.209092 0.219544 0.219544 0.206335 0.211610 0.204995 0.202229 0.200079 0.203607 0.208211 0.208329 0.208940 0.211708 0.211619 0.203427 0.201380 0.201402 0.203624 0.203150 0.199621 0.219607 0.210183 0.218881 0.219324 0.212056 0.210972 0.218368 0.214245 0.200722 0.106836 0.106836 0.106836 0.106836 0.150905 0.106836 0.207393 0.106836 0.210311 0.209108 0.106836 0.106836 0.208352 0.212293 0.202755 0.202755 0.208466 0.208483 0.202755 0.206322 0.210967 0.209347
0.106836 0.106836 0.210864 0.106836 0.106836 0.106836 0.106836 0.106836 0.202466 0.136215 0.106836 0.217421 0.218662 0.215281 0.208973 0.203616 0.212113 0.201095 0.206522 0.201499 0.202239 0.200144 0.203537 0.209890 0.211646 0.210948 0.203638 0.205065 0.208139 0.206933 0.207941 0.204874 0.210957 0.218881 0.218881 0.209805 0.207941 0.207941 0.209205 0.106836 0.106836 0.106836 0.210973 0.165595 0.106836 0.106836 0.203119 0.207393 0.106836 0.106836 0.208052 0.106836 0.106836 0.106836 0.208996 0.202755 0.202755 0.202755 0.220147 0.210794 0.214064 0.214064 0.214408
0.106836 0.106836 0.106836 0.106836 0.106836 0.106836 0.106836 0.202466 0.106836 0.136215 0.208260 0.210912 0.211388 0.213391 0.208192 0.200465 0.212703 0.219046 0.200854 0.201499 0.212714 0.212404 0.200743 0.206456 0.203574 0.207741 0.207741 0.201029 0.207426 0.202457 0.213912 0.218759 0.205852 0.209541 0.205852 0.209805 0.216047 0.212098 0.204543 0.172272 0.106836 0.106836 0.106836 0.106836 0.208133 0.106836 0.106836 0.106836 0.106836 0.106836 0.106836 0.106836 0.130874 0.106836 0.106836 0.210061 0.212057 0.202755 0.211194 0.202755 0.208483 0.202755 0.212054
0.106836 0.106836 0.106836 0.106836 0.106836 0.106836 0.106836 0.106836 0.202466 0.106836 0.213816 0.210843 0.211388 0.213348 0.206984 0.203521 0.211350 0.211138 0.211138 0.211136 0.201030 0.212619 0.207637 0.206019 0.208573 0.205014 0.205365 0.209805 0.217049 0.217049 0.214028 0.205852 0.209805 0.205910 0.205910 0.206949 0.199166 0.207625 0.218205 0.201699 0.203537 0.204859 0.106836 0.106836 0.207943 0.213822 0.213822 0.150905 0.106836 0.106836 0.106836 0.125532 0.106836 0.210301 0.106836 0.217421 0.202755 0.210558 0.211194 0.212459 0.208483 0.198526 0.206760
0.106836 0.106836 0.106836 0.106836 0.106836 0.210694 0.106836 0.106836 0.106836 0.106836 0.106836 0.106836 0.210133 0.216202 0.211350 0.211403 0.203431 0.210987 0.211092 0.205934 0.208360 0.211470 0.203202 0.209339 0.216436 0.200238 0.201420 0.212908 0.203259 0.208010 0.205852 0.205852 0.209805 0.210486 0.205910 0.214673 0.211199 0.212625 0.212625 0.209805 0.208389 0.205910 0.202588 0.106836 0.106836 0.106836 0.106836 0.106836 0.106836 0.106836 0.106836 0.125532 0.106836 0.200836 0.219327 0.205837 0.221850 0.210247 0.214881 0.201126 0.206985 0.206550 0.209089
0.106836 0.106836 0.106836 0.106836 0.106836 0.106836 0.106836 0.106836 0.106836 0.106836 0.106836 0.212903 0.202529 0.200268 0.199892 0.210590 0.207926 0.210987 0.210436 0.199515 0.219352 0.210910 0.208582 0.209339 0.205462 0.199684 0.219087 0.209027 0.217049 0.205852 0.205852 0.203638 0.217928 0.205910 0.219598 0.214840 0.218004 0.212170 0.210909 0.214395 0.212625 0.205852 0.209805 0.200095 0.209938 0.201451 0.201289 0.106836 0.106836 0.106836 0.106836 0.125532 0.106836 0.210767 0.210911 0.218372 0.210542 0.211802 0.211802 0.205233 0.199364 0.206760 0.200922
0.106836 0.106836 0.106836 0.106836 0.106836 0.106836 0.106836 0.106836 0.106836 0.106836 0.211104 0.213554 0.208573 0.217999 0.208192 0.106836 0.207926 0.209974 0.208101 0.200095 0.217049 0.207112 0.211350 0.211350 0.213747 0.202500 0.209826 0.211904 0.209826 0.208364 0.210183 0.213783 0.200411 0.219925 0.201402 0.219729 0.219381 0.214643 0.219576 0.211270 0.210973 0.217928 0.209805 0.207941 0.201698 0.211727 0.211156 0.202575 0.200636 0.106836 0.106836 0.106836 0.106836 0.106836 0.202391 0.211528 0.210998 0.213783 0.221133 0.211027 0.205910 0.208040 0.200922
0.206275 0.211731 0.106836 0.208420 0.106836 0.208371 0.210183 0.106836 0.106836 0.212842 0.124196 0.216178 0.211374 0.209020 0.201221 0.201221 0.200932 0.210987 0.106836 0.177614 0.206108 0.217049 0.205185 0.200917 0.202909 0.202475 0.202294 0.204595 0.200636 0.210183 0.210183 0.202403 0.203638 0.213521 0.203361 0.205510 0.212404 0.204778 0.203431 0.217928 0.219087 0.212124 0.205644 0.205644 0.208211 0.203470 0.212006 0.211425 0.106836 0.201095 0.208371 0.106836 0.213958 0.206064 0.204062 0.211528 0.211446 0.212057 0.198526 0.209089 0.212522 0.213439 0.200922
0.184291 0.106836 0.106836 0.207092 0.213829 0.106836 0.208487 0.208487 0.204487 0.218238 0.201483 0.213644 0.204487 0.204933 0.221131 0.217020 0.207696 0.210604 0.209346 0.207563 0.202239 0.203280 0.212336 0.202663 0.203431 0.208049 0.218349 0.204595 0.203609 0.200917 0.211529 0.210909 0.210589 0.203460 0.203361 0.210863 0.204323 0.218128 0.214395 0.202453 0.208954 0.201122 0.206695 0.218336 0.219590 0.218308 0.211577 0.210471 0.200824 0.199966 0.203592 0.212099 0.198942 0.202755 0.198189 0.204534 0.210011 0.213182 0.218308 0.218168 0.215603 0.200922 0.200922
0.212714 0.210357 0.206984 0.211403 0.199978 0.203431 0.202187 0.211703 0.207542 0.205974 0.152241 0.210573 0.213816 0.204933 0.214090 0.211796 0.207423 0.113513 0.208235 0.208888 0.202239 0.219980 0.205365 0.210238 0.217124 0.211610 0.211633 0.211633 0.217661 0.213747 0.219514 0.202403 0.201221 0.217569 0.208165 0.106836 0.209974 0.218368 0.218517 0.256431 0.216437 0.205201 0.197033 0.211081 0.210133 0.202755 0.202755 0.218250 0.211432 0.215281 0.202755 0.207827 0.208928 0.209092 0.211780 0.211780 0.256431 0.196167 0.210558 0.210794 0.210794 0.204882 0.199054
0.208329 0.211646 0.211646 0.106836 0.200238 0.109506 0.202187 0.106836 0.106836 0.211113 0.136215 0.106836 0.200465 0.211374 0.217712 0.211244 0.210530 0.210128 0.213518 0.213518 0.213827 0.106836 0.210707 0.203174 0.206518 0.206733 0.203212 0.214346 0.202393 0.218633 0.211446 0.205485 0.106836 0.106836 0.106836 0.106836 0.209329 0.217578 0.256431 0.215114 0.196167 0.256431 0.204130 0.207911 0.212924 0.202755 0.203212 0.203212 0.202755 0.205901 0.208483 0.208483 0.203413 0.256431 0.209092 0.210794 0.196167 0.208483 0.211218 0.210794 0.214064 0.211033 0.209089
0.211799 0.106836 0.106836 0.219319 0.210082 0.106836 0.106836 0.212687 0.106836 0.106836 0.196991 0.106836 0.106836 0.206749 0.204436 0.208023 0.209020 0.170937 0.168266 0.220937 0.214797 0.112177 0.211329 0.207304 0.207880 0.211783 0.213361 0.211610 0.208621 0.213348 0.213348 0.205485 0.203652 0.158918 0.106836 0.218308 0.210794 0.210810 0.256431 0.206174 0.208502 0.211301 0.212120 0.210391 0.217698 0.210133 0.212459 0.199041 0.210133 0.211500 0.210794 0.201126 0.203429 0.256431 0.205126 0.201126 0.207254 0.202755 0.211528 0.210558 0.213029 0.208040 0.194971
0.199687 0.106836 0.213771 0.206335 0.206335 0.210573 0.106836 0.106836 0.213541 0.106836 0.207710 0.201921 0.106836 0.203650 0.204487 0.210258 0.211646 0.170937 0.211407 0.210821 0.214797 0.210871 0.211074 0.208005 0.207880 0.208192 0.201040 0.218004 0.207449 0.201111 0.200238 0.200238 0.203112 0.150905 0.157583 0.216047 0.203385 0.211998 0.206588 0.216869 0.199146 0.212951 0.209378 0.210591 0.208168 0.209092 0.196167 0.204413 0.202755 0.210354 0.209092 0.212442 0.208619 0.203477 0.256431 0.199146 0.213499 0.202755 0.210572 0.210572 0.220641 0.214542 0.214119
0.106836 0.206397 0.106836 0.218368 0.208420 0.213816 0.106836 0.204747 0.157583 0.134880 0.207710 0.208582 0.212963 0.106836 0.211812 0.206802 0.211646 0.209339 0.202620 0.206613 0.213470 0.203502 0.210339 0.207814 0.207814 0.211018 0.201637 0.207594 0.207542 0.216305 0.218271 0.213741 0.202626 0.136215 0.202883 0.212376 0.199371 0.201040 0.209020 0.208165 0.210133 0.205732 0.210591 0.209092 0.209092 0.211500 0.210794 0.220127 0.210021 0.211501 0.212747 0.212747 0.215615 0.212663 0.205934 0.208555 0.210133 0.210133 0.202755 0.214600 0.211378 0.205443 0.221377
0.106836 0.106836 0.211799 0.203342 0.106836 0.106836 0.203665 0.213827 0.201968 0.202526 0.201221 0.204747 0.211090 0.202280 0.203082 0.217141 0.217141 0.201355 0.200176 0.211092 0.202930 0.216188 0.200997 0.211799 0.201101 0.210239 0.211350 0.205910 0.209493 0.203286 0.207361 0.205216 0.211018 0.184291 0.208450 0.212376 0.207607 0.204727 0.209738 0.211153 0.204041 0.210133 0.210591 0.220492 0.220492 0.208483 0.208483 0.220127 0.213067 0.213690 0.210196 0.208483 0.212541 0.207725 0.218308 0.198953 0.218308 0.212071 0.203413 0.216310 0.210121 0.211532 0.203714
0.211234 0.106836 0.106836 0.144228 0.210767 0.206499 0.208126 0.201420 0.201420 0.207916 0.210791 0.217074 0.217862 0.217862 0.208888 0.212625 0.211940 0.217550 0.209027 0.212283 0.211500 0.216188 0.208755 0.207377 0.210810 0.207913 0.205653 0.216305 0.209493 0.202971 0.206027 0.211171 0.202460 0.218795 0.209657 0.205241 0.211153 0.215917 0.211601 0.209738 0.218707 0.212039 0.199146 0.208483 0.210133 0.199146 0.208555 0.206932 0.210558 0.210967 0.206515 0.200870 0.206933 0.211301 0.199146 0.211111 0.206553 0.202755 0.210652 0.211494 0.212054 0.202755 0.203445
0.217578 0.211720 0.208265 0.106836 0.201516 0.203112 0.207138 0.215480 0.208211 0.206793 0.201420 0.208027 0.208027 0.201074 0.208888 0.212167 0.210425 0.210133 0.207733 0.201221 0.213958 0.213820 0.202507 0.210557 0.219439 0.201221 0.206522 0.201700 0.201700 0.205179 0.211646 0.199031 0.203836 0.206459 0.215221 0.215917 0.215917 0.215917 0.211117 0.202561 0.215917 0.210133 0.212553 0.202755 0.210843 0.203264 0.218618 0.209092 0.202755 0.217550 0.202755 0.210843 0.204651 0.202755 0.199146 0.210133 0.210133 0.202755 0.219670 0.212057 0.203714 0.210133 0.210843
0.213641 0.202137 0.209027 0.219919 0.211708 0.212714 0.202941 0.202484 0.208139 0.215480 0.217928 0.202326 0.203150 0.207936 0.199835 0.218205 0.207625 0.209938 0.204874 0.201945 0.201945 0.202555 0.208192 0.206027 0.106836 0.211790 0.202484 0.202294 0.209738 0.211606 0.211446 0.213836 0.213783 0.208079 0.203597 0.202583 0.202583 0.215917 0.215917 0.202561 0.202755 0.202755 0.208466 0.202755 0.211266 0.206496 0.218618 0.210061 0.210061 0.214600 0.207720 0.217862 0.210133 0.218308 0.206695 0.219476 0.208555 0.210133 0.211301 0.202755 0.211301 0.208103 0.217944
0.207799 0.206755 0.199761 0.210336 0.208192 0.201151 0.210678 0.208139 0.208512 0.202520 0.218336 0.211419 0.214245 0.214245 0.209670 0.218205 0.199835 0.219686 0.208632 0.210133 0.210621 0.216693 0.206152 0.212578 0.106836 0.211790 0.207426 0.199573 0.211719 0.215373 0.216629 0.206543 0.213783 0.209020 0.209483 0.219497 0.208192 0.205394 0.205791 0.208555 0.218559 0.212618 0.202755 0.205425 0.212071 0.199509 0.204874 0.213655 0.201331 0.205596 0.203673 0.211391 0.213002 0.207725 0.199126 0.207936 0.209323 0.219361 0.209743 0.209542 0.202755 0.211598 0.210365
0.211215 0.202483 0.209020 0.213391 0.208192 0.212790 0.202035 0.211151 0.207096 0.208463 0.213034 0.206456 0.204871 0.211910 0.208010 0.212167 0.211185 0.217387 0.208632 0.209985 0.202755 0.209522 0.200693 0.217698 0.210341 0.207208 0.212507 0.106836 0.198907 0.207377 0.202557 0.210133 0.210133 0.219115 0.218909 0.219183 0.210621 0.206589 0.202403 0.214074 0.207659 0.203714 0.215698 0.211532 0.199273 0.213783 0.204874 0.203172 0.199995 0.209430 0.207971 0.207038 0.208405 0.214565 0.217536 0.218308 0.202300 0.209024 0.201134 0.198169 0.198169 0.203317 0.211038
0.207038 0.210736 0.209020 0.216898 0.209020 0.200917 0.203562 0.210731 0.202475 0.210183 0.205605 0.208688 0.211574 0.202500 0.201234 0.201151 0.207524 0.199126 0.214900 0.199273 0.211763 0.218308 0.204933 0.202755 0.209282 0.209282 0.216869 0.201420 0.209339 0.202379 0.211687 0.217273 0.202035 0.206371 0.200782 0.210621 0.210133 0.218308 0.202755 0.196884 0.218618 0.202755 0.205126 0.211532 0.218552 0.212082 0.214714 0.214900 0.199371 0.199273 0.207971 0.198975 0.198975 0.199443 0.214195 0.214195 0.202755 0.202755 0.201388 0.203260 0.202439 0.208057 0.211161
0.208052 0.206239 0.213391 0.207216 0.209027 0.209027 0.218371 0.207054 0.217435 0.207532 0.202475 0.206456 0.203654 0.212167 0.214395 0.205817 0.219381 0.219381 0.210133 0.208325 0.210133 0.214900 0.204771 0.204874 0.205699 0.210621 0.198919 0.201221 0.201221 0.202379 0.217959 0.212924 0.215749 0.208200 0.211058 0.211902 0.210133 0.210473 0.202755 0.202755 0.207348 0.203172 0.202755 0.208343 0.209765 0.212772 0.219197 0.208979 0.208706 0.199273 0.214900 0.199273 0.210425 0.206098 0.202755 0.203539 0.199386 0.203651 0.205772 0.203087 0.202156 0.219319 0.217712
0.200932 0.209027 0.209027 0.212714 0.213523 0.219497 0.208113 0.208233 0.217435 0.201573 0.206475 0.203033 0.207941 0.219686 0.210425 0.205396 0.217784 0.212082 0.217862 0.217862 0.199156 0.199126 0.204771 0.199156 0.211591 0.210133 0.212086 0.206825 0.198837 0.217682 0.214369 0.205795 0.207289 0.211355 0.212960 0.206874 0.210876 0.208165 0.210133 0.199146 0.218960 0.218960 0.210133 0.218308 0.208466 0.206665 0.211532 0.211532 0.220343 0.202755 0.202755 0.210133 0.199273 0.203172 0.199273 0.202755 0.218466 0.207800 0.200895 0.208607 0.213408 0.202755 0.210743
0.205644 0.205644 0.211956 0.213254 0.204378 0.209606 0.209020 0.211350 0.206475 0.200422 0.207872 0.208954 0.206456 0.209323 0.212086 0.207550 0.218004 0.219590 0.212167 0.210133 0.199126 0.202904 0.217862 0.212526 0.216869 0.211141 0.210055 0.199126 0.207038 0.207038 0.211556 0.199126 0.212904 0.201334 0.205116 0.206048 0.210133 0.207733 0.210133 0.219439 0.212599 0.205176 0.198872 0.212027 0.206076 0.205126 0.206822 0.211532 0.202755 0.220557 0.214080 0.212541 0.213811 0.212526 0.199273 0.218308 0.218308 0.209765 0.209765 0.219734 0.210485 0.211703 0.213611
