Example_Watersheds/WA_MashelWatershed/DataInputs/o_3_ChemistryPools/Mashel_1990_Pools/DON_Pool_3.asc
ncols         923
nrows         455
xllcorner     550005.67551598
yllcorner     5180549.8134422
cellsize      30
NODATA_value  -9999
[rows 252 to 279 of 455, columns 126 to 188 of 923]
0.025216 0.047028 0.050873 0.025216 0.047653 0.046674 0.025216 0.025216 0.025216 0.025216 0.047578 0.046749 0.051128 0.047643 0.048963 0.048308 0.049335 0.025216 0.048043 0.051227 0.048263 0.048263 0.047540 0.047568 0.050430 0.048073 0.048856 0.050742 0.048119 0.048152 0.047266 0.048841 0.049005 0.049138 0.046550 0.047872 0.047872 0.046330 0.047677 0.050165 0.050684 0.049472 0.049317 0.046375 0.048431 0.046800 0.047428 0.047785 0.047504 0.047504 0.046999 0.050885 0.047049 0.048712 0.050448 0.047193 0.047121 0.049435 0.025216 0.049271 0.025216 0.046891 0.047597
0.041607 0.048721 0.025216 0.025216 0.048722 0.049352 0.025216 0.025216 0.025216 0.032151 0.025216 0.046749 0.048248 0.048248 0.049058 0.051283 0.047179 0.050968 0.029944 0.049961 0.047568 0.047568 0.049304 0.047706 0.049152 0.046739 0.048286 0.048158 0.047513 0.049856 0.047583 0.047752 0.048840 0.050560 0.046256 0.047872 0.047095 0.048148 0.048172 0.048430 0.048294 0.048294 0.049410 0.047601 0.046864 0.048942 0.049800 0.049659 0.048420 0.046910 0.047091 0.049051 0.049539 0.049857 0.050772 0.025216 0.049979 0.025216 0.025216 0.025216 0.025216 0.049186 0.049007
0.042803 0.047258 0.047845 0.047299 0.048722 0.049434 0.050744 0.025216 0.025216 0.025216 0.025216 0.025216 0.025216 0.048855 0.049058 0.047443 0.047450 0.049544 0.048093 0.047752 0.047298 0.050045 0.048990 0.047706 0.047510 0.047254 0.049179 0.049593 0.046330 0.047095 0.047583 0.047583 0.049343 0.047705 0.058400 0.048034 0.050263 0.049806 0.049115 0.046330 0.046256 0.048414 0.048860 0.047601 0.046786 0.050686 0.048827 0.049640 0.047049 0.048422 0.047091 0.050296 0.047755 0.050487 0.047371 0.048533 0.025216 0.025216 0.025216 0.025216 0.025216 0.049331 0.050129
0.048775 0.047175 0.051237 0.049113 0.050042 0.048632 0.049446 0.025216 0.025216 0.025216 0.025216 0.025216 0.048463 0.049722 0.049058 0.049058 0.048616 0.046275 0.047809 0.049499 0.048634 0.048163 0.049035 0.049069 0.050231 0.050231 0.048310 0.050907 0.048337 0.050280 0.047752 0.047150 0.049989 0.049126 0.048038 0.047868 0.050263 0.046587 0.047583 0.048038 0.047842 0.050398 0.049168 0.047367 0.049450 0.049345 0.048873 0.050083 0.047382 0.047382 0.050431 0.049961 0.049857 0.049857 0.049085 0.025216 0.051186 0.025216 0.025216 0.025216 0.047652 0.046468 0.046651
0.048469 0.047250 0.048959 0.049817 0.049572 0.049857 0.049529 0.025216 0.049403 0.025216 0.025216 0.025216 0.048491 0.050129 0.049058 0.049058 0.049058 0.049500 0.049500 0.051006 0.046207 0.048990 0.047956 0.047182 0.049069 0.048640 0.049634 0.047023 0.049216 0.049232 0.049299 0.047802 0.046357 0.051367 0.047394 0.047727 0.050279 0.050133 0.045945 0.048330 0.048949 0.048362 0.046357 0.049826 0.048638 0.048638 0.048372 0.049979 0.047305 0.047349 0.048703 0.048529 0.049993 0.025216 0.025216 0.025216 0.025216 0.025216 0.025216 0.025216 0.049028 0.047194 0.049661
0.049438 0.047250 0.048451 0.049792 0.047097 0.025216 0.047169 0.025216 0.049403 0.025216 0.025216 0.047138 0.049410 0.047519 0.046733 0.049058 0.048038 0.047809 0.047106 0.049051 0.051453 0.048482 0.046277 0.047857 0.049535 0.049572 0.048014 0.045902 0.049491 0.046330 0.048797 0.049847 0.048670 0.048949 0.049352 0.051453 0.048562 0.049601 0.048914 0.047958 0.049970 0.049072 0.049591 0.047182 0.046954 0.049450 0.046958 0.049979 0.049464 0.050722 0.048753 0.048719 0.051312 0.048958 0.025216 0.025216 0.025216 0.025216 0.049872 0.050839 0.049464 0.047194 0.047836
0.047586 0.050684 0.050709 0.045895 0.047511 0.025216 0.025216 0.025216 0.025216 0.049853 0.025216 0.049276 0.047510 0.049658 0.046733 0.045052 0.047809 0.047816 0.058400 0.048290 0.048607 0.047233 0.051453 0.049025 0.049874 0.047264 0.050907 0.047705 0.049375 0.047802 0.049187 0.047241 0.049576 0.048908 0.049222 0.049223 0.049322 0.047706 0.051430 0.047836 0.049970 0.049548 0.045131 0.045633 0.049614 0.049207 0.048634 0.047232 0.046999 0.046996 0.048168 0.047749 0.050296 0.025216 0.031205 0.040346 0.025216 0.025216 0.050071 0.048368 0.050956 0.048926 0.046194
0.046761 0.046976 0.049733 0.050349 0.045118 0.025216 0.050062 0.046235 0.049662 0.048826 0.049487 0.047510 0.049604 0.048047 0.047298 0.048038 0.047809 0.049472 0.047727 0.048290 0.049572 0.047264 0.047264 0.049263 0.049435 0.049335 0.047184 0.044760 0.049115 0.049100 0.048047 0.049068 0.049032 0.047510 0.048651 0.049491 0.049058 0.049500 0.051277 0.047705 0.051367 0.047752 0.051485 0.047736 0.049312 0.049989 0.046733 0.050856 0.046954 0.046954 0.051227 0.048632 0.047265 0.047730 0.025216 0.048290 0.047254 0.051100 0.048732 0.048971 0.048354 0.049269 0.047114
0.048530 0.049836 0.049849 0.025216 0.025216 0.025216 0.049467 0.025216 0.047614 0.049066 0.047601 0.049428 0.049604 0.058400 0.058400 0.050744 0.047809 0.047828 0.047816 0.050926 0.047836 0.047741 0.050951 0.048641 0.047003 0.050638 0.046468 0.046357 0.047792 0.049025 0.046261 0.049450 0.049885 0.048175 0.050069 0.047193 0.047193 0.046213 0.050588 0.048339 0.049232 0.049058 0.049058 0.047792 0.047012 0.048684 0.048288 0.048551 0.048660 0.046773 0.049412 0.048632 0.046979 0.047068 0.048954 0.047861 0.048354 0.051098 0.048732 0.048611 0.049360 0.049646 0.048943
0.046772 0.049351 0.047929 0.047043 0.047180 0.025216 0.047642 0.049322 0.050744 0.047510 0.049105 0.047568 0.047510 0.048055 0.051114 0.048238 0.047752 0.058400 0.043824 0.046550 0.047956 0.058400 0.049130 0.049143 0.051345 0.047266 0.047842 0.048362 0.051430 0.047809 0.046383 0.048785 0.049285 0.048879 0.048949 0.048398 0.047486 0.048175 0.047767 0.047095 0.049058 0.049032 0.049058 0.045721 0.047012 0.048107 0.047869 0.050485 0.047169 0.046975 0.049271 0.050940 0.025216 0.046103 0.046932 0.040346 0.050973 0.050784 0.051100 0.058400 0.047169 0.046947 0.049067
0.049351 0.048651 0.050684 0.050772 0.047193 0.048879 0.048202 0.049428 0.046916 0.047298 0.047298 0.046923 0.049300 0.046733 0.048121 0.049663 0.048637 0.058400 0.049988 0.049058 0.047752 0.046313 0.047559 0.049143 0.048910 0.046456 0.046456 0.048047 0.047646 0.047648 0.047298 0.049414 0.048576 0.047330 0.048047 0.047774 0.047193 0.047526 0.047705 0.047095 0.046587 0.049513 0.047706 0.047504 0.048691 0.048511 0.047652 0.049936 0.049153 0.048620 0.047087 0.051069 0.025216 0.025216 0.025216 0.025216 0.048760 0.048636 0.046778 0.058400 0.046733 0.048063 0.051087
0.047935 0.048651 0.050684 0.049058 0.049058 0.046250 0.049058 0.048366 0.047752 0.047298 0.047809 0.048766 0.047095 0.049949 0.048691 0.049232 0.048637 0.048637 0.047951 0.047951 0.049058 0.058400 0.048608 0.058400 0.050155 0.048494 0.047193 0.047706 0.047232 0.050973 0.050614 0.048116 0.048608 0.047201 0.051185 0.049107 0.049460 0.048973 0.047375 0.048717 0.044699 0.047165 0.048860 0.058400 0.046846 0.050767 0.050767 0.046623 0.046204 0.048691 0.049959 0.049813 0.049634 0.025216 0.025216 0.025216 0.025216 0.047293 0.051064 0.046778 0.050956 0.047254 0.051087
0.050882 0.048651 0.048099 0.048403 0.047184 0.049705 0.049701 0.047956 0.046267 0.047298 0.049352 0.049352 0.051453 0.048850 0.049696 0.049428 0.050684 0.048971 0.050263 0.050560 0.047201 0.047195 0.049392 0.048330 0.050129 0.049137 0.050805 0.049594 0.049251 0.047850 0.049651 0.049235 0.048845 0.049540 0.049734 0.049433 0.049388 0.049012 0.050149 0.049448 0.047761 0.048366 0.047195 0.049058 0.049986 0.047690 0.046163 0.047375 0.046204 0.048831 0.047650 0.046103 0.049634 0.025216 0.025216 0.025216 0.045553 0.049575 0.049604 0.049370 0.048562 0.048677 0.046342
0.050684 0.049351 0.050684 0.047108 0.049375 0.051238 0.048616 0.049666 0.046996 0.046250 0.049110 0.049104 0.051485 0.049047 0.048093 0.050907 0.051050 0.049025 0.049058 0.048540 0.049300 0.047184 0.048584 0.048489 0.048489 0.049405 0.050394 0.049594 0.047050 0.050296 0.049841 0.048845 0.048586 0.049734 0.050390 0.047526 0.049523 0.048063 0.048646 0.048055 0.049576 0.047432 0.051356 0.049058 0.047201 0.046261 0.049715 0.048637 0.047583 0.025216 0.025216 0.025216 0.025216 0.025216 0.025216 0.025216 0.025216 0.049923 0.049923 0.048303 0.046883 0.025216 0.050980
0.046514 0.047759 0.049351 0.049390 0.049331 0.046842 0.048616 0.049262 0.049333 0.050988 0.050165 0.047802 0.047802 0.049047 0.058400 0.047927 0.046311 0.048785 0.046039 0.047677 0.049300 0.049058 0.048936 0.048936 0.049058 0.047461 0.048838 0.049157 0.049495 0.050871 0.049646 0.049226 0.047079 0.047932 0.048892 0.050408 0.047893 0.050437 0.047623 0.049351 0.048070 0.048879 0.050073 0.048082 0.048839 0.049096 0.049518 0.049232 0.047809 0.025216 0.025216 0.025216 0.025216 0.025216 0.025216 0.025216 0.025216 0.047107 0.049561 0.048303 0.025216 0.025216 0.048577
0.049351 0.048430 0.047703 0.049290 0.047209 0.048788 0.049502 0.048362 0.046348 0.047802 0.047802 0.048860 0.046302 0.047816 0.048404 0.048404 0.050461 0.048608 0.049778 0.049352 0.046350 0.049148 0.047730 0.049434 0.049509 0.048651 0.047999 0.049467 0.046773 0.048707 0.047223 0.025216 0.046975 0.048673 0.048532 0.025216 0.046791 0.048175 0.047647 0.047217 0.048070 0.048175 0.048879 0.048879 0.049257 0.049058 0.050917 0.050684 0.046267 0.047068 0.025216 0.049634 0.025216 0.025216 0.025216 0.025216 0.025216 0.050772 0.047461 0.048199 0.028053 0.025216 0.025216
0.049351 0.049053 0.047393 0.047464 0.049364 0.049546 0.049052 0.051485 0.050262 0.051485 0.048482 0.050461 0.049798 0.049604 0.047927 0.049842 0.048784 0.049299 0.047995 0.048855 0.047603 0.049138 0.048961 0.049058 0.048606 0.049420 0.049475 0.047147 0.047490 0.046741 0.030259 0.025216 0.025216 0.048710 0.025216 0.048959 0.049163 0.049155 0.048149 0.049855 0.048914 0.048102 0.049136 0.050149 0.047193 0.049299 0.046261 0.047828 0.049460 0.025216 0.025216 0.025216 0.025216 0.025216 0.025216 0.025216 0.025216 0.031205 0.048707 0.049530 0.025216 0.025216 0.025216
0.046864 0.046191 0.050739 0.048879 0.049107 0.048509 0.047986 0.048762 0.049410 0.058400 0.048482 0.044912 0.049180 0.047809 0.049263 0.050969 0.051222 0.049299 0.048752 0.046386 0.049415 0.050296 0.046210 0.047213 0.048606 0.049039 0.048486 0.048486 0.046176 0.047891 0.050034 0.048775 0.049464 0.049508 0.025216 0.050094 0.046932 0.049464 0.048845 0.047193 0.049058 0.048949 0.048840 0.050560 0.049220 0.047190 0.051430 0.047752 0.049245 0.025216 0.025216 0.025216 0.025216 0.025216 0.025216 0.025216 0.025216 0.025216 0.047631 0.047476 0.047206 0.049614 0.025216
0.046056 0.047204 0.047956 0.048879 0.048998 0.045339 0.049877 0.049025 0.048966 0.047828 0.045585 0.047827 0.045661 0.050418 0.048958 0.049117 0.048632 0.049136 0.050296 0.050296 0.048172 0.049770 0.047948 0.048845 0.048874 0.047020 0.050296 0.049052 0.049069 0.048175 0.048726 0.049949 0.048415 0.050127 0.048705 0.047970 0.046991 0.050044 0.049435 0.049435 0.047403 0.049974 0.048949 0.048739 0.048793 0.048998 0.049324 0.049324 0.047084 0.049295 0.025216 0.025216 0.025216 0.025216 0.025216 0.025216 0.025216 0.049212 0.048168 0.025216 0.048332 0.025216 0.046993
0.048651 0.048382 0.048382 0.048055 0.049604 0.046213 0.047420 0.049457 0.047963 0.049299 0.049058 0.051380 0.051380 0.047393 0.048169 0.047400 0.046182 0.047180 0.049058 0.048905 0.047658 0.049457 0.048429 0.047730 0.048509 0.049507 0.049350 0.046247 0.048479 0.048934 0.049292 0.049713 0.047861 0.049137 0.050296 0.047970 0.050418 0.048902 0.048548 0.049093 0.048882 0.048602 0.048930 0.049012 0.049264 0.049059 0.050690 0.050440 0.049158 0.032151 0.025216 0.025216 0.025216 0.025216 0.025216 0.025216 0.025216 0.051222 0.048742 0.049264 0.025216 0.048897 0.049398
0.050296 0.049333 0.049549 0.049550 0.047736 0.049930 0.049032 0.048844 0.049058 0.046504 0.051551 0.049219 0.049572 0.051098 0.048169 0.049331 0.048565 0.049696 0.050784 0.048330 0.050058 0.049457 0.050596 0.048732 0.048388 0.049520 0.047201 0.050296 0.048479 0.048242 0.046699 0.050103 0.047636 0.051127 0.048790 0.049247 0.048597 0.048845 0.047970 0.047348 0.049132 0.048485 0.046605 0.047994 0.048350 0.050247 0.050613 0.046353 0.034042 0.025216 0.025216 0.025216 0.025216 0.025216 0.025216 0.025216 0.025216 0.027738 0.048897 0.048897 0.025216 0.040661 0.049234
0.048651 0.046996 0.049865 0.051105 0.047505 0.048856 0.049760 0.048844 0.049026 0.049604 0.048811 0.049657 0.048433 0.045981 0.048422 0.048018 0.047803 0.046946 0.049738 0.049111 0.048732 0.046247 0.046946 0.048989 0.048989 0.051171 0.049981 0.048430 0.050622 0.047186 0.049849 0.049271 0.050056 0.047186 0.050296 0.048597 0.049051 0.047256 0.050296 0.048354 0.050002 0.047601 0.046422 0.047213 0.049033 0.049729 0.049200 0.048706 0.025216 0.025216 0.025216 0.025216 0.025216 0.025216 0.046928 0.025216 0.025216 0.025216 0.049517 0.049660 0.025216 0.048928 0.025216
0.048651 0.047627 0.051370 0.047706 0.047119 0.046039 0.045638 0.046946 0.050799 0.049951 0.047260 0.049069 0.048420 0.050069 0.050101 0.049817 0.049817 0.049522 0.048149 0.049457 0.048827 0.049689 0.048844 0.048489 0.051255 0.051115 0.048520 0.047733 0.048012 0.051145 0.046819 0.050098 0.050056 0.047733 0.047647 0.049148 0.049450 0.048902 0.050076 0.048354 0.049348 0.047166 0.050101 0.049155 0.049155 0.048740 0.050140 0.049375 0.048561 0.025216 0.025216 0.025216 0.047979 0.048448 0.025216 0.025216 0.025216 0.025216 0.025216 0.025216 0.048928 0.048928 0.046103
0.047503 0.049185 0.049081 0.047690 0.048668 0.049237 0.048390 0.048905 0.048378 0.047298 0.048732 0.048732 0.046862 0.048798 0.049520 0.048732 0.047046 0.048423 0.048149 0.049145 0.049457 0.050296 0.049861 0.048049 0.048892 0.051115 0.050227 0.048798 0.048430 0.050827 0.049992 0.049299 0.049638 0.047091 0.049877 0.048063 0.049179 0.047028 0.047144 0.049247 0.047133 0.050987 0.048087 0.046862 0.047447 0.049522 0.049452 0.029629 0.025216 0.025216 0.025216 0.025216 0.025216 0.049477 0.025216 0.025216 0.025216 0.049654 0.025216 0.025216 0.048928 0.037824 0.025216
0.048529 0.047426 0.048553 0.045497 0.048803 0.047994 0.048839 0.048482 0.049115 0.049648 0.048346 0.048732 0.051084 0.050944 0.047644 0.047936 0.047540 0.048520 0.049455 0.049332 0.050431 0.048177 0.049247 0.049500 0.047225 0.048732 0.050878 0.048798 0.048798 0.047169 0.047749 0.049992 0.051111 0.048456 0.049632 0.050296 0.050485 0.048231 0.049981 0.048149 0.047820 0.051190 0.051127 0.049504 0.048737 0.048602 0.025216 0.025216 0.025216 0.025216 0.025216 0.025216 0.049634 0.047653 0.025216 0.025216 0.025216 0.025216 0.025216 0.048372 0.048831 0.025216 0.049520
0.048362 0.050967 0.048383 0.048864 0.046126 0.051529 0.046782 0.048152 0.058400 0.047568 0.048732 0.050227 0.048453 0.048732 0.049171 0.047347 0.058400 0.051023 0.048520 0.048616 0.048616 0.048939 0.048491 0.048532 0.050296 0.048616 0.046332 0.047225 0.049639 0.050227 0.050838 0.047621 0.051181 0.049775 0.050995 0.047428 0.050485 0.049554 0.047169 0.048511 0.050430 0.048845 0.047169 0.049504 0.050020 0.047141 0.047604 0.046958 0.046958 0.025216 0.025216 0.049634 0.025216 0.025216 0.025216 0.025216 0.025216 0.025216 0.049634 0.048577 0.050210 0.025216 0.034357
0.046916 0.048500 0.048717 0.048234 0.048406 0.048990 0.048990 0.048235 0.045735 0.046958 0.047974 0.046852 0.046210 0.046210 0.050596 0.047079 0.048839 0.048892 0.049012 0.049715 0.050802 0.048391 0.048491 0.048008 0.049981 0.050296 0.048732 0.046182 0.050878 0.050227 0.048308 0.049981 0.049220 0.048453 0.048732 0.046247 0.048892 0.045440 0.047756 0.048902 0.049138 0.046946 0.050563 0.048430 0.051237 0.049981 0.048902 0.050648 0.047828 0.025216 0.025216 0.025216 0.025216 0.025216 0.048684 0.025216 0.025216 0.025216 0.025216 0.025216 0.025216 0.025216 0.025216
0.047426 0.047240 0.047929 0.047933 0.058400 0.046307 0.045497 0.045010 0.046482 0.047345 0.051208 0.048732 0.049076 0.048855 0.048489 0.047079 0.048732 0.049026 0.049360 0.051164 0.047056 0.049457 0.049357 0.049357 0.049357 0.050862 0.050596 0.049069 0.046980 0.051115 0.046807 0.049207 0.049207 0.046247 0.046946 0.048212 0.049026 0.045818 0.046946 0.049026 0.048354 0.048489 0.048732 0.048732 0.049937 0.049213 0.048902 0.048867 0.046194 0.045004 0.047140 0.049816 0.025216 0.025216 0.051115 0.025216 0.025216 0.025216 0.025216 0.025216 0.025216 0.025216 0.025216
