Example_Watersheds/WA_MashelWatershed/DataInputs/o_3_ChemistryPools/Mashel_1990_Pools/DON_Pool_3.asc
ncols         923
nrows         455
xllcorner     550005.67551598
yllcorner     5180549.8134422
cellsize      30
NODATA_value  -9999
[rows 224 to 251 of 455, columns 252 to 314 of 923]
0.025216 0.049301 0.049301 0.028053 0.049186 0.048594 0.049207 0.050296 0.048798 0.049564 0.048616 0.048616 0.051036 0.049534 0.047597 0.048479 0.047318 0.047049 0.048168 0.049564 0.051008 0.048985 0.051185 0.046978 0.048548 0.051147 0.051023 0.050296 0.049051 0.049007 0.048855 0.049115 0.048366 0.050253 0.045883 0.049773 0.047147 0.046275 0.048902 0.050296 0.049279 0.049539 0.049147 0.047115 0.047309 0.047776 0.048616 0.046910 0.049313 0.047110 0.047403 0.048469 0.050296 0.049364 0.048665 0.048798 0.049533 0.049533 0.049630 0.045833 0.050418 0.051022 0.047928
0.025216 0.046954 0.047578 0.050656 0.051055 0.048430 0.046954 0.047649 0.049790 0.049375 0.050430 0.050430 0.048565 0.047049 0.047497 0.049981 0.048942 0.048052 0.049283 0.047556 0.049564 0.049564 0.051185 0.047020 0.047020 0.047303 0.050296 0.050296 0.050418 0.049007 0.048849 0.049800 0.046678 0.048382 0.048411 0.046113 0.047147 0.051068 0.049018 0.049237 0.050296 0.051044 0.050115 0.047309 0.047986 0.049576 0.047589 0.048712 0.047963 0.047963 0.048294 0.048077 0.048469 0.048914 0.048616 0.048712 0.049239 0.049662 0.046915 0.025216 0.050073 0.048242 0.050095
0.048554 0.046983 0.047158 0.049460 0.047204 0.046978 0.048616 0.047519 0.049790 0.048616 0.050296 0.048144 0.047229 0.046903 0.046903 0.049108 0.048554 0.048712 0.047305 0.048012 0.048012 0.048008 0.049992 0.046708 0.047279 0.049111 0.047608 0.049800 0.047193 0.049420 0.049235 0.049157 0.050266 0.049488 0.046315 0.047428 0.047261 0.046332 0.050296 0.050296 0.050296 0.050296 0.046176 0.048930 0.049958 0.047204 0.049412 0.049564 0.049352 0.049669 0.047707 0.048610 0.049239 0.048616 0.048616 0.046761 0.048373 0.025216 0.050211 0.027738 0.025216 0.048242 0.048943
0.050468 0.046983 0.049195 0.050093 0.049223 0.051139 0.051139 0.050115 0.047843 0.048902 0.050296 0.050296 0.050227 0.050430 0.048798 0.048499 0.050838 0.047004 0.048520 0.047592 0.048012 0.047609 0.050003 0.051084 0.046388 0.046332 0.046247 0.051115 0.049375 0.051175 0.050685 0.047650 0.046239 0.048600 0.047617 0.049768 0.046678 0.048980 0.048732 0.047974 0.048678 0.048305 0.048382 0.049876 0.047977 0.049936 0.046950 0.049564 0.049564 0.047167 0.048682 0.050906 0.051217 0.047222 0.048616 0.048616 0.049698 0.046834 0.049118 0.051153 0.025216 0.025216 0.048063
0.025216 0.047288 0.048384 0.050296 0.048820 0.050266 0.046183 0.049010 0.051050 0.047201 0.047179 0.048616 0.048616 0.048616 0.048616 0.050838 0.049487 0.048768 0.047080 0.047547 0.047080 0.047121 0.049425 0.048066 0.049562 0.049800 0.049800 0.049167 0.051171 0.049256 0.048859 0.048940 0.048697 0.048600 0.047789 0.049659 0.047563 0.047561 0.049130 0.047745 0.048678 0.047349 0.050068 0.048826 0.047256 0.047608 0.048919 0.047169 0.049283 0.048019 0.049487 0.051237 0.048768 0.048768 0.048467 0.046708 0.049487 0.050076 0.050296 0.047559 0.047859 0.050504 0.049610
0.046772 0.047220 0.047169 0.047974 0.046819 0.049662 0.047611 0.049936 0.049564 0.048698 0.048616 0.048616 0.048616 0.050227 0.050227 0.050875 0.048520 0.048520 0.048520 0.047609 0.048499 0.048616 0.048768 0.047423 0.048681 0.048732 0.048732 0.049375 0.048453 0.047845 0.048940 0.048443 0.050838 0.049513 0.049279 0.049242 0.046247 0.047561 0.046801 0.047020 0.050076 0.047180 0.048651 0.046922 0.047654 0.047654 0.047637 0.047049 0.049849 0.048804 0.047169 0.049564 0.047101 0.049646 0.047547 0.046708 0.050656 0.048616 0.047285 0.050296 0.048732 0.047635 0.048420
0.049661 0.047206 0.046975 0.046673 0.050078 0.049662 0.048293 0.049271 0.049981 0.050838 0.050838 0.050296 0.048827 0.047020 0.048571 0.048616 0.050227 0.049239 0.047020 0.047609 0.048616 0.048616 0.048616 0.050227 0.048732 0.049239 0.050838 0.048453 0.050515 0.047186 0.047748 0.050227 0.048843 0.046267 0.046247 0.046179 0.049069 0.048066 0.048066 0.046946 0.048008 0.050296 0.048860 0.051222 0.047303 0.048141 0.046786 0.049679 0.047107 0.049690 0.047138 0.049564 0.049457 0.048393 0.047121 0.048724 0.047141 0.048948 0.047285 0.049817 0.051115 0.049285 0.050296
0.049080 0.048402 0.049343 0.048927 0.046169 0.048914 0.049351 0.047956 0.049478 0.048798 0.048616 0.048705 0.048616 0.051171 0.050227 0.047020 0.051171 0.051171 0.050838 0.048942 0.048768 0.050487 0.048445 0.049256 0.048933 0.051158 0.050980 0.051143 0.049360 0.049194 0.049194 0.047184 0.047845 0.051068 0.046247 0.049800 0.048732 0.046242 0.048667 0.049640 0.047201 0.049193 0.047182 0.048225 0.047303 0.049747 0.050706 0.049036 0.051062 0.046749 0.046733 0.049849 0.047165 0.048602 0.048006 0.048007 0.049817 0.048479 0.048479 0.046819 0.046344 0.048616 0.047186
0.046980 0.049591 0.049517 0.048034 0.047451 0.046275 0.047647 0.047954 0.050297 0.050923 0.048616 0.047614 0.048453 0.048763 0.047428 0.048581 0.051171 0.048520 0.047547 0.047609 0.048012 0.048492 0.048492 0.050438 0.047235 0.048230 0.048940 0.047020 0.048165 0.051084 0.051084 0.047845 0.048285 0.048892 0.047748 0.046242 0.048066 0.047853 0.049641 0.049115 0.051084 0.049352 0.049237 0.050772 0.046995 0.048098 0.049187 0.049634 0.048503 0.049307 0.049307 0.047569 0.051237 0.046673 0.047796 0.046950 0.049358 0.049817 0.049817 0.049981 0.049981 0.047068 0.049290
0.046830 0.047497 0.049517 0.049483 0.050093 0.049216 0.046978 0.047049 0.049352 0.050923 0.048616 0.050227 0.048942 0.048939 0.050245 0.050245 0.051171 0.048798 0.048712 0.047547 0.051035 0.048768 0.048768 0.047020 0.048592 0.048453 0.048453 0.047656 0.048565 0.048331 0.049796 0.050227 0.050467 0.049651 0.050484 0.049194 0.047608 0.047238 0.047046 0.049800 0.048520 0.046749 0.046749 0.050296 0.048149 0.047204 0.048411 0.047309 0.047169 0.048625 0.047014 0.047660 0.047319 0.047928 0.048168 0.046950 0.049108 0.049457 0.049497 0.047609 0.048616 0.048712 0.049290
0.048105 0.049343 0.049051 0.046891 0.047223 0.047307 0.047169 0.047169 0.049981 0.049981 0.046947 0.048453 0.050838 0.047049 0.049669 0.047547 0.049038 0.047609 0.047609 0.047547 0.048268 0.049826 0.046954 0.047020 0.047345 0.048576 0.048566 0.048576 0.048576 0.048902 0.046242 0.048520 0.048616 0.047755 0.047755 0.048679 0.049370 0.049279 0.048119 0.048855 0.049181 0.048616 0.048902 0.048420 0.047454 0.045999 0.049563 0.047164 0.047169 0.049331 0.048906 0.047051 0.049450 0.049639 0.050540 0.046708 0.046922 0.047609 0.051147 0.048712 0.050003 0.046761 0.046761
0.047777 0.048566 0.050514 0.050071 0.049197 0.049067 0.048753 0.046957 0.049438 0.048119 0.046954 0.046779 0.048165 0.047646 0.049229 0.047428 0.049495 0.048961 0.048268 0.049495 0.048268 0.047711 0.050709 0.048768 0.048616 0.048576 0.051035 0.051035 0.048492 0.048554 0.049390 0.047020 0.048520 0.049487 0.050838 0.048576 0.048616 0.049256 0.049390 0.048902 0.051084 0.047974 0.048902 0.047577 0.047956 0.049402 0.047223 0.046978 0.048804 0.051147 0.048105 0.051252 0.048616 0.049457 0.049457 0.048577 0.048415 0.048942 0.025216 0.048453 0.047772 0.048616 0.048616
0.047956 0.049885 0.048698 0.047319 0.048890 0.049101 0.048753 0.049453 0.047604 0.046958 0.025216 0.048429 0.047305 0.047646 0.025216 0.047646 0.046996 0.025216 0.048483 0.048483 0.046957 0.025216 0.049438 0.049279 0.047643 0.050827 0.047963 0.048391 0.048576 0.049817 0.048616 0.051068 0.049981 0.048671 0.048218 0.048268 0.048902 0.048902 0.051185 0.050296 0.048827 0.048616 0.048902 0.050296 0.048747 0.049216 0.049216 0.049857 0.046700 0.046975 0.049564 0.050639 0.049271 0.046674 0.047087 0.049981 0.049108 0.049775 0.048616 0.048453 0.048554 0.047857 0.048768
0.048469 0.048616 0.047029 0.025216 0.047051 0.048655 0.049623 0.025216 0.025216 0.025216 0.025216 0.025216 0.025216 0.025216 0.025216 0.025216 0.025216 0.025216 0.025216 0.025216 0.025216 0.025216 0.025216 0.025216 0.025216 0.050629 0.051048 0.049775 0.047963 0.049381 0.048616 0.048485 0.049981 0.048592 0.048616 0.048616 0.048616 0.048902 0.051185 0.049428 0.048532 0.049247 0.048616 0.048616 0.047322 0.049145 0.050296 0.049539 0.050296 0.048616 0.047201 0.049564 0.049271 0.049639 0.049639 0.049564 0.049564 0.049564 0.047905 0.049036 0.050956 0.048939 0.049817
0.046954 0.047163 0.049679 0.025216 0.025216 0.025216 0.025216 0.025216 0.025216 0.049551 0.025216 0.025216 0.025216 0.025216 0.025216 0.025216 0.025216 0.025216 0.025216 0.025216 0.025216 0.025216 0.025216 0.049654 0.025216 0.047441 0.046852 0.048006 0.048616 0.051208 0.050512 0.050512 0.048616 0.047020 0.048616 0.048411 0.048119 0.048616 0.049247 0.050296 0.050245 0.048532 0.050296 0.050071 0.047095 0.050296 0.050296 0.050296 0.050296 0.047201 0.047587 0.047150 0.049564 0.049564 0.049992 0.047556 0.049564 0.047497 0.047497 0.051327 0.047609 0.047609 0.048939
0.047559 0.047146 0.025216 0.025216 0.025216 0.025216 0.025216 0.025216 0.025216 0.025216 0.025216 0.025216 0.025216 0.025216 0.025216 0.025216 0.025216 0.025216 0.025216 0.025216 0.025216 0.025216 0.025216 0.025216 0.025216 0.025216 0.025216 0.051164 0.048459 0.048705 0.049357 0.047970 0.051084 0.047853 0.051143 0.049390 0.048730 0.049849 0.050296 0.050646 0.049219 0.048902 0.050296 0.047182 0.049611 0.049247 0.051185 0.050296 0.048616 0.050926 0.050939 0.050939 0.049283 0.049992 0.049639 0.049564 0.049564 0.049352 0.047609 0.047609 0.049981 0.048942 0.047997
0.049701 0.047315 0.025216 0.025216 0.025216 0.025216 0.025216 0.025216 0.025216 0.025216 0.025216 0.025216 0.025216 0.025216 0.025216 0.025216 0.047288 0.025216 0.025216 0.025216 0.025216 0.025216 0.025216 0.025216 0.048804 0.033096 0.025216 0.051021 0.050015 0.049390 0.049390 0.050923 0.049476 0.049111 0.048119 0.048827 0.049809 0.049390 0.050296 0.046334 0.049385 0.048592 0.050296 0.049204 0.049785 0.047303 0.050296 0.048902 0.050296 0.048616 0.048616 0.050430 0.047256 0.049564 0.047268 0.049564 0.049564 0.048942 0.048942 0.047609 0.046800 0.050630 0.050956
0.048844 0.051211 0.050658 0.049634 0.025216 0.025216 0.025216 0.025216 0.025216 0.025216 0.025216 0.025216 0.025216 0.025216 0.025216 0.025216 0.025216 0.025216 0.025216 0.025216 0.048725 0.025216 0.025216 0.025216 0.025216 0.047264 0.047058 0.047182 0.050015 0.048524 0.048304 0.047246 0.049330 0.049396 0.048230 0.048230 0.048268 0.051100 0.049562 0.047182 0.049853 0.050862 0.046366 0.050296 0.049674 0.048524 0.049100 0.051185 0.050926 0.050296 0.051159 0.048814 0.047497 0.046954 0.049936 0.049981 0.048942 0.048942 0.046749 0.048430 0.050630 0.049981 0.047933
0.025216 0.047647 0.050973 0.049945 0.025216 0.025216 0.025216 0.025216 0.025216 0.025216 0.025216 0.047592 0.025216 0.025216 0.025216 0.037824 0.025216 0.025216 0.025216 0.025216 0.025216 0.025216 0.025216 0.025216 0.049644 0.046691 0.051186 0.051186 0.048364 0.049350 0.049108 0.051147 0.048520 0.048520 0.048520 0.048165 0.049522 0.048482 0.048677 0.025216 0.025216 0.047312 0.050280 0.050296 0.025216 0.047917 0.047268 0.051185 0.050296 0.049247 0.048798 0.047647 0.047587 0.047201 0.049639 0.049639 0.048942 0.048942 0.047418 0.050906 0.048199 0.048199 0.050630
0.025216 0.049130 0.049634 0.025216 0.025216 0.025216 0.025216 0.025216 0.025216 0.025216 0.025216 0.025216 0.025216 0.025216 0.025216 0.025216 0.048928 0.048928 0.025216 0.025216 0.025216 0.025216 0.025216 0.025216 0.025216 0.049438 0.047602 0.048616 0.048705 0.047312 0.048715 0.048219 0.049370 0.046901 0.049038 0.051084 0.050862 0.050578 0.049662 0.025216 0.025216 0.025216 0.050296 0.050296 0.050453 0.048682 0.047268 0.051327 0.049067 0.049738 0.047940 0.048440 0.048616 0.049981 0.048616 0.048942 0.048942 0.048942 0.049639 0.047609 0.048199 0.048638 0.046901
0.025216 0.048074 0.025216 0.025216 0.025216 0.025216 0.025216 0.025216 0.025216 0.025216 0.025216 0.025216 0.025216 0.025216 0.025216 0.025216 0.038139 0.025216 0.025216 0.025216 0.025216 0.025216 0.025216 0.025216 0.046919 0.049564 0.047609 0.048486 0.047147 0.047147 0.048491 0.051049 0.049370 0.047242 0.046957 0.051208 0.047223 0.025216 0.025216 0.025216 0.049674 0.049694 0.025216 0.048616 0.049239 0.047536 0.051185 0.051077 0.048554 0.047256 0.050838 0.047647 0.048775 0.050227 0.048942 0.048942 0.048942 0.048942 0.047004 0.047609 0.048783 0.048638 0.046901
0.025216 0.025216 0.048663 0.025216 0.025216 0.025216 0.025216 0.025216 0.025216 0.025216 0.025216 0.025216 0.025216 0.025216 0.046786 0.048928 0.025216 0.049117 0.025216 0.025216 0.025216 0.025216 0.025216 0.025216 0.049906 0.049564 0.048673 0.049570 0.048677 0.025216 0.049546 0.049623 0.049623 0.025216 0.025216 0.025216 0.048647 0.046995 0.025216 0.025216 0.047182 0.048524 0.048492 0.049679 0.049395 0.051091 0.048572 0.048499 0.051185 0.050127 0.049352 0.049630 0.025216 0.049370 0.048023 0.049379 0.048616 0.048942 0.048638 0.048638 0.048942 0.048783 0.048783
0.025216 0.025216 0.051161 0.025216 0.025216 0.025216 0.025216 0.025216 0.025216 0.025216 0.025216 0.025216 0.025216 0.025216 0.047930 0.025216 0.048928 0.049259 0.025216 0.025216 0.025216 0.025216 0.025216 0.025216 0.025216 0.047186 0.048548 0.047169 0.047586 0.025216 0.025216 0.049239 0.049396 0.025216 0.025216 0.025216 0.025216 0.048678 0.049955 0.049384 0.049562 0.047312 0.049257 0.049813 0.050296 0.049817 0.049290 0.046673 0.048532 0.051327 0.049352 0.047559 0.047559 0.051015 0.048493 0.051212 0.048120 0.048798 0.048942 0.048638 0.048783 0.048638 0.048638
0.025216 0.025216 0.025216 0.025216 0.025216 0.025216 0.025216 0.025216 0.025216 0.025216 0.025216 0.025216 0.025216 0.025216 0.037824 0.032151 0.032151 0.032151 0.025216 0.025216 0.025216 0.025216 0.032151 0.025216 0.025216 0.049124 0.049817 0.048687 0.025216 0.025216 0.035618 0.025216 0.025216 0.025216 0.025216 0.025216 0.025216 0.048532 0.049614 0.047020 0.049410 0.049389 0.049434 0.049813 0.048069 0.050578 0.051171 0.049906 0.048473 0.050418 0.050504 0.049572 0.048616 0.051185 0.049101 0.048568 0.049375 0.048454 0.047660 0.047686 0.050952 0.046373 0.048638
0.025216 0.025216 0.051191 0.049813 0.025216 0.049634 0.025216 0.025216 0.025216 0.025216 0.025216 0.025216 0.025216 0.025216 0.025216 0.049634 0.046923 0.025216 0.025216 0.025216 0.025216 0.025216 0.032151 0.025216 0.046991 0.047080 0.051131 0.048084 0.025216 0.025216 0.025216 0.025216 0.035303 0.025216 0.025531 0.025216 0.025216 0.025216 0.050835 0.047020 0.046351 0.048732 0.046834 0.047633 0.051147 0.048540 0.047012 0.025216 0.049157 0.047227 0.047956 0.047653 0.050430 0.049068 0.025216 0.047189 0.049457 0.049450 0.048616 0.047243 0.049069 0.050157 0.050174
0.025216 0.025216 0.025216 0.047597 0.048379 0.025216 0.025216 0.025216 0.025216 0.025216 0.025216 0.025216 0.025216 0.025216 0.049654 0.046928 0.046928 0.049623 0.025216 0.025216 0.025216 0.025216 0.025216 0.047589 0.049385 0.049640 0.048616 0.049573 0.049573 0.046840 0.029314 0.048684 0.047321 0.025216 0.025216 0.049312 0.025216 0.046903 0.046366 0.047242 0.051100 0.051518 0.048420 0.048165 0.049395 0.048616 0.025216 0.048610 0.046983 0.049237 0.049117 0.047451 0.046982 0.026792 0.025216 0.049185 0.049185 0.049236 0.047633 0.034987 0.050296 0.050854 0.049185
0.025216 0.025216 0.025216 0.025216 0.025216 0.025216 0.025216 0.025216 0.025216 0.025216 0.025216 0.025216 0.025216 0.049634 0.049634 0.049634 0.049732 0.049732 0.025216 0.025216 0.025216 0.025216 0.025216 0.025216 0.025216 0.050950 0.048606 0.046733 0.048401 0.048902 0.050098 0.025216 0.025216 0.025216 0.025216 0.025216 0.034672 0.036248 0.048476 0.049679 0.051100 0.049872 0.049115 0.049623 0.047970 0.049817 0.048518 0.048610 0.048616 0.048633 0.047636 0.048788 0.047635 0.049610 0.047201 0.047654 0.049537 0.047292 0.048577 0.046922 0.046922 0.047518 0.025216
0.025216 0.025216 0.025216 0.025216 0.025216 0.047594 0.025216 0.025216 0.025216 0.025216 0.025216 0.049634 0.047319 0.047319 0.025216 0.049634 0.025216 0.025216 0.025216 0.025216 0.025216 0.025216 0.025216 0.025216 0.048136 0.047065 0.048606 0.051207 0.049239 0.047165 0.049441 0.025216 0.048258 0.025216 0.047020 0.025216 0.046235 0.032151 0.049312 0.049370 0.049370 0.049492 0.048248 0.049400 0.049299 0.051023 0.049778 0.050296 0.048618 0.050099 0.048524 0.050862 0.051147 0.049564 0.048616 0.048902 0.047857 0.047559 0.047974 0.050098 0.049654 0.025216 0.025216
