Example_Watersheds/WA_MashelWatershed/DataInputs/o_3_ChemistryPools/Mashel_1990_Pools/DON_Pool_3.asc
ncols         923
nrows         455
xllcorner     550005.67551598
yllcorner     5180549.8134422
cellsize      30
NODATA_value  -9999
[rows 364 to 391 of 455, columns 378 to 440 of 923]
0.045926 0.047556 0.046330 0.047736 0.047736 0.049022 0.049069 0.047241 0.047934 0.049193 0.047013 0.049893 0.043963 0.049237 0.043963 0.049463 0.047421 0.049180 0.049225 0.049052 0.049577 0.051005 0.047865 0.048411 0.049223 0.050951 0.050571 0.048234 0.048411 0.048821 0.048628 0.051208 0.047252 0.049711 0.047667 0.048821 0.048989 0.047746 0.049980 0.048766 0.047535 0.047535 0.048779 0.049155 0.050496 0.048066 0.049285 0.048134 0.049082 0.048493 0.051015 0.049409 0.048597 0.049243 0.051158 0.051158 0.049104 0.049345 0.048654 0.049007 0.048775 0.049999 0.048329
0.047202 0.047727 0.048814 0.049462 0.051139 0.046946 0.049069 0.046330 0.048269 0.047759 0.049893 0.049689 0.049634 0.047495 0.051009 0.047213 0.049792 0.048511 0.049527 0.047807 0.048267 0.048395 0.048902 0.048902 0.049764 0.048329 0.047794 0.050739 0.049091 0.051158 0.049209 0.046383 0.047890 0.046842 0.047535 0.047794 0.049405 0.047745 0.049495 0.049495 0.047250 0.050767 0.048564 0.046383 0.050793 0.050815 0.050956 0.051158 0.048982 0.047441 0.050956 0.050956 0.051064 0.048774 0.049038 0.049192 0.049544 0.046974 0.048691 0.049007 0.050467 0.050487 0.047489
0.049778 0.050571 0.048491 0.049911 0.050636 0.049326 0.049335 0.051153 0.049566 0.047816 0.047509 0.051354 0.046946 0.051205 0.050622 0.049732 0.049732 0.049324 0.049360 0.049670 0.049153 0.050906 0.046210 0.049951 0.051118 0.049103 0.047794 0.050571 0.046256 0.051158 0.050878 0.046383 0.049387 0.050944 0.046588 0.048047 0.048077 0.051158 0.049495 0.050555 0.046166 0.051037 0.048698 0.048698 0.049034 0.050835 0.048661 0.047684 0.048430 0.047928 0.050956 0.047175 0.049627 0.046317 0.049063 0.048999 0.048632 0.049387 0.049698 0.050585 0.051130 0.051130 0.050878
0.049779 0.049422 0.050571 0.050571 0.050793 0.048494 0.046697 0.047395 0.047395 0.050421 0.050571 0.050571 0.046426 0.048415 0.049287 0.049566 0.050485 0.049324 0.047378 0.050956 0.050438 0.047831 0.048043 0.050266 0.051118 0.049786 0.047991 0.049517 0.048125 0.047730 0.049495 0.050019 0.051208 0.049595 0.050571 0.047934 0.047220 0.050956 0.049495 0.049364 0.049646 0.047441 0.047243 0.047175 0.050504 0.048669 0.048962 0.051064 0.050227 0.048801 0.047757 0.046400 0.046326 0.049147 0.048441 0.048412 0.048235 0.050067 0.050401 0.047887 0.051019 0.046346 0.049427
0.048218 0.046312 0.049548 0.048307 0.049351 0.049921 0.050835 0.050793 0.050875 0.049252 0.050571 0.046690 0.049764 0.047268 0.050793 0.047882 0.049522 0.050438 0.049441 0.048962 0.049091 0.050951 0.050899 0.049222 0.047865 0.046295 0.047249 0.048831 0.047634 0.047634 0.047147 0.049285 0.049787 0.049118 0.048509 0.047777 0.049177 0.050366 0.051130 0.048020 0.050659 0.047853 0.047647 0.046946 0.047175 0.048441 0.048707 0.046808 0.049161 0.049089 0.047928 0.048269 0.048415 0.049455 0.047906 0.047906 0.045251 0.048430 0.049549 0.048753 0.046227 0.048665 0.045962
0.049347 0.047931 0.045820 0.050800 0.051087 0.046334 0.051015 0.050793 0.047890 0.050793 0.050571 0.050571 0.048431 0.051147 0.050793 0.051051 0.043001 0.048263 0.049732 0.048818 0.048818 0.048730 0.047201 0.047394 0.049271 0.047916 0.047761 0.048791 0.046364 0.046355 0.049765 0.049091 0.049277 0.050906 0.046317 0.047777 0.047993 0.048437 0.048251 0.050539 0.048841 0.048014 0.047647 0.048134 0.050445 0.049722 0.047434 0.047434 0.049259 0.049989 0.046652 0.048268 0.046571 0.046313 0.048905 0.051158 0.051158 0.049158 0.049393 0.050522 0.048500 0.046875 0.047121
0.048782 0.048402 0.049804 0.050956 0.051158 0.046275 0.046924 0.050421 0.047890 0.047597 0.050793 0.048393 0.048393 0.050571 0.048393 0.050571 0.050893 0.048863 0.047908 0.049236 0.050415 0.048730 0.047727 0.047535 0.050504 0.047916 0.050736 0.050504 0.046364 0.048493 0.047963 0.048512 0.049069 0.049842 0.044800 0.045845 0.049523 0.045669 0.048255 0.048627 0.048627 0.045939 0.051130 0.050890 0.049491 0.048300 0.050514 0.048318 0.048219 0.049089 0.046932 0.049238 0.048268 0.048667 0.048797 0.048025 0.051158 0.051130 0.046334 0.049349 0.048373 0.046875 0.048049
0.044776 0.047590 0.047746 0.047514 0.047634 0.047634 0.049951 0.048393 0.046385 0.050968 0.050982 0.047890 0.048628 0.048329 0.048393 0.049522 0.050227 0.049517 0.049577 0.049577 0.049577 0.047509 0.049374 0.046239 0.046185 0.051130 0.049326 0.048443 0.051182 0.050266 0.049389 0.050951 0.050793 0.047644 0.048413 0.046357 0.048517 0.048434 0.047457 0.048278 0.050555 0.049044 0.049081 0.046995 0.046995 0.050890 0.046336 0.046261 0.047892 0.048134 0.048517 0.048134 0.048235 0.046733 0.047249 0.048874 0.051130 0.048456 0.051220 0.051220 0.048760 0.050541 0.049807
0.044604 0.048750 0.047124 0.043963 0.049473 0.049499 0.050266 0.050421 0.047249 0.048120 0.048354 0.047349 0.047644 0.048393 0.050793 0.047829 0.050793 0.050571 0.047991 0.049299 0.048205 0.050856 0.049837 0.049522 0.049522 0.044800 0.051354 0.049087 0.049402 0.049483 0.051208 0.050793 0.049419 0.051158 0.047150 0.050445 0.048134 0.048134 0.048038 0.051130 0.050019 0.047199 0.049523 0.047948 0.049089 0.050736 0.046336 0.047812 0.044800 0.045845 0.047573 0.048441 0.048441 0.046874 0.046010 0.047723 0.048854 0.051277 0.046014 0.047076 0.048014 0.049460 0.048011
0.047816 0.049522 0.048499 0.048511 0.043963 0.047148 0.049217 0.050793 0.049764 0.049648 0.048157 0.049222 0.048612 0.048393 0.051051 0.050636 0.047182 0.047182 0.050571 0.050666 0.047395 0.050514 0.048494 0.050571 0.048219 0.044800 0.044800 0.045444 0.051485 0.048768 0.050266 0.050571 0.049419 0.049237 0.048831 0.048134 0.048517 0.048517 0.046156 0.051130 0.048533 0.051238 0.050890 0.051162 0.051162 0.050233 0.048779 0.048382 0.050504 0.051130 0.047486 0.047486 0.049517 0.047191 0.049797 0.048753 0.049132 0.046014 0.050221 0.047644 0.049164 0.047902 0.049729
0.047514 0.048783 0.048779 0.047516 0.049251 0.050366 0.048509 0.049466 0.051182 0.051182 0.049051 0.048043 0.050958 0.050266 0.048329 0.049300 0.051087 0.050951 0.050571 0.049539 0.050484 0.049549 0.050571 0.050571 0.048779 0.046733 0.049016 0.049992 0.050890 0.050485 0.046336 0.050793 0.047249 0.047634 0.051158 0.047944 0.049358 0.047086 0.048471 0.047451 0.051082 0.048372 0.049398 0.047378 0.049282 0.048586 0.050366 0.050297 0.050925 0.051197 0.047969 0.048781 0.049007 0.051098 0.048973 0.048781 0.049297 0.047856 0.048797 0.047761 0.049434 0.047991 0.049965
0.048766 0.047857 0.050571 0.046247 0.051119 0.047672 0.049711 0.047148 0.049701 0.048791 0.049701 0.048043 0.050266 0.050988 0.051118 0.049148 0.049541 0.049387 0.050571 0.048219 0.048429 0.048431 0.048847 0.049268 0.047761 0.047822 0.049804 0.050890 0.049268 0.046346 0.049482 0.047904 0.050685 0.051158 0.049248 0.049051 0.050956 0.045920 0.047772 0.049347 0.047279 0.048710 0.048790 0.050610 0.048526 0.048196 0.044800 0.045669 0.045669 0.048781 0.047969 0.050297 0.048269 0.050969 0.048430 0.050316 0.050316 0.049455 0.049434 0.050673 0.046835 0.049319 0.049334
0.049148 0.047249 0.050571 0.050571 0.046946 0.047695 0.049740 0.051211 0.047330 0.049681 0.048675 0.050266 0.048847 0.049785 0.047900 0.049857 0.046389 0.050833 0.050571 0.046194 0.049843 0.049843 0.048931 0.047477 0.048952 0.048047 0.049375 0.047692 0.050890 0.046346 0.050976 0.049232 0.047330 0.051158 0.049986 0.050504 0.050956 0.046995 0.048224 0.048591 0.049210 0.048234 0.049371 0.050610 0.047518 0.045431 0.045201 0.045995 0.045995 0.049523 0.050539 0.049492 0.049243 0.050932 0.048489 0.049376 0.047061 0.051345 0.048797 0.049434 0.046916 0.050784 0.048011
0.049188 0.049660 0.049880 0.049395 0.047535 0.043963 0.049435 0.048670 0.051009 0.050571 0.048043 0.048152 0.047242 0.047242 0.050926 0.049360 0.050504 0.049495 0.048675 0.047674 0.049285 0.045920 0.048931 0.049025 0.048728 0.046690 0.048330 0.050890 0.049967 0.049717 0.048014 0.048902 0.048121 0.051087 0.050445 0.049536 0.049640 0.050430 0.051299 0.047759 0.050182 0.050182 0.045708 0.045501 0.048839 0.048294 0.044409 0.045708 0.048517 0.047556 0.051220 0.048982 0.049179 0.048172 0.049170 0.049210 0.047395 0.047761 0.049434 0.047943 0.047348 0.048395 0.049843
0.049795 0.049660 0.048018 0.048148 0.049285 0.049395 0.049251 0.050689 0.050233 0.047958 0.048940 0.048082 0.049457 0.048106 0.049248 0.050504 0.049843 0.047513 0.047910 0.048779 0.048219 0.047122 0.047477 0.049277 0.047802 0.047330 0.051349 0.049842 0.049495 0.046297 0.048957 0.049365 0.049447 0.048269 0.046361 0.046357 0.047370 0.045920 0.047516 0.049535 0.047744 0.048673 0.051158 0.048007 0.049475 0.047538 0.048517 0.048134 0.048134 0.046652 0.046733 0.047577 0.048527 0.048753 0.049170 0.046875 0.047295 0.051430 0.046835 0.046835 0.046835 0.050280 0.048087
0.050140 0.050504 0.049345 0.047228 0.050202 0.050661 0.049292 0.049340 0.049500 0.049093 0.048504 0.049050 0.051093 0.046275 0.050504 0.050890 0.049209 0.050504 0.048366 0.048779 0.047969 0.049089 0.048278 0.048337 0.049761 0.049761 0.049466 0.048212 0.049727 0.049855 0.047526 0.048957 0.051182 0.048269 0.050445 0.048134 0.045387 0.047611 0.049955 0.047918 0.047744 0.048290 0.047648 0.049440 0.046028 0.047122 0.048134 0.048134 0.049072 0.048134 0.046652 0.046368 0.047723 0.047723 0.048753 0.044800 0.047646 0.048753 0.048446 0.047348 0.047407 0.049752 0.047488
0.051238 0.050659 0.048940 0.048779 0.047878 0.049148 0.048940 0.046946 0.047673 0.047249 0.049839 0.046639 0.047666 0.047199 0.050504 0.051130 0.048411 0.048411 0.047175 0.050504 0.051354 0.046995 0.049016 0.048509 0.047908 0.049390 0.049466 0.050890 0.049855 0.049609 0.049491 0.050484 0.050361 0.047079 0.048134 0.046652 0.046652 0.050504 0.049087 0.050950 0.047035 0.048705 0.051238 0.051042 0.050035 0.050035 0.048489 0.050972 0.049364 0.049156 0.048304 0.045251 0.046652 0.048882 0.048043 0.048733 0.046176 0.046368 0.046835 0.050062 0.047348 0.048510 0.049320
0.048679 0.048671 0.050742 0.050800 0.049200 0.049148 0.049351 0.048402 0.045674 0.050614 0.050614 0.049282 0.049436 0.047766 0.048172 0.049728 0.049360 0.047634 0.049087 0.050504 0.050504 0.050925 0.048830 0.050571 0.047264 0.049906 0.049729 0.049609 0.050987 0.046995 0.046263 0.048446 0.051333 0.049441 0.045845 0.050398 0.051130 0.049318 0.049295 0.048337 0.049548 0.049181 0.048354 0.049217 0.048905 0.047857 0.050384 0.050139 0.050956 0.048327 0.049244 0.049264 0.047848 0.045251 0.050221 0.048339 0.048781 0.050685 0.046835 0.047620 0.046835 0.048886 0.047140
0.050139 0.047339 0.048779 0.048644 0.048877 0.048134 0.047603 0.050800 0.047395 0.049292 0.050723 0.049132 0.048204 0.048204 0.048766 0.047634 0.046995 0.046995 0.048766 0.047599 0.051130 0.047241 0.050571 0.049466 0.050090 0.048830 0.048827 0.048750 0.048121 0.048121 0.049087 0.050157 0.050917 0.051158 0.050744 0.046373 0.050956 0.049318 0.051158 0.046313 0.050956 0.050935 0.048101 0.049318 0.048905 0.049318 0.050854 0.050980 0.046639 0.051207 0.048905 0.049264 0.048691 0.048416 0.046368 0.049089 0.048753 0.048753 0.048993 0.047777 0.050610 0.049139 0.049181
0.050421 0.050739 0.050571 0.049319 0.050521 0.049019 0.048822 0.046166 0.051015 0.049405 0.047845 0.049438 0.051254 0.047651 0.049340 0.050522 0.046893 0.048661 0.049016 0.049269 0.046328 0.049181 0.049181 0.049355 0.050890 0.047915 0.046381 0.049853 0.049764 0.048779 0.049087 0.049855 0.049846 0.049518 0.049889 0.047280 0.049226 0.049164 0.047124 0.048278 0.047058 0.049523 0.050935 0.051158 0.050980 0.048597 0.050956 0.050291 0.051158 0.051158 0.050170 0.050956 0.048278 0.049112 0.050956 0.048269 0.047295 0.048753 0.048753 0.047700 0.046176 0.048760 0.049113
0.047748 0.049103 0.050571 0.048902 0.050555 0.050763 0.047853 0.049292 0.049214 0.049405 0.050956 0.049385 0.049577 0.050440 0.050440 0.046338 0.049363 0.048148 0.048093 0.051453 0.046995 0.047910 0.050682 0.048952 0.050976 0.050522 0.049545 0.049495 0.051208 0.051453 0.046995 0.047223 0.051190 0.048047 0.047958 0.050445 0.048858 0.046260 0.045708 0.048049 0.048225 0.047393 0.048667 0.050967 0.047905 0.048811 0.049156 0.049237 0.049849 0.049507 0.047216 0.051158 0.050504 0.049016 0.048921 0.049181 0.048430 0.048430 0.048793 0.048797 0.047799 0.047799 0.049113
0.048043 0.050421 0.051232 0.047711 0.050926 0.049175 0.049192 0.047407 0.049787 0.049193 0.046166 0.049271 0.049577 0.047485 0.043963 0.048796 0.050990 0.050019 0.048047 0.050578 0.050890 0.049951 0.050823 0.050890 0.049173 0.048121 0.049248 0.050504 0.049051 0.050806 0.048766 0.051158 0.048212 0.048173 0.047703 0.050504 0.049173 0.048646 0.046510 0.048134 0.048517 0.047393 0.046962 0.049376 0.051252 0.046092 0.047444 0.049016 0.049849 0.050822 0.051206 0.046875 0.051158 0.047755 0.048797 0.049181 0.046986 0.048979 0.048797 0.049482 0.046498 0.046498 0.049010
0.048393 0.048043 0.049355 0.050793 0.048431 0.047513 0.051130 0.047280 0.049554 0.051159 0.048020 0.049169 0.050571 0.050504 0.047013 0.047013 0.049189 0.048038 0.046355 0.049466 0.049609 0.050927 0.047692 0.050890 0.051021 0.049529 0.049529 0.048831 0.049226 0.050504 0.049094 0.048212 0.049315 0.049315 0.047703 0.046986 0.050756 0.048464 0.047191 0.047643 0.047666 0.049722 0.050198 0.047199 0.048627 0.048603 0.049029 0.048173 0.049181 0.049607 0.048570 0.047430 0.049063 0.049063 0.047049 0.046523 0.046523 0.046986 0.048979 0.046245 0.047918 0.048269 0.047934
0.048847 0.051015 0.050793 0.049316 0.050793 0.050956 0.051130 0.049390 0.048121 0.048304 0.048893 0.047844 0.048830 0.050504 0.048160 0.048517 0.050953 0.047903 0.047903 0.049855 0.049087 0.050661 0.047175 0.049285 0.047400 0.049187 0.048768 0.051327 0.050923 0.044800 0.047356 0.051130 0.049887 0.049087 0.047916 0.046801 0.048392 0.045150 0.047245 0.048781 0.048404 0.049722 0.048627 0.046313 0.049360 0.048603 0.048603 0.048509 0.047180 0.048826 0.048949 0.049237 0.047798 0.048666 0.050967 0.048373 0.046986 0.049434 0.048797 0.046355 0.048446 0.051162 0.047644
0.050926 0.048924 0.050833 0.049036 0.050906 0.050956 0.049544 0.048055 0.049022 0.048933 0.049022 0.049022 0.049102 0.051087 0.044800 0.047282 0.049635 0.051006 0.047308 0.048636 0.051182 0.047853 0.049431 0.050504 0.046995 0.046346 0.046995 0.051453 0.044800 0.044800 0.046357 0.047668 0.050806 0.045902 0.048312 0.051130 0.049681 0.047514 0.051158 0.046584 0.048404 0.048404 0.048134 0.049360 0.048797 0.049572 0.048797 0.049448 0.049833 0.049434 0.049290 0.050808 0.047798 0.048025 0.046874 0.045939 0.049434 0.049434 0.047352 0.046355 0.047325 0.049065 0.049595
0.049877 0.049404 0.049951 0.046166 0.048429 0.050266 0.049779 0.050539 0.047378 0.047407 0.048900 0.049349 0.049717 0.048949 0.046053 0.049980 0.049463 0.047338 0.050953 0.049504 0.049853 0.049305 0.048564 0.048156 0.050280 0.047511 0.047038 0.044604 0.050890 0.049360 0.049360 0.050019 0.046741 0.047872 0.049005 0.051130 0.049495 0.050504 0.051158 0.047868 0.048553 0.048404 0.047249 0.049269 0.049472 0.051098 0.050614 0.051055 0.047746 0.044575 0.050170 0.046962 0.049823 0.050259 0.045846 0.048430 0.048797 0.046368 0.046368 0.047846 0.047933 0.048273 0.049251
0.050019 0.048329 0.050571 0.047637 0.049534 0.049393 0.049028 0.046487 0.049329 0.048603 0.048900 0.050893 0.047856 0.048173 0.045254 0.050139 0.049393 0.047338 0.048430 0.048007 0.049384 0.050064 0.048827 0.048827 0.049044 0.051243 0.049992 0.050890 0.049009 0.051130 0.050266 0.048977 0.049457 0.047481 0.048830 0.046651 0.050090 0.051158 0.048141 0.049324 0.048553 0.047486 0.047260 0.048949 0.048867 0.046285 0.049087 0.049434 0.049288 0.049179 0.049179 0.048416 0.049298 0.049034 0.051044 0.048797 0.048844 0.048900 0.046835 0.047948 0.047326 0.049510 0.050871
0.050019 0.049436 0.048847 0.047637 0.047915 0.046853 0.046853 0.049251 0.050969 0.048874 0.048811 0.048583 0.050445 0.048225 0.045254 0.045254 0.047861 0.050953 0.048197 0.049109 0.048118 0.049874 0.050990 0.051130 0.051243 0.048942 0.049136 0.050890 0.050890 0.049764 0.048628 0.048225 0.046491 0.049855 0.046306 0.051185 0.047258 0.046368 0.047701 0.047271 0.044800 0.047450 0.049347 0.049063 0.049317 0.047856 0.049179 0.049148 0.049185 0.047968 0.049651 0.049037 0.049104 0.046842 0.049210 0.049390 0.048844 0.049385 0.049689 0.047707 0.047265 0.050936 0.048330
