Example_Watersheds/WA_MashelWatershed/DataInputs/o_3_ChemistryPools/Mashel_1990_Pools/DON_Pool_1.asc
ncols         923
nrows         455
xllcorner     550005.67551598
yllcorner     5180549.8134422
cellsize      30
NODATA_value  -9999
[rows 336 to 363 of 455, columns 252 to 314 of 923]
0.901594 0.898172 0.863386 0.860260 0.865546 0.858880 0.837791 0.834435 0.834435 0.890746 0.837051 0.860721 0.868026 0.831459 0.831302 0.856015 0.856015 0.856015 0.856015 0.855146 0.834675 0.861506 0.867147 0.865746 0.889897 0.886275 0.865251 0.847188 0.856015 0.856015 0.836198 0.894793 1.084403 1.084403 0.810888 0.858290 0.861392 0.831102 0.868598 0.879160 0.871763 0.874996 0.859412 0.901258 0.901258 0.829755 0.888316 0.846199 0.828040 0.873366 0.844721 0.879195 0.828040 0.883166 0.865476 0.877136 0.877136 0.899878 0.841291 0.833258 0.840162 0.899863 0.843979
0.448194 0.677894 0.854429 0.843631 0.865546 0.884807 0.848146 0.831410 0.838667 0.857132 0.846566 0.862978 0.448194 0.448194 0.448194 0.870366 0.899415 0.856015 0.891093 0.837051 0.855821 0.856723 0.868499 0.811283 0.831995 0.871667 0.824391 0.818543 0.814347 0.856015 0.856015 0.853712 0.862039 0.909678 0.859205 0.858195 0.845002 0.846162 0.886977 0.836300 0.898312 0.874996 0.847593 0.871763 0.884807 0.868624 0.821631 0.865281 0.851725 0.868212 0.844721 0.889342 0.842515 0.891424 0.866427 0.872755 0.831872 0.899878 0.814625 0.843979 0.852488 1.084403 0.853502
0.448194 0.448194 0.887854 0.448194 0.894719 0.871643 0.838585 0.838932 0.876317 0.874784 0.448194 0.868753 0.871966 0.885183 0.448194 0.838959 0.851798 0.838545 0.888623 0.830722 0.899135 0.860260 0.812489 0.848496 0.831377 0.833452 0.846163 0.812489 0.812489 0.839619 0.867001 0.860319 0.843439 0.846256 0.849969 0.849969 0.845002 0.821019 0.899878 0.899528 0.898312 0.871763 0.847593 0.871763 0.898587 0.831315 0.870289 0.876316 0.863785 0.854613 0.867373 0.821631 0.877938 0.866733 0.873634 0.845748 0.845748 0.863132 0.888670 0.867111 0.846649 0.900349 0.850529
0.448194 0.877202 0.897837 0.838875 0.858212 0.866048 0.848243 0.855535 0.872431 0.873538 0.855535 0.846133 0.835184 0.846016 0.448194 0.838959 0.847796 0.885238 0.830600 0.862182 0.899135 0.899135 0.844787 0.857069 0.877253 0.883690 0.871064 0.856015 0.874551 0.867001 0.860041 0.868110 0.813915 0.850655 0.856264 0.865224 0.831614 0.889501 0.838383 0.862190 0.870135 0.847593 0.894560 0.905431 0.847796 0.856086 0.845684 0.862628 0.862628 0.828522 0.903743 0.846256 0.876745 0.858827 0.846943 0.859040 0.863785 0.852640 0.843631 0.860618 0.846649 0.843924 0.841823
0.890699 0.877202 0.829542 0.881079 0.833982 0.834435 0.861506 0.848194 0.872431 0.864871 0.890746 0.881247 0.838977 0.838977 0.846133 0.836811 0.739521 0.885204 0.837051 0.891093 0.860260 0.901771 0.844277 0.890746 0.890746 0.862712 0.845684 0.850379 0.874408 0.812489 0.861864 0.862834 0.858136 0.868039 0.884887 0.812489 0.852641 0.856015 0.824210 0.811771 0.866972 0.898312 0.845816 0.847593 0.866548 0.859089 0.872589 0.854613 0.862039 0.821631 0.892127 0.829138 0.821631 0.821631 0.846943 0.849969 0.866733 0.865746 0.862464 0.862464 0.855652 0.843924 0.833044
0.828746 0.853161 0.878408 0.880602 0.838838 0.890746 0.834435 0.834072 0.890746 0.833800 0.862725 0.837277 0.868984 0.900319 0.849486 0.841099 0.871763 0.895768 0.831406 0.837113 0.826508 0.813947 0.841067 0.849394 0.860260 0.836810 0.808834 0.861864 0.856015 0.845680 0.899827 0.859089 0.862985 0.862985 0.834435 0.832952 0.831413 0.864230 0.860260 0.860260 0.866972 0.852969 0.881942 0.846566 0.870256 0.880033 0.872574 0.854613 0.821631 0.857829 0.874009 0.868921 0.836374 0.821631 0.868547 0.863655 0.841778 0.864177 0.861675 0.836985 0.836985 0.900268 0.862229
0.851571 0.833195 0.840108 0.834170 0.866661 0.871763 0.863937 0.899687 0.902673 0.838918 0.858339 0.860317 0.846133 0.856931 0.891806 0.839034 0.832858 0.860260 0.899448 0.837113 0.879664 0.813575 0.847828 0.892682 0.846824 0.846824 0.868349 0.806661 1.084403 0.856015 0.899878 0.829400 0.884807 0.884807 0.448194 0.899435 0.902902 0.866920 0.833528 0.894168 0.859384 0.811678 0.892564 0.874951 0.823414 0.873111 0.874471 0.836101 0.876159 0.878019 0.883807 0.895226 0.895226 0.834299 0.899878 0.846293 0.865955 0.862122 0.862464 0.893441 0.866298 0.852587 0.846202
0.841342 0.829752 0.890933 0.861678 0.839034 0.871763 0.891408 0.885794 0.894168 0.892359 0.874304 0.887257 0.846133 0.897251 0.838959 0.859983 0.842062 0.842062 0.837113 0.448194 0.448194 0.448194 0.846273 0.448194 0.448194 0.854447 0.818041 1.084403 0.890199 0.896327 0.448194 0.878111 0.448194 0.448194 0.871702 0.448194 0.901771 0.880331 0.892749 0.856109 0.892226 0.845816 0.823958 0.847623 0.844145 0.844145 0.867264 0.869142 0.862778 0.813108 0.856015 0.821631 0.816309 0.863132 0.898030 0.868693 0.849379 0.899827 0.862464 0.883228 0.863608 0.877759 0.873649
0.848080 0.886220 0.883828 0.860692 0.871410 0.834564 0.888140 0.862202 0.871763 0.860692 0.847593 0.895755 0.880085 0.881250 0.859887 0.888623 0.831076 0.861982 0.868101 0.448194 0.448194 0.448194 0.837508 0.448194 0.448194 0.532231 0.821631 0.892699 0.861145 0.448194 0.448194 0.448194 0.868442 0.526628 0.448194 0.448194 0.862043 0.862043 0.448194 0.448194 0.881079 0.839025 0.828615 0.823957 0.889705 0.874898 0.903743 0.860017 0.868754 0.813504 0.823414 0.821631 0.865281 0.863785 0.874898 0.903743 0.834908 0.879584 0.862464 0.881374 0.838991 0.846202 0.860350
0.892699 0.879803 0.874058 0.871763 0.878501 0.838715 0.898030 0.871439 0.852144 0.890746 0.902673 0.851638 0.873424 0.884542 0.871410 0.860692 0.834060 0.879839 0.892815 0.448194 0.866427 0.537833 0.448194 0.448194 0.884005 0.885551 0.860420 0.448194 0.448194 0.448194 0.549038 0.448194 0.872755 0.448194 0.448194 0.448194 0.448194 0.448194 0.448194 0.861490 0.843466 0.822342 0.862712 0.863383 0.821631 0.899878 0.831872 0.892564 0.899827 0.868243 0.813108 0.821631 0.845684 0.862270 0.903743 0.841778 0.834908 0.834908 0.834971 0.871823 0.895180 0.900268 0.836670
0.863937 0.898838 0.874058 0.830475 0.820037 0.845248 0.851789 0.847488 0.848009 0.890746 0.858957 0.836670 0.870574 0.830435 0.870425 0.869885 0.834060 0.881247 0.860260 0.847144 0.884264 0.884264 0.863999 0.846336 0.840108 0.852270 0.852488 0.448194 0.448194 0.448194 0.448194 0.448194 0.448194 0.448194 0.448194 0.448194 0.869142 0.448194 0.448194 0.860077 0.830600 0.821631 0.891884 0.821631 0.850861 0.899952 0.857232 0.838159 0.840503 0.840503 0.870716 0.875030 0.834908 0.863383 0.845606 0.865281 0.865281 0.863521 0.870358 0.899878 0.877015 0.904020 0.836670
0.871763 0.890933 0.890746 0.838969 0.844011 0.832567 0.868753 0.861440 0.847593 0.895791 0.886549 0.861956 0.448194 0.851495 0.851495 0.841684 0.861982 0.838759 0.837476 0.448194 0.831579 0.840388 0.830756 0.902029 0.900322 0.448194 0.638677 0.448194 0.448194 0.448194 0.448194 0.448194 0.448194 0.448194 0.448194 0.448194 0.876292 0.448194 0.891714 0.820814 0.838959 0.838959 0.815065 0.858195 0.865281 0.887691 0.889506 0.845171 0.883541 0.874898 0.841778 0.834908 0.834908 0.852537 0.816309 0.865281 0.865281 0.890068 0.867113 0.901144 0.848210 0.832380 0.902854
0.834435 0.890933 0.883828 0.890933 0.847796 0.902673 0.862985 0.877389 0.871763 0.869665 0.857447 0.883361 0.875808 0.839243 0.869931 0.860692 0.835757 0.847485 0.867290 0.897465 0.833237 0.814229 0.841495 0.856511 0.847736 0.884807 0.448194 0.448194 0.448194 0.448194 0.448194 0.448194 0.638677 0.638677 0.448194 0.599460 0.448194 0.633075 0.448194 0.448194 0.849616 0.862935 0.862712 0.871859 0.833730 0.845389 0.873634 0.892561 0.857232 0.871396 0.834908 0.834908 0.834908 0.863785 0.863785 0.871859 0.888316 0.825800 0.887541 0.844619 0.858148 0.858148 0.832380
0.621870 0.871763 0.832465 0.862985 0.834435 0.847593 0.862985 0.838918 0.839866 0.848063 0.833878 0.800180 0.859726 0.839243 0.852602 0.838018 0.861982 0.866007 0.860260 0.862182 0.833237 0.887487 0.868247 0.866641 0.847593 0.859489 0.859489 0.448194 0.448194 0.448194 0.448194 0.448194 0.448194 0.453797 0.448194 0.892940 0.448194 0.448194 0.876292 0.481809 0.883070 0.897259 0.842862 0.858120 0.880334 0.877683 0.867379 0.877384 0.861471 0.834908 0.899570 0.834908 0.853854 0.853854 0.865224 0.868932 0.847413 0.870896 0.840503 0.874399 0.851495 0.846336 0.870896
0.865040 0.838318 0.834435 0.847593 0.890933 0.834435 0.862985 0.858448 0.888623 0.857603 0.881250 0.689099 0.836182 0.848080 0.868598 0.846133 0.874503 0.829752 0.829752 0.844992 0.892807 0.876043 0.899191 0.869681 0.859489 0.847593 0.448194 0.448194 0.864807 0.448194 0.767533 0.448194 0.638677 0.453797 0.448194 0.448194 0.448194 0.448194 0.881736 0.448194 0.844321 0.848576 1.084403 0.894793 0.863982 0.863982 0.872759 0.861761 0.868429 0.885912 0.834908 0.842500 0.822464 0.866482 0.837313 0.874798 0.876159 0.890566 0.899827 0.874399 0.891574 0.871496 0.897974
0.838659 0.871763 0.871763 0.846566 0.838918 0.847593 0.848009 0.877389 0.832646 0.851540 0.879121 0.448194 0.448194 0.876722 0.867782 0.881085 0.858448 0.833132 0.837270 0.892531 0.862182 0.860260 0.849004 0.900679 0.837051 0.862978 0.869041 0.448194 0.554641 0.448194 0.448194 0.448194 0.448194 0.453797 0.448194 0.878893 0.448194 0.448194 0.448194 0.448194 0.448194 0.818475 0.871298 0.846251 0.860195 0.842292 0.896556 0.891553 0.858448 0.875867 0.864899 0.844677 0.865595 0.836640 0.834908 0.865281 0.827324 0.832798 0.862788 0.837864 0.891710 0.867379 0.868026
0.903147 0.840108 0.847593 0.838918 0.835184 0.859175 0.847593 0.882106 0.838918 0.904630 0.879121 0.884491 0.448194 0.876722 0.863454 0.860692 0.832999 0.833132 0.875644 0.903743 0.857069 0.860260 0.884894 0.870661 0.837051 0.879790 0.856109 0.448194 0.448194 0.448194 0.448194 0.448194 0.448194 0.453797 0.448194 0.872686 0.448194 0.448194 0.448194 0.448194 0.851079 0.828972 0.845086 0.853331 0.863785 0.842813 0.837653 0.877015 0.902906 0.829110 0.871823 0.872757 0.846394 0.892278 0.832914 0.868320 0.867111 0.825718 0.825718 0.826021 0.855508 0.878779 0.891574
0.877389 0.877389 0.840108 0.838918 0.882106 0.859175 0.831301 0.837375 0.891093 0.860783 0.884491 0.883686 0.853699 0.894168 0.837313 0.860692 0.834064 0.898665 0.848965 0.876043 0.845847 0.890278 0.890278 0.892359 0.851638 0.900268 0.448194 0.448194 0.448194 0.448194 0.448194 0.448194 0.448194 0.672292 0.448194 0.448194 0.448194 0.448194 0.448194 0.832548 0.872018 0.854980 0.848170 0.834061 0.860735 1.084403 1.084403 0.867517 0.829820 0.829110 0.846770 0.838959 0.854956 0.863917 0.863917 0.870821 0.867111 0.870614 0.864968 0.860738 0.878779 0.818475 0.862264
0.838918 0.895180 0.877389 0.874471 0.840108 0.860350 0.835184 0.834435 0.838918 0.905648 0.846146 0.871823 0.876722 0.869549 0.841291 0.841291 0.869152 0.835973 0.875644 0.862022 0.876043 0.856511 0.858786 0.834060 0.857290 0.879038 0.892546 0.448194 0.448194 0.448194 0.853331 0.453797 0.448194 0.453797 0.448194 0.448194 0.448194 0.448194 0.876292 0.869885 0.834061 0.857599 0.857599 1.084403 0.872018 0.845417 0.878372 0.939627 0.860703 0.847632 0.832858 0.841165 0.898930 0.829820 0.880185 0.898930 0.871823 0.897283 0.874907 0.828898 0.862464 0.881111 0.879385
0.847806 0.877389 0.860692 0.835184 0.834071 0.880258 0.853702 0.847593 0.847593 0.848063 0.873424 0.868598 0.851493 0.846587 0.840503 0.881085 0.851079 0.842535 0.867517 0.448194 0.860185 0.856511 0.855707 0.863655 0.834435 0.833982 0.448194 0.448194 0.448194 0.448194 0.448194 0.453797 0.453797 0.448194 0.448194 0.448194 0.881736 0.448194 0.884166 0.899066 0.898266 0.834061 0.808979 0.885266 0.831483 1.084403 0.900871 0.830444 0.858620 0.858721 0.861928 0.829820 0.863917 0.875772 0.880185 0.892820 0.830929 0.904362 0.873111 0.870821 0.880258 0.831872 0.831872
0.831076 0.840503 0.905915 0.875095 0.872190 0.846146 0.846146 0.847593 0.838988 0.880602 0.884491 0.806582 0.873853 0.897626 0.841291 0.833816 0.847322 0.892699 0.887189 0.448194 0.843243 0.898587 0.842427 0.868787 0.834435 0.887182 0.448194 0.448194 0.892525 0.448194 0.448194 0.448194 0.890888 0.448194 0.453797 0.599460 0.745123 0.890081 0.839507 0.824861 0.844450 0.848525 1.084403 0.835764 0.839936 0.861925 0.864378 0.883219 0.833258 0.854607 0.891887 0.838246 0.875772 0.875772 0.886220 0.829820 0.837355 0.837850 0.898593 0.830220 0.829256 0.829752 0.874689
0.848115 0.448194 0.880751 0.880751 0.448194 0.850081 0.853702 0.846146 0.862355 0.448194 0.852113 0.831301 0.869543 0.874996 0.860576 0.833132 0.847322 0.879839 0.870256 0.870256 0.885882 0.870028 0.859067 0.898030 0.827403 0.829752 0.876885 0.448194 0.448194 0.448194 0.448194 0.448194 0.448194 0.448194 0.448194 0.448194 0.448194 0.844601 0.882715 0.824861 0.888239 0.848525 1.084403 1.084403 0.886275 0.813714 0.813714 0.854607 0.862464 0.895546 0.856444 0.858880 0.881035 0.851617 0.859281 0.891887 0.837850 0.880185 0.860933 0.833997 0.847560 0.848210 0.874898
0.448194 0.448194 0.448194 0.448194 0.448194 0.476207 0.847931 0.880258 0.854707 0.847649 0.867205 0.865646 0.902902 0.895791 0.847632 0.898930 0.858361 0.833237 0.877943 0.841495 0.885220 0.857069 0.899137 0.836470 0.826395 0.829752 0.448194 0.593858 0.448194 0.448194 0.448194 0.448194 0.448194 0.448194 0.448194 0.448194 0.884166 0.876564 0.845684 0.845684 0.858467 0.831483 0.826007 0.853392 1.084403 0.819859 0.838641 0.868354 0.858510 0.829955 0.832930 0.811058 1.084403 0.832380 0.853059 0.838018 0.837850 0.879663 0.839110 0.832236 0.861939 0.882106 0.899878
0.694701 0.848590 0.571448 0.571448 0.761930 0.448194 0.565845 0.883078 0.890933 0.836101 0.899828 0.865646 0.831364 0.839133 0.833664 0.890128 0.838933 0.879911 0.895653 0.904568 0.857069 0.834435 0.860260 0.865799 0.814433 0.881195 0.448194 0.448194 0.448194 0.448194 0.448194 0.448194 0.890888 0.448194 0.448194 0.448194 0.448194 0.884945 0.898930 0.868953 0.853508 0.827879 0.865281 0.857186 0.893167 0.902195 0.839833 0.860185 0.873649 0.832930 0.829955 0.903743 0.857343 0.881458 0.893441 0.812251 0.875502 0.879663 0.829256 0.829256 0.864424 0.902212 0.852316
0.882418 0.880533 0.833256 0.448194 0.448194 0.851876 0.862978 0.902468 0.862725 0.883721 0.840108 0.900268 0.835287 0.875569 0.899448 0.878501 0.861815 0.448194 0.858689 0.878671 0.847806 0.859489 0.850522 0.850522 0.890611 0.847227 0.867798 0.448194 0.448194 0.448194 0.448194 0.448194 0.800180 0.448194 0.448194 0.448194 0.448194 0.885183 0.830269 0.862437 0.862437 0.816301 0.868300 0.857186 0.820301 0.825864 0.856860 0.883781 0.881942 0.856973 0.829955 0.836763 0.831872 0.891852 0.891852 0.903743 0.866298 0.858504 0.900545 0.831364 0.859089 0.833878 0.836184
0.870593 0.847593 0.890933 0.868753 0.862985 0.871763 0.838918 0.864019 0.860692 0.842790 0.832999 0.847823 0.877607 0.860260 0.835757 0.852824 0.852824 0.448194 0.448194 0.448194 0.892959 0.448194 0.884595 0.887487 0.837028 0.448194 0.889389 0.448194 0.813370 0.448194 0.448194 0.448194 0.448194 0.448194 0.882664 0.448194 0.448194 0.868952 0.876638 0.825854 0.831339 0.855952 0.880085 0.880085 0.815913 0.841504 0.853508 0.839892 0.877589 0.884087 0.833258 0.871363 0.902443 0.831872 0.854068 0.874388 0.834066 0.855938 0.867379 0.896556 0.886301 0.863982 0.840275
0.881085 0.834060 0.834435 0.862985 0.832646 0.873538 0.879352 0.838414 0.838414 0.846133 0.833816 0.842996 0.895137 0.838800 0.844824 0.880751 0.888418 0.767533 0.870957 0.448194 0.883361 0.859489 0.448194 0.857290 0.900560 0.882942 0.448194 0.448194 0.872759 0.448194 0.448194 0.599460 0.509821 0.448194 0.448194 0.448194 0.448194 0.892900 0.448194 0.855488 0.842545 0.874190 1.084403 1.084403 0.898070 0.889282 0.857186 0.818042 0.841302 0.878572 0.865033 0.836078 0.871410 0.879663 0.876035 0.836910 0.825864 0.873889 0.858190 0.850685 0.862437 0.863982 0.838872
0.871763 0.881085 0.874996 0.872287 0.858957 0.881085 0.857603 0.448194 0.882106 0.838102 0.878850 0.831579 0.899061 0.448194 0.882942 0.448194 0.865749 0.800180 0.872694 0.884807 0.862182 0.885882 0.861490 0.884722 0.846566 0.838667 0.666689 0.878893 0.878893 0.448194 0.843962 0.448194 0.448194 0.448194 0.448194 0.448194 0.448194 0.448194 0.889142 0.833956 0.856730 0.883385 0.838269 1.084403 0.863982 0.868453 0.854817 0.818042 1.084403 0.825571 0.896854 0.876827 0.831410 0.833621 0.876035 0.890571 0.865779 0.813632 0.831176 0.868706 0.891574 0.884005 0.896041
