Example_Watersheds/WA_MashelWatershed/DataInputs/o_3_ChemistryPools/Mashel_1990_Pools/DON_Pool_2.asc
ncols         923
nrows         455
xllcorner     550005.67551598
yllcorner     5180549.8134422
cellsize      30
NODATA_value  -9999
[rows 364 to 391 of 455, columns 693 to 755 of 923]
0.201040 0.201310 0.200972 0.203012 0.203265 0.216947 0.213431 0.203366 0.200079 0.211160 0.211764 0.211159 0.211646 0.209566 0.200550 0.210620 0.204963 0.203087 0.203087 0.203410 0.214169 0.207272 0.212359 0.208951 0.210922 0.210557 0.201049 0.203564 0.211795 0.213229 0.211681 0.208862 0.211795 0.209695 0.106836 0.106836 0.157583 0.156247 0.106836 0.208032 0.201796 0.122861 0.211780 0.211703 0.189633 0.189633 0.149570 0.211159 0.202865 0.213754 0.201532 0.213053 0.208126 0.210896 0.208361 0.210731 0.140222 0.106836 0.211833 0.211619 0.211444 0.211104 0.207907
0.205900 0.201591 0.203512 0.214565 0.208265 0.208888 0.211794 0.203521 0.218671 0.218249 0.218249 0.211160 0.211764 0.211543 0.209974 0.211646 0.200268 0.206019 0.201921 0.212753 0.202656 0.212507 0.212171 0.201677 0.213660 0.209709 0.203406 0.207628 0.204550 0.210973 0.211681 0.209951 0.207018 0.106836 0.195261 0.207018 0.192825 0.192825 0.207441 0.106836 0.210311 0.205389 0.210871 0.207018 0.126867 0.210670 0.201029 0.106836 0.210454 0.209340 0.180285 0.203410 0.106836 0.203488 0.106836 0.195847 0.106836 0.157583 0.106836 0.106836 0.205606 0.205606 0.212204
0.213827 0.204649 0.203638 0.209951 0.203665 0.201020 0.218271 0.211312 0.212549 0.211824 0.205365 0.200207 0.210048 0.208361 0.210678 0.200743 0.200268 0.207392 0.208380 0.212753 0.205871 0.213470 0.210620 0.201677 0.209185 0.211543 0.201677 0.201677 0.210833 0.210833 0.210048 0.210992 0.201921 0.210557 0.209740 0.209105 0.213779 0.106836 0.209589 0.211681 0.211795 0.178950 0.141557 0.116184 0.106836 0.106836 0.106836 0.106836 0.106836 0.207220 0.207525 0.106836 0.208599 0.106836 0.106836 0.106836 0.106836 0.106836 0.106836 0.106836 0.106836 0.106836 0.203577
0.210802 0.207628 0.203638 0.209566 0.206613 0.216784 0.212276 0.219468 0.201548 0.208839 0.200355 0.213829 0.213521 0.201688 0.207712 0.213485 0.202211 0.212782 0.210485 0.213604 0.209974 0.206311 0.206311 0.210678 0.211543 0.209974 0.211731 0.209185 0.211283 0.211795 0.211209 0.209974 0.197549 0.210311 0.209687 0.208422 0.210217 0.209529 0.210357 0.211543 0.194666 0.219026 0.202865 0.106836 0.106836 0.126867 0.106836 0.106836 0.106836 0.106836 0.208339 0.202552 0.106836 0.213523 0.106836 0.213616 0.106836 0.106836 0.118855 0.106836 0.106836 0.106836 0.203577
0.209529 0.209393 0.210219 0.211035 0.210566 0.213611 0.207537 0.204639 0.208839 0.201049 0.213829 0.201573 0.207097 0.212507 0.212507 0.216898 0.209020 0.209938 0.212753 0.201743 0.106836 0.106836 0.207304 0.208945 0.208032 0.213348 0.213660 0.180285 0.208217 0.209185 0.209974 0.204726 0.204726 0.203388 0.209687 0.210707 0.205856 0.210357 0.205262 0.106836 0.210082 0.210082 0.137551 0.106836 0.208363 0.106836 0.106836 0.106836 0.106836 0.106836 0.106836 0.148234 0.106836 0.106836 0.106836 0.106836 0.106836 0.106836 0.106836 0.106836 0.106836 0.106836 0.120190
0.201095 0.210048 0.211161 0.213830 0.212687 0.207096 0.216999 0.207710 0.211414 0.206539 0.213829 0.199944 0.212171 0.213827 0.213827 0.203410 0.203202 0.211887 0.213829 0.205349 0.106836 0.106836 0.210028 0.209252 0.200750 0.203986 0.209105 0.180285 0.106836 0.106836 0.106836 0.209264 0.203342 0.209483 0.209483 0.211799 0.211018 0.208945 0.189633 0.121525 0.114848 0.136215 0.213209 0.133544 0.106836 0.106836 0.106836 0.106836 0.106836 0.189633 0.106836 0.106836 0.106836 0.106836 0.106836 0.106836 0.106836 0.106836 0.106836 0.106836 0.106836 0.106836 0.208511
0.208456 0.206874 0.210694 0.130874 0.106836 0.203259 0.216999 0.166931 0.211904 0.205605 0.203564 0.203451 0.207097 0.213827 0.208361 0.212171 0.210996 0.112177 0.211582 0.106836 0.106836 0.213785 0.201626 0.213254 0.212549 0.211350 0.211350 0.211007 0.210217 0.106836 0.186962 0.206205 0.201671 0.210992 0.210452 0.211543 0.169602 0.173608 0.106836 0.106836 0.106836 0.106836 0.106836 0.106836 0.106836 0.106836 0.106836 0.106836 0.106836 0.106836 0.106836 0.106836 0.136215 0.136215 0.202484 0.195847 0.106836 0.106836 0.106836 0.106836 0.106836 0.106836 0.106836
0.217649 0.218881 0.209600 0.106836 0.106836 0.106836 0.203406 0.218140 0.202335 0.203406 0.203451 0.203625 0.201913 0.203665 0.211105 0.209185 0.199684 0.106836 0.106836 0.106836 0.106836 0.211612 0.122861 0.203361 0.203697 0.208607 0.211156 0.190969 0.210944 0.207303 0.201693 0.205856 0.203528 0.207872 0.208801 0.200355 0.106836 0.206802 0.106836 0.106836 0.203202 0.126867 0.106836 0.106836 0.106836 0.106836 0.106836 0.106836 0.106836 0.106836 0.106836 0.106836 0.106836 0.121525 0.106836 0.203180 0.106836 0.106836 0.106836 0.106836 0.106836 0.106836 0.106836
0.200465 0.212753 0.214122 0.209185 0.106836 0.106836 0.124196 0.213107 0.201040 0.207393 0.200176 0.200176 0.200959 0.202656 0.203119 0.208573 0.200465 0.202389 0.164260 0.211681 0.205642 0.206415 0.211367 0.219670 0.203697 0.205856 0.120190 0.211731 0.211007 0.208339 0.210219 0.205856 0.211543 0.210135 0.209709 0.210894 0.106836 0.207973 0.207973 0.106836 0.106836 0.106836 0.106836 0.106836 0.106836 0.106836 0.106836 0.106836 0.106836 0.106836 0.106836 0.106836 0.106836 0.106836 0.106836 0.106836 0.124196 0.212251 0.198636 0.106836 0.106836 0.106836 0.106836
0.210239 0.200565 0.210048 0.210048 0.209185 0.211268 0.106836 0.185627 0.209414 0.210573 0.213485 0.201702 0.209264 0.202262 0.213747 0.158918 0.207767 0.202389 0.211619 0.106836 0.201603 0.106836 0.106836 0.210452 0.210973 0.210944 0.195847 0.209951 0.208217 0.213258 0.213258 0.213506 0.217578 0.217333 0.210655 0.211646 0.106836 0.106836 0.106836 0.106836 0.106836 0.106836 0.106836 0.106836 0.106836 0.106836 0.106836 0.106836 0.106836 0.106836 0.106836 0.124196 0.106836 0.106836 0.106836 0.207092 0.106836 0.106836 0.106836 0.106836 0.106836 0.106836 0.106836
0.210128 0.207741 0.210731 0.209185 0.207064 0.106836 0.106836 0.207208 0.210791 0.186962 0.205389 0.210391 0.212687 0.209108 0.209070 0.209185 0.210566 0.208945 0.207481 0.211105 0.106836 0.210723 0.106836 0.106836 0.180285 0.209974 0.211703 0.106836 0.206802 0.210135 0.211543 0.210448 0.202080 0.201106 0.199872 0.208172 0.170937 0.106836 0.106836 0.106836 0.106836 0.106836 0.106836 0.106836 0.106836 0.106836 0.106836 0.106836 0.106836 0.106836 0.136215 0.106836 0.106836 0.106836 0.106836 0.106836 0.196991 0.207973 0.207092 0.106836 0.106836 0.106836 0.106836
0.211159 0.207712 0.209740 0.209185 0.209589 0.206613 0.116184 0.201688 0.218074 0.211781 0.202137 0.208333 0.210549 0.206793 0.203080 0.203080 0.201380 0.203337 0.200046 0.201380 0.207092 0.211007 0.202941 0.207226 0.209782 0.210973 0.213804 0.208363 0.206802 0.168266 0.209974 0.208862 0.209185 0.199687 0.138886 0.208172 0.106836 0.106836 0.106836 0.106836 0.106836 0.106836 0.106836 0.106836 0.106836 0.106836 0.106836 0.106836 0.106836 0.106836 0.106836 0.106836 0.106836 0.106836 0.213258 0.213829 0.201193 0.203358 0.106836 0.106836 0.106836 0.106836 0.106836
0.211646 0.211788 0.209740 0.212687 0.207712 0.207426 0.200743 0.200743 0.218144 0.211679 0.208329 0.200985 0.206793 0.202447 0.215253 0.208357 0.208463 0.208564 0.203564 0.204261 0.201462 0.211007 0.209070 0.207092 0.213660 0.203548 0.208217 0.138886 0.210968 0.206793 0.201702 0.206518 0.209658 0.142893 0.125532 0.125532 0.106836 0.141557 0.106836 0.213573 0.132209 0.106836 0.106836 0.106836 0.106836 0.106836 0.106836 0.124196 0.106836 0.106836 0.106836 0.106836 0.106836 0.106836 0.106836 0.106836 0.200491 0.206397 0.106836 0.106836 0.106836 0.106836 0.106836
0.211582 0.209393 0.207712 0.211619 0.206275 0.210128 0.216565 0.201703 0.210391 0.207392 0.200722 0.202536 0.209600 0.207888 0.203259 0.201151 0.206568 0.201380 0.209466 0.200046 0.208071 0.212779 0.209077 0.210720 0.210048 0.214080 0.215599 0.215599 0.211092 0.210099 0.206793 0.201688 0.209185 0.215899 0.200800 0.148234 0.106836 0.106836 0.120190 0.106836 0.148234 0.106836 0.106836 0.106836 0.106836 0.106836 0.106836 0.124196 0.106836 0.122861 0.106836 0.213660 0.106836 0.106836 0.106836 0.106836 0.106836 0.196991 0.106836 0.106836 0.106836 0.106836 0.106836
0.209600 0.133544 0.195261 0.207712 0.205014 0.208544 0.203470 0.205856 0.201591 0.200298 0.202262 0.203460 0.200516 0.210973 0.208357 0.202530 0.210833 0.211159 0.208300 0.208300 0.209627 0.219491 0.203259 0.209483 0.208279 0.199786 0.210391 0.213764 0.209185 0.210694 0.201009 0.208352 0.209185 0.210454 0.148234 0.106836 0.106836 0.106836 0.106836 0.106836 0.120190 0.106836 0.106836 0.106836 0.106836 0.106836 0.191551 0.158918 0.106836 0.148234 0.106836 0.212687 0.106836 0.106836 0.106836 0.106836 0.106836 0.106836 0.106836 0.106836 0.106836 0.106836 0.106836
0.204442 0.207303 0.206709 0.212578 0.204859 0.199835 0.210833 0.208945 0.200743 0.200680 0.217363 0.217363 0.201703 0.210341 0.210128 0.207789 0.208945 0.210290 0.213771 0.207532 0.208945 0.210399 0.209205 0.211795 0.209185 0.199786 0.210290 0.210391 0.207637 0.207637 0.208554 0.201207 0.211796 0.209782 0.206338 0.212753 0.106836 0.106836 0.106836 0.106836 0.106836 0.106836 0.106836 0.106836 0.106836 0.106836 0.106836 0.106836 0.106836 0.106836 0.106836 0.106836 0.211159 0.201677 0.202520 0.106836 0.106836 0.213825 0.106836 0.106836 0.213707 0.106836 0.106836
0.106836 0.210948 0.213660 0.210485 0.210485 0.211559 0.208945 0.208658 0.211956 0.210692 0.217114 0.215001 0.208945 0.202909 0.201380 0.209185 0.210280 0.204550 0.205746 0.205746 0.210973 0.213180 0.203265 0.206335 0.200411 0.201451 0.203150 0.201699 0.210566 0.211956 0.200411 0.200411 0.208204 0.203232 0.213258 0.106836 0.106836 0.106836 0.106836 0.106836 0.106836 0.106836 0.106836 0.212477 0.106836 0.106836 0.106836 0.106836 0.106836 0.106836 0.106836 0.106836 0.199166 0.106836 0.106836 0.106836 0.106836 0.213825 0.106836 0.106836 0.106836 0.106836 0.106836
0.114848 0.209657 0.211598 0.201699 0.208235 0.212578 0.213764 0.207581 0.199978 0.205244 0.200743 0.201082 0.205803 0.211956 0.208945 0.210948 0.209185 0.213779 0.203143 0.161589 0.213604 0.217574 0.209329 0.209329 0.208265 0.210992 0.138886 0.205513 0.209185 0.200854 0.210557 0.204406 0.209185 0.200286 0.210723 0.210889 0.106836 0.106836 0.106836 0.106836 0.106836 0.106836 0.106836 0.212477 0.106836 0.106836 0.106836 0.106836 0.106836 0.213391 0.106836 0.212997 0.106836 0.106836 0.106836 0.213825 0.106836 0.106836 0.213728 0.106836 0.106836 0.106836 0.106836
0.206311 0.209900 0.209185 0.205510 0.201499 0.201451 0.210566 0.205746 0.210731 0.211676 0.202077 0.200743 0.201822 0.211159 0.211956 0.210948 0.210219 0.211535 0.211008 0.210135 0.210135 0.202828 0.209205 0.208279 0.209185 0.201193 0.210135 0.207512 0.213822 0.200854 0.106836 0.210834 0.210566 0.202518 0.208217 0.106836 0.106836 0.106836 0.106836 0.106836 0.106836 0.106836 0.106836 0.106836 0.106836 0.106836 0.106836 0.212687 0.106836 0.211921 0.106836 0.216202 0.106836 0.213779 0.206122 0.106836 0.106836 0.106836 0.106836 0.106836 0.106836 0.208511 0.106836
0.211105 0.209900 0.209974 0.200012 0.207843 0.212502 0.209606 0.210290 0.210290 0.200743 0.207987 0.208554 0.201009 0.201420 0.200959 0.200743 0.210889 0.207449 0.106836 0.207880 0.209105 0.209974 0.208217 0.212355 0.211543 0.209860 0.212404 0.213573 0.212817 0.210723 0.199166 0.180285 0.170937 0.106836 0.106836 0.106836 0.106836 0.106836 0.106836 0.106836 0.106836 0.106836 0.106836 0.106836 0.106836 0.106836 0.106836 0.106836 0.212687 0.145564 0.202545 0.202484 0.213707 0.202492 0.106836 0.213728 0.106836 0.106836 0.106836 0.106836 0.106836 0.208511 0.195261
0.210341 0.209185 0.202507 0.209890 0.210615 0.213616 0.201677 0.205108 0.204114 0.200268 0.203643 0.205746 0.209782 0.209185 0.210135 0.209185 0.201677 0.208032 0.209185 0.213408 0.211543 0.211543 0.212753 0.210655 0.211209 0.210258 0.207097 0.213258 0.213258 0.210135 0.209185 0.211105 0.188298 0.106836 0.207822 0.106836 0.106836 0.106836 0.106836 0.106836 0.106836 0.106836 0.106836 0.106836 0.212687 0.120190 0.210894 0.106836 0.211161 0.106836 0.106836 0.106836 0.106836 0.213728 0.106836 0.106836 0.213825 0.106836 0.106836 0.106836 0.106836 0.106836 0.204726
0.211105 0.208352 0.200701 0.209185 0.211543 0.208032 0.153576 0.208898 0.202134 0.177614 0.211007 0.209185 0.211543 0.206100 0.211543 0.209782 0.213075 0.211022 0.204124 0.213408 0.211690 0.213304 0.211105 0.203643 0.203087 0.210566 0.206019 0.201115 0.201423 0.208777 0.203929 0.219857 0.209860 0.106836 0.207092 0.211007 0.106836 0.208360 0.106836 0.106836 0.106836 0.195261 0.106836 0.106836 0.106836 0.211921 0.212687 0.212687 0.148234 0.106836 0.208599 0.106836 0.106836 0.106836 0.106836 0.106836 0.106836 0.106836 0.106836 0.106836 0.106836 0.106836 0.210604
0.201945 0.210723 0.106836 0.210678 0.207892 0.208032 0.207712 0.210399 0.217450 0.209185 0.211543 0.211543 0.211543 0.207092 0.208208 0.208052 0.208573 0.203143 0.201798 0.201516 0.210833 0.210566 0.201703 0.205379 0.203986 0.210128 0.206568 0.209020 0.213604 0.213408 0.211956 0.209185 0.210871 0.210135 0.209185 0.209782 0.209346 0.210184 0.106836 0.106836 0.106836 0.158918 0.180285 0.202151 0.210694 0.208139 0.210975 0.106836 0.106836 0.106836 0.106836 0.106836 0.213829 0.106836 0.106836 0.212817 0.106836 0.106836 0.106836 0.212817 0.106836 0.195261 0.201009
0.213764 0.207696 0.202077 0.202134 0.211038 0.211038 0.209443 0.210219 0.205513 0.202520 0.210128 0.207712 0.200411 0.211956 0.212817 0.213694 0.205108 0.209185 0.213633 0.203047 0.203512 0.202663 0.218564 0.201703 0.203259 0.209347 0.210833 0.213779 0.201234 0.212434 0.211057 0.213644 0.213644 0.211956 0.211764 0.211504 0.207733 0.208456 0.213523 0.208361 0.207512 0.211268 0.132209 0.203548 0.210694 0.200902 0.210913 0.209728 0.106836 0.204156 0.212619 0.106836 0.106836 0.106836 0.106836 0.133544 0.202526 0.106836 0.106836 0.106836 0.106836 0.106836 0.106836
0.203426 0.199342 0.214098 0.210849 0.210922 0.218850 0.213684 0.209658 0.209185 0.203599 0.209977 0.216047 0.210894 0.201310 0.204114 0.213694 0.201310 0.213955 0.208133 0.199995 0.203080 0.203537 0.202492 0.201703 0.202366 0.203488 0.202971 0.211309 0.208352 0.209185 0.213322 0.113513 0.211543 0.162924 0.211612 0.210723 0.208801 0.208456 0.219319 0.213827 0.188298 0.211309 0.211543 0.201119 0.210637 0.211767 0.210532 0.213447 0.203047 0.208204 0.191551 0.106836 0.106836 0.206515 0.106836 0.106836 0.106836 0.203112 0.110842 0.106836 0.106836 0.106836 0.208376
0.210832 0.204453 0.203426 0.203965 0.210485 0.211767 0.212477 0.203292 0.210391 0.203599 0.209917 0.213644 0.210767 0.203080 0.210833 0.205746 0.201310 0.205511 0.207625 0.203589 0.208544 0.211367 0.216929 0.213391 0.204649 0.201703 0.202904 0.209185 0.210176 0.210135 0.120190 0.210876 0.213616 0.201677 0.211598 0.205349 0.211612 0.209853 0.210886 0.172272 0.211653 0.213391 0.213506 0.210566 0.210566 0.211652 0.210454 0.213431 0.106836 0.209853 0.201061 0.205635 0.205389 0.106836 0.210604 0.106836 0.206311 0.106836 0.106836 0.106836 0.106836 0.106836 0.216947
0.203426 0.203500 0.203426 0.216875 0.212687 0.210620 0.200946 0.201029 0.212434 0.212434 0.204406 0.213586 0.207741 0.201462 0.203012 0.203650 0.201179 0.205302 0.210113 0.203520 0.204971 0.201420 0.217649 0.200144 0.201693 0.201694 0.203643 0.196423 0.207226 0.210968 0.209860 0.213447 0.197549 0.205262 0.213128 0.212619 0.212619 0.200860 0.209185 0.210566 0.210082 0.210048 0.211159 0.203551 0.203150 0.208513 0.203589 0.210876 0.106836 0.206797 0.106836 0.209566 0.206797 0.106836 0.156247 0.106836 0.106836 0.106836 0.106836 0.106836 0.106836 0.106836 0.216947
0.203426 0.203426 0.211383 0.206989 0.203557 0.202134 0.210894 0.211799 0.210655 0.209728 0.201402 0.206984 0.219590 0.203512 0.203643 0.207180 0.203579 0.204911 0.207704 0.211335 0.202612 0.214890 0.206793 0.200860 0.203647 0.201693 0.209185 0.196423 0.199687 0.199687 0.210454 0.213258 0.209782 0.207960 0.206096 0.211767 0.202193 0.208032 0.211543 0.209185 0.208658 0.210048 0.195847 0.203537 0.200762 0.207344 0.201615 0.203607 0.196991 0.207712 0.149570 0.208061 0.106836 0.209346 0.153576 0.116184 0.195847 0.106836 0.106836 0.106836 0.106836 0.106836 0.106836
