Example_Watersheds/WA_MashelWatershed/DataInputs/o_3_ChemistryPools/Mashel_1990_Pools/DON_Pool_1.asc
ncols         923
nrows         455
xllcorner     550005.67551598
yllcorner     5180549.8134422
cellsize      30
NODATA_value  -9999
[rows 252 to 279 of 455, columns 63 to 125 of 923]
0.848038 0.848038 0.868957 0.840275 0.448194 0.897009 0.831449 0.851079 0.448194 0.453797 0.857637 0.870058 0.813322 0.813322 0.813322 0.839866 0.905111 0.887541 0.883454 0.857623 0.828971 0.874944 0.877695 0.847406 0.860955 0.846894 0.855505 0.878893 0.877943 0.877943 0.905915 0.901052 0.902902 0.856588 0.869414 0.857168 0.858734 0.448194 0.856996 0.876638 0.844376 0.843762 0.847560 0.836101 0.861490 0.841894 0.874784 0.845265 0.838623 0.448194 0.521026 0.834435 0.689099 0.448194 0.448194 0.448194 0.448194 0.886947 0.448194 0.448194 0.448194 0.448194 0.448194
0.876785 0.532231 0.448194 0.448194 0.838988 0.891093 0.836506 0.448194 0.885475 0.844411 0.848102 0.847406 0.841894 0.813322 0.881738 0.878408 0.900240 0.840768 0.889901 0.849777 0.846559 0.846559 0.845150 0.848080 0.857006 0.888886 0.869375 0.867936 0.886275 0.866972 0.858946 0.855652 0.837983 0.886461 0.813322 0.813322 0.861556 0.871017 0.856631 0.897492 0.857069 0.903525 0.888702 0.837850 0.848411 0.717111 0.882478 0.861982 0.448194 0.448194 0.481809 0.448194 0.448194 0.448194 0.448194 0.448194 0.448194 0.448194 0.448194 0.448194 0.448194 0.448194 0.448194
0.876785 0.554641 0.448194 0.448194 0.878850 0.448194 0.448194 0.448194 0.831194 0.873873 0.825237 0.837983 0.841894 0.841894 0.868056 0.859983 0.884722 0.858831 0.791320 0.862218 0.900240 0.860046 0.857947 0.887924 0.862022 0.855211 0.886029 0.813947 0.882852 0.868195 0.831922 0.865798 0.844260 0.836937 0.858629 0.837274 0.813322 0.899990 0.448194 0.448194 0.833932 0.833932 0.838957 0.448194 0.858173 0.877227 0.843079 0.857757 0.448194 0.871050 0.453797 0.448194 0.448194 0.448194 0.448194 0.448194 0.448194 0.448194 0.448194 0.448194 0.448194 0.448194 0.892820
0.543436 0.448194 0.448194 0.834068 0.883781 0.448194 0.448194 0.448194 0.837983 0.873873 0.831922 0.830303 0.840115 0.831243 0.900240 0.878555 0.796015 0.791320 0.816937 0.791320 0.844154 0.862218 0.860536 0.813322 0.813322 0.899135 0.813322 0.840816 0.791320 0.835444 0.825447 0.856973 0.840115 0.840115 0.896504 0.844619 0.813322 0.813322 0.900349 0.448194 0.448194 0.448194 0.848099 0.448194 0.448194 0.448194 0.843079 0.448194 0.893566 0.448194 0.448194 0.448194 0.448194 0.627472 0.784340 0.616267 0.862043 0.761930 0.448194 0.448194 0.871702 0.863831 0.498616
0.860955 0.880979 0.448194 0.842092 0.868646 0.841894 0.897748 0.829259 0.849394 0.867455 0.834060 0.448194 0.448194 0.824210 0.862218 0.448194 0.796015 0.845143 0.890699 0.871120 0.838267 0.813322 0.877477 0.867491 0.874306 0.874306 0.883292 0.863132 0.834692 0.833195 0.884910 0.840868 0.857006 0.867517 0.852767 0.866733 0.841894 0.813322 0.448194 0.448194 0.448194 0.448194 0.448194 0.877943 0.448194 0.448194 0.448194 0.448194 0.448194 0.448194 0.448194 0.859903 0.459399 0.459399 0.850446 0.448194 0.882144 0.448194 0.448194 0.448194 0.448194 0.498616 0.448194
0.834160 0.890234 0.878555 0.844277 0.868646 0.904568 0.831410 0.856322 0.890550 0.896897 0.847049 0.448194 0.448194 0.448194 0.871370 0.885273 0.838623 0.868602 0.868602 0.832405 0.871145 0.814625 0.844154 0.896971 0.857168 0.888670 0.836101 0.836101 0.884910 0.448194 0.892110 0.892820 0.814571 0.881942 0.830280 0.830280 0.840868 0.813322 0.898593 0.899990 0.834590 0.829259 0.876584 0.863403 0.842817 0.842817 0.856676 0.886707 0.448194 0.565845 0.448194 0.448194 0.862123 0.859489 0.862246 0.571448 0.448194 0.448194 0.448194 0.892608 0.448194 0.869896 0.886301
0.867729 0.856400 0.823317 0.823317 0.870442 0.849777 0.840768 0.840115 0.836101 0.448194 0.448194 0.448194 0.868646 0.836101 0.875226 0.873809 0.838888 0.836148 0.836101 0.871754 0.833258 0.836270 0.878019 0.860735 0.834042 0.844817 0.838888 0.885912 0.859037 0.839975 0.888670 0.838904 0.677894 0.448194 0.838102 0.830280 0.816937 0.813322 0.813322 0.813322 0.813322 0.813322 0.859810 0.844743 0.854845 0.813322 0.831449 0.880258 0.448194 0.881302 0.448194 0.448194 0.448194 0.448194 0.448194 0.885183 0.750726 0.470604 0.448194 0.870896 0.842790 0.830999 0.887182
0.854699 0.900240 0.900240 0.898799 0.833258 0.882187 0.858339 0.867455 0.828425 0.868243 0.865852 0.897478 0.855092 0.836270 0.813322 0.839180 0.841894 0.864968 0.836270 0.894065 0.898593 0.837315 0.845423 0.846037 0.893701 0.878019 0.843726 0.855041 0.855092 0.839975 0.871754 0.837274 0.868646 0.859037 0.843631 0.881195 0.838918 0.832112 0.868646 0.813322 0.868693 0.868646 0.873111 0.842321 0.872589 0.842281 0.858392 0.842368 0.870106 0.448194 0.448194 0.448194 0.448194 0.448194 0.448194 0.448194 0.448194 0.448194 0.875941 0.448194 0.898213 0.855960 0.879160
0.873306 0.868646 0.872845 0.844154 0.791320 0.853529 0.853331 0.811718 0.828425 0.835763 0.837274 0.813322 0.856040 0.867986 0.855092 0.839180 0.848239 0.871783 0.864655 0.860317 0.830842 0.866405 0.866405 0.865531 0.898260 0.886212 0.864547 0.884909 0.893510 0.821818 0.833906 0.891963 0.865746 0.877082 0.838888 0.836101 0.448194 0.448194 0.448194 0.861471 0.813322 0.868646 0.837274 0.871228 0.826594 0.844154 0.813575 0.869980 0.448194 0.448194 0.448194 0.448194 0.448194 0.448194 0.448194 0.854068 0.872287 0.847354 0.863283 0.882838 0.861589 0.855960 0.873154
0.874306 0.868646 0.869630 0.894065 0.813322 0.844824 0.836101 0.813322 0.876231 0.837983 0.837983 0.867660 0.814347 0.848239 0.848239 0.873111 0.831406 0.884073 0.884073 0.877389 0.840898 0.849727 0.861145 0.814916 0.860609 0.861678 0.846559 0.880085 0.884909 0.893150 0.876827 0.875719 0.891500 0.871754 0.836270 0.836101 0.876317 0.448194 0.448194 0.448194 0.833258 0.855964 0.855964 0.840868 0.838888 0.855964 0.858621 0.870234 0.869375 0.881382 0.448194 0.448194 0.448194 0.448194 0.448194 0.846093 0.851737 0.866728 0.868754 0.843004 0.873111 0.873154 0.859688
0.851124 0.867436 0.878501 0.851876 0.832548 0.892514 0.844154 0.844154 0.903525 0.876785 0.840768 0.840768 0.897707 0.867282 0.872744 0.846824 0.858802 0.831459 0.832112 0.852316 0.905380 0.848038 0.897320 0.868754 0.854786 0.871129 0.839243 0.836317 0.868754 0.859370 0.837791 0.850446 0.889506 0.871754 0.832112 0.829507 0.838888 0.825614 0.871363 0.448194 0.877227 0.813322 0.840868 0.890996 0.840871 0.838888 0.858621 0.836985 0.813322 0.883594 0.887487 0.830842 0.861829 0.870358 0.858170 0.893632 0.838170 0.866728 0.838170 0.841805 0.862682 0.856040 0.861683
0.844154 0.871650 0.884311 0.837983 0.867517 0.845090 0.837983 0.837983 0.845090 0.845150 0.860735 0.891044 0.897707 0.862182 0.833906 0.851794 0.850446 0.889506 0.885663 0.852316 0.889558 0.880085 0.905111 0.870219 0.857069 0.836047 0.836047 0.857069 0.851906 0.858957 0.861010 0.860317 0.838969 0.833906 0.840503 0.829860 0.856135 0.856323 0.813322 0.878309 0.866150 0.868693 0.837983 0.883151 0.855508 0.865746 0.813322 0.837733 0.853593 0.811115 0.829259 0.893008 0.877246 0.866501 0.866501 0.838170 0.866728 0.838170 0.838170 0.856698 0.856698 0.862682 0.846544
0.813322 0.844403 0.845090 0.881250 0.840768 0.845090 0.837936 0.833781 0.830722 0.833800 0.860735 0.860735 0.833906 0.831386 0.831386 0.852316 0.869952 0.848117 0.838316 0.838316 0.888181 0.846559 0.846580 0.861145 0.893150 0.854062 0.871290 0.865798 0.879204 0.905111 0.856302 0.901647 0.862182 0.840503 0.857903 0.864608 0.857993 0.841894 0.900871 0.864871 0.836630 0.860955 0.893213 0.876257 0.448194 0.448194 0.448194 0.877683 0.837195 0.863283 0.864828 0.847073 0.864036 0.879311 0.898703 0.838170 0.895755 0.858361 0.838170 0.860259 0.858655 0.862682 0.857886
0.828930 0.850035 0.448194 0.877128 0.861635 0.850035 0.846559 0.840503 0.841165 0.886707 0.884461 0.884461 0.869418 0.886232 0.905380 0.866849 0.880942 0.838159 0.872744 0.850446 0.851400 0.860076 0.884158 0.867782 0.884909 0.861145 0.882752 0.834942 0.849967 0.840378 0.838503 0.846740 0.901647 0.899433 0.862182 0.866625 0.856010 0.841894 0.813322 0.846679 0.843236 0.857769 0.877312 0.860465 0.448194 0.448194 0.870580 0.831449 0.864178 0.857130 0.850819 0.882581 0.847488 0.867714 0.838170 0.858214 0.870366 0.864252 0.845248 0.833477 0.841805 0.887901 0.859688
0.894064 0.818372 0.448194 0.448194 0.877754 0.830842 0.893537 0.901594 0.901647 0.843004 0.884461 0.842687 0.892336 0.839243 0.871129 0.877574 0.880942 0.899642 0.844017 0.880942 0.840503 0.858504 0.840503 0.867782 0.872887 0.880085 0.900796 0.901647 0.448194 0.900822 0.838503 0.884909 0.871290 0.835866 0.901594 0.868754 0.868624 0.829194 0.903432 0.900268 0.874951 0.904294 0.844144 0.448194 0.448194 0.839381 0.880706 0.812684 0.853529 0.856841 0.877384 0.825835 0.883228 0.895665 0.833371 0.862682 0.875563 0.862682 0.862682 0.862389 0.858633 0.838838 0.828382
0.875502 0.844665 0.834564 0.448194 0.857910 0.877785 0.863817 0.840503 0.834564 0.843004 0.872516 0.865040 0.854143 0.888181 0.832112 0.835866 0.835866 0.832112 0.904093 0.884909 0.848248 0.871129 0.884909 0.884909 0.871129 0.880085 0.877389 0.871129 0.867782 0.896922 0.865331 0.884909 0.868754 0.832410 0.873873 0.864776 0.898838 0.813322 0.836101 0.879663 0.841894 0.813322 0.867824 0.870310 0.883911 0.858846 0.868695 0.888670 0.448194 0.867492 0.871859 0.871859 0.876585 0.866972 0.826693 0.893008 0.862682 0.862682 0.887284 0.861991 0.835475 0.820037 0.828382
0.856973 0.870572 0.885397 0.448194 0.448194 0.862978 0.875486 0.854062 0.895958 0.833906 0.864230 0.831517 0.845245 0.849253 0.833906 0.833906 0.858846 0.894603 0.858504 0.879038 0.846980 0.901647 0.880085 0.871290 0.871129 0.871129 0.860076 0.896897 0.886707 0.836047 0.812289 0.884909 0.899952 0.861635 0.857523 0.860735 0.812085 0.813322 0.874951 0.888702 0.813322 0.813322 0.846256 0.846256 0.860955 0.867986 0.833622 0.836101 0.899990 0.448194 0.843373 0.870593 0.895240 0.868353 0.869885 0.812922 0.868377 0.845423 0.888495 0.842428 0.848255 0.868056 0.857842
0.833906 0.862317 0.465002 0.884542 0.882004 0.856996 0.854062 0.854062 0.854062 0.849394 0.846273 0.838318 0.843668 0.871129 0.901144 0.905380 0.877389 0.829542 0.861410 0.875486 0.846980 0.893150 0.884909 0.871129 0.884909 0.859983 0.900796 0.896897 0.898030 0.833982 0.904568 0.849253 0.851906 0.862978 0.857523 0.832858 0.835317 0.848563 0.840441 0.855092 0.476207 0.836101 0.855964 0.813322 0.448194 0.847331 0.867379 0.836101 0.837195 0.861248 0.855990 0.841647 0.835270 0.868243 0.835002 0.832026 0.866376 0.862682 0.827004 0.833379 0.871544 0.813540 0.804940
0.863762 0.834066 0.888351 0.633075 0.875680 0.840503 0.847979 0.848205 0.871298 0.903012 0.904294 0.891424 0.831243 0.871129 0.858504 0.872887 0.890611 0.892561 0.857910 0.832629 0.840503 0.830468 0.884909 0.875486 0.884909 0.840115 0.871129 0.871129 0.858212 0.838174 0.892139 0.850897 0.861145 0.833977 0.832548 0.878234 0.853593 0.877808 0.849283 0.834042 0.854429 0.893733 0.833258 0.868646 0.899433 0.862039 0.836101 0.866007 0.867379 0.842770 0.843631 0.888979 0.856931 0.851338 0.879937 0.879937 0.885273 0.840768 0.876588 0.887901 0.861683 0.862682 0.853930
0.875486 0.872516 0.892561 0.885882 0.879121 0.877603 0.884910 0.882161 0.840388 0.891093 0.860260 0.903187 0.897492 0.867782 0.871129 0.894603 0.837670 0.840768 0.836853 0.846629 0.846629 0.857447 0.838159 0.852316 0.838916 0.836047 0.868754 0.832112 0.448194 0.889142 0.880397 0.900319 0.833906 0.859806 0.857910 0.878234 0.866625 0.856010 0.838780 0.805458 0.838918 0.840073 0.833258 0.854570 0.871145 0.862039 0.874030 0.874030 0.868243 0.877384 0.842092 0.889625 0.888979 0.900114 0.899405 0.860830 0.892627 0.879616 0.901029 0.859887 0.856795 0.875793 0.857309
0.856996 0.901029 0.878234 0.871643 0.844992 0.885183 0.818372 0.885475 0.861010 0.898593 0.884461 0.874030 0.874030 0.836047 0.898874 0.833428 0.829542 0.836819 0.838918 0.866427 0.891903 0.893150 0.830999 0.830468 0.838916 0.876323 0.885325 0.448194 0.873386 0.867517 0.892815 0.900319 0.835866 0.837791 0.904294 0.830859 0.875108 0.834141 0.838780 0.898593 0.887189 0.862464 0.865559 0.876966 0.855964 0.866168 0.876966 0.831407 0.840441 0.864828 0.850045 0.857077 0.861589 0.864144 0.883686 0.892627 0.870292 0.844321 0.902902 0.876588 0.817263 0.849913 0.882581
0.838246 0.852827 0.894892 0.871643 0.871643 0.882681 0.841165 0.857910 0.863461 0.856996 0.884461 0.834066 0.874872 0.871129 0.839615 0.870425 0.858802 0.836819 0.862437 0.840768 0.871363 0.877389 0.830468 0.854062 0.896393 0.878690 0.859591 0.882988 0.847485 0.847806 0.871671 0.862182 0.840503 0.833906 0.832548 0.879363 0.850714 0.830947 0.854784 0.871783 0.855628 0.803934 0.859611 0.876966 0.836270 0.838888 0.831640 0.853947 0.828382 0.864252 0.895430 0.869022 0.843112 0.888623 0.815891 0.885882 0.841477 0.831076 0.872786 0.872786 0.905697 0.859037 0.918945
0.869885 0.863762 0.901285 0.862437 0.818372 0.862985 0.848210 0.861490 0.849200 0.846629 0.905380 0.887854 0.863283 0.880085 0.865798 0.882106 0.860854 0.865040 0.883454 0.874898 0.882269 0.879204 0.859175 0.842790 0.842790 0.875502 0.860076 0.851079 0.859536 0.882664 0.894892 0.900560 0.901647 0.846273 0.860854 0.900440 0.847408 0.821818 0.871671 0.874470 0.838400 0.839243 0.868328 0.858831 0.860898 0.825236 0.860898 0.858896 0.864822 0.864252 0.877384 0.847828 0.847828 0.901814 0.892869 0.857791 0.875608 0.833238 0.846679 0.866453 0.842996 0.847796 0.868686
0.851794 0.889897 0.880971 0.902346 0.845150 0.875502 0.829994 0.898396 0.871363 0.848172 0.881760 0.891602 0.895180 0.890571 0.844144 0.832436 0.832436 0.830349 0.848496 0.448194 0.655484 0.818372 0.880184 0.865527 0.846894 0.904568 0.835866 0.891572 0.859536 0.902468 0.825800 0.838572 0.901647 0.846273 0.860933 0.900440 0.861585 0.821149 0.869737 0.689099 0.880299 0.835908 0.868328 0.898065 0.898065 0.898270 0.869414 0.876966 0.860041 0.864252 0.875563 0.842321 0.841641 0.879561 0.892869 0.848610 0.881250 0.834014 0.847360 0.885273 0.883361 0.806332 0.860738
0.869681 0.866500 0.858268 0.836853 0.465002 0.859370 0.887487 0.859175 0.859175 0.860076 0.902673 0.745123 0.829256 0.838987 0.885969 0.871050 0.840023 0.847979 0.840610 0.543436 0.884424 0.818372 0.877603 0.859370 0.857447 0.859384 0.884909 0.830468 0.835866 0.840503 0.880942 0.842291 0.890199 0.859370 0.841096 0.859265 0.872396 0.860991 0.857246 0.448194 0.448194 0.861490 0.868243 0.855628 0.834106 0.898908 0.838888 0.821631 0.859472 0.864828 0.857047 0.821818 0.856973 0.884222 0.878690 0.892987 0.830089 0.831076 0.846679 0.846847 0.839152 0.819525 0.818454
0.869681 0.843112 0.861589 0.833906 0.838918 0.818372 0.853886 0.857898 0.874525 0.884461 0.873749 0.882144 0.882004 0.887691 0.864871 0.846559 0.852316 0.847979 0.872232 0.448194 0.818372 0.831155 0.866223 0.852234 0.880942 0.861010 0.877389 0.884909 0.884909 0.840503 0.832112 0.833906 0.851906 0.854784 0.885969 0.839488 0.856040 0.866376 0.877754 0.448194 0.733918 0.885273 0.900240 0.855092 0.843582 0.838888 0.821631 0.862217 0.859688 0.857246 0.850045 0.821818 0.857910 0.884222 0.883062 0.844321 0.844321 0.834170 0.892933 0.837791 0.870292 0.844047 0.797397
0.895395 0.898235 0.830200 0.833906 0.832465 0.892682 0.838947 0.847903 0.836811 0.883361 0.885551 0.880085 0.865196 0.846669 0.875493 0.901981 0.846273 0.888181 0.838318 0.880932 0.884424 0.884424 0.448194 0.834643 0.888351 0.901981 0.840503 0.833906 0.835866 0.901647 0.893150 0.830370 0.851906 0.795835 0.856704 0.850919 0.448194 0.498616 0.448194 0.448194 0.448194 0.902625 0.813322 0.836270 0.838888 0.854357 0.821631 0.825298 0.825298 0.873477 0.830947 0.864970 0.861373 0.859489 0.848808 0.881085 0.844321 0.884656 0.860692 0.893316 0.870821 0.861588 0.838722
0.852113 0.895430 0.831386 0.833906 0.549038 0.830842 0.841583 0.890550 0.880917 0.655484 0.849442 0.838987 0.840898 0.840898 0.868754 0.895806 0.836910 0.884909 0.833906 0.836047 0.860854 0.860981 0.448194 0.829752 0.899168 0.901981 0.861145 0.868754 0.835866 0.859536 0.872516 0.835317 0.859843 0.846355 0.836198 0.864684 0.838214 0.448194 0.866796 0.448194 0.448194 0.448194 0.890278 0.843869 0.838888 0.838888 0.838888 0.819306 0.831426 0.876231 0.830947 0.821818 0.876087 0.857246 0.852270 0.846347 0.831076 0.877607 0.838623 0.871129 0.838246 0.873915 0.815065
