Example_Watersheds/WA_MashelWatershed/DataInputs/o_3_ChemistryPools/Mashel_1990_Pools/DON_Pool_2.asc
ncols         923
nrows         455
xllcorner     550005.67551598
yllcorner     5180549.8134422
cellsize      30
NODATA_value  -9999
[rows 140 to 167 of 455, columns 441 to 503 of 923]
0.106836 0.106836 0.106836 0.106836 0.156247 0.208092 0.200268 0.202466 0.201289 0.209951 0.218494 0.213728 0.203564 0.201688 0.205608 0.205056 0.203143 0.211167 0.201688 0.200565 0.203665 0.201688 0.201913 0.206397 0.201186 0.203337 0.208512 0.211414 0.213820 0.205772 0.200268 0.210876 0.205266 0.211453 0.200176 0.211159 0.209988 0.208164 0.256431 0.205858 0.207322 0.211737 0.215112 0.206648 0.211796 0.202520 0.200491 0.216122 0.209393 0.126867 0.199995 0.201660 0.201646 0.212089 0.210290 0.210530 0.216123 0.204268 0.207426 0.208329 0.203317 0.201671 0.213792
0.106836 0.106836 0.106836 0.106836 0.106836 0.199995 0.203589 0.202466 0.201688 0.203607 0.211092 0.212242 0.206475 0.201693 0.201693 0.203564 0.207038 0.208329 0.218280 0.212328 0.210833 0.212578 0.201688 0.201626 0.201082 0.203665 0.201688 0.205116 0.212039 0.201603 0.203406 0.210341 0.211018 0.206475 0.203652 0.204406 0.219980 0.205951 0.197896 0.201888 0.197914 0.202583 0.202583 0.214391 0.214080 0.211955 0.206064 0.200824 0.210237 0.209798 0.211104 0.129538 0.218960 0.210219 0.208862 0.203534 0.207620 0.211737 0.212089 0.200565 0.203317 0.205166 0.212779
0.106836 0.106836 0.106836 0.106836 0.106836 0.106836 0.216436 0.216436 0.210339 0.201688 0.203358 0.200964 0.203534 0.200268 0.208534 0.207700 0.213636 0.209186 0.203317 0.205582 0.201322 0.201443 0.213633 0.203665 0.203665 0.203665 0.203317 0.217883 0.219857 0.208260 0.193127 0.203966 0.213707 0.208192 0.208192 0.212147 0.205605 0.208420 0.198922 0.213895 0.204582 0.197914 0.198978 0.210792 0.207733 0.210678 0.206064 0.202541 0.202026 0.216178 0.210048 0.207875 0.204807 0.210219 0.203317 0.213180 0.203654 0.202514 0.203143 0.203209 0.203358 0.203665 0.203665
0.106836 0.106836 0.106836 0.136215 0.106836 0.106836 0.136215 0.202035 0.201637 0.201688 0.203534 0.203597 0.209951 0.201234 0.203534 0.211851 0.207807 0.202591 0.203427 0.198975 0.201462 0.203647 0.206837 0.203631 0.204692 0.203665 0.213754 0.209470 0.201738 0.204255 0.218753 0.204945 0.194762 0.203406 0.136215 0.210439 0.206968 0.212147 0.203131 0.203942 0.198373 0.203782 0.201477 0.256431 0.213779 0.200383 0.201234 0.208147 0.208380 0.208513 0.204031 0.206637 0.202457 0.209627 0.200176 0.209264 0.201388 0.209557 0.213209 0.213366 0.201186 0.203410 0.201671
0.106836 0.106836 0.106836 0.106836 0.106836 0.106836 0.106836 0.106836 0.212123 0.201688 0.201897 0.203597 0.201591 0.209951 0.201322 0.214204 0.201688 0.207803 0.203427 0.211851 0.201322 0.213470 0.210530 0.201688 0.203317 0.203665 0.203665 0.209627 0.217574 0.208954 0.214326 0.212171 0.201702 0.204764 0.106836 0.201061 0.213779 0.200762 0.203579 0.201095 0.201516 0.256431 0.202793 0.200636 0.204406 0.210357 0.210357 0.200800 0.129538 0.201483 0.202013 0.202475 0.199943 0.208352 0.204755 0.200268 0.204807 0.213554 0.210287 0.211270 0.200711 0.203618 0.210670
0.106836 0.144228 0.106836 0.106836 0.106836 0.195847 0.106836 0.106836 0.203637 0.200268 0.210833 0.210833 0.201698 0.203209 0.199835 0.199835 0.211653 0.201688 0.218074 0.208582 0.201688 0.203238 0.200268 0.213716 0.206613 0.203209 0.200964 0.211092 0.201106 0.203642 0.214326 0.213567 0.219439 0.213518 0.203317 0.200750 0.201121 0.203180 0.211167 0.211167 0.201688 0.212837 0.208437 0.221084 0.199892 0.218196 0.207767 0.136215 0.207943 0.202541 0.202013 0.203653 0.213829 0.211559 0.202457 0.209108 0.201186 0.213554 0.208260 0.200192 0.201121 0.201573 0.212209
0.106836 0.154912 0.106836 0.106836 0.106836 0.106836 0.136215 0.203528 0.204114 0.214720 0.201688 0.201688 0.201698 0.203597 0.200012 0.203534 0.202151 0.201637 0.218189 0.201702 0.206881 0.202663 0.218795 0.206925 0.208582 0.199872 0.205792 0.200836 0.199995 0.203642 0.219623 0.219623 0.211829 0.218992 0.208229 0.211161 0.205653 0.203625 0.212283 0.209951 0.201693 0.210655 0.211152 0.202262 0.202545 0.207344 0.206515 0.210975 0.208057 0.207658 0.205699 0.201688 0.213827 0.205266 0.203651 0.199995 0.114848 0.208279 0.201573 0.218140 0.201856 0.209282 0.216417
0.208101 0.106836 0.106836 0.117519 0.106836 0.106836 0.106836 0.205856 0.204114 0.210886 0.203665 0.208564 0.201688 0.210219 0.203209 0.203534 0.106836 0.212171 0.210896 0.213829 0.203673 0.209339 0.218795 0.203180 0.209734 0.207092 0.201702 0.202437 0.200613 0.214517 0.202487 0.208573 0.206287 0.213783 0.203013 0.201683 0.203427 0.206049 0.214119 0.203180 0.200192 0.208777 0.207305 0.201030 0.212041 0.106836 0.106836 0.201563 0.213447 0.200782 0.201483 0.208357 0.203756 0.214395 0.208450 0.211156 0.216973 0.202865 0.219351 0.211504 0.213781 0.212884 0.219795
0.207305 0.106836 0.203528 0.106836 0.106836 0.106836 0.106836 0.106836 0.210311 0.137551 0.106836 0.209951 0.109506 0.201688 0.211032 0.211032 0.106836 0.106836 0.208217 0.207384 0.201688 0.201151 0.218624 0.218580 0.211156 0.200565 0.203337 0.211090 0.219613 0.213348 0.214326 0.219158 0.201049 0.212404 0.207916 0.215717 0.202453 0.219698 0.213980 0.210833 0.211167 0.209951 0.212502 0.212502 0.215121 0.208139 0.211869 0.106836 0.106836 0.106836 0.208777 0.201532 0.200632 0.201688 0.208450 0.203579 0.202324 0.210485 0.207052 0.203579 0.203771 0.212884 0.210113
0.106836 0.106836 0.106836 0.106836 0.106836 0.106836 0.106836 0.106836 0.106836 0.117519 0.144228 0.106836 0.106836 0.213616 0.142893 0.106836 0.106836 0.106836 0.202151 0.210833 0.218624 0.212283 0.219858 0.211032 0.216451 0.212549 0.203180 0.211703 0.210566 0.202540 0.201577 0.216565 0.205715 0.212404 0.203406 0.203406 0.202531 0.207052 0.205648 0.201646 0.201443 0.203388 0.208573 0.210692 0.213827 0.210896 0.208233 0.211869 0.211575 0.106836 0.201698 0.211152 0.219223 0.212157 0.203460 0.206568 0.213784 0.218128 0.210567 0.209734 0.211737 0.218707 0.206327
0.114848 0.106836 0.136215 0.106836 0.106836 0.106836 0.106836 0.106836 0.106836 0.106836 0.106836 0.173608 0.106836 0.106836 0.106836 0.120190 0.106836 0.106836 0.209977 0.210833 0.199483 0.218074 0.202663 0.218795 0.210485 0.203427 0.203180 0.209339 0.213163 0.208512 0.212842 0.202013 0.210670 0.207490 0.204595 0.215824 0.217291 0.206899 0.216071 0.210694 0.201703 0.202941 0.207655 0.208147 0.209988 0.204100 0.211731 0.190969 0.212963 0.106836 0.203488 0.106836 0.201688 0.210833 0.209186 0.204433 0.208829 0.202289 0.214397 0.204222 0.212171 0.218909 0.210941
0.106836 0.125532 0.106836 0.208138 0.106836 0.106836 0.106836 0.106836 0.136215 0.106836 0.106836 0.106836 0.106836 0.106836 0.125532 0.106836 0.208951 0.213366 0.208490 0.218893 0.194762 0.203427 0.212328 0.212629 0.218795 0.202977 0.210258 0.218419 0.216973 0.208293 0.203512 0.211003 0.201603 0.204406 0.208260 0.202447 0.212006 0.202500 0.204493 0.202706 0.211833 0.202187 0.210128 0.207481 0.213470 0.213827 0.201423 0.201423 0.203202 0.202187 0.210135 0.106836 0.114848 0.209761 0.203157 0.208973 0.212251 0.202492 0.214397 0.207983 0.215509 0.205258 0.212884
0.106836 0.106836 0.106836 0.114848 0.209185 0.106836 0.106836 0.106836 0.207449 0.106836 0.106836 0.106836 0.106836 0.106836 0.106836 0.208363 0.200997 0.214367 0.211851 0.216494 0.201091 0.214204 0.211244 0.217944 0.205884 0.211160 0.205244 0.212908 0.202437 0.203047 0.211750 0.203012 0.201856 0.201688 0.211388 0.217005 0.211686 0.202500 0.218766 0.218766 0.210485 0.203574 0.213258 0.201516 0.211167 0.211167 0.213820 0.210655 0.203618 0.202324 0.208801 0.106836 0.202867 0.203342 0.199684 0.218707 0.218987 0.204859 0.201312 0.208573 0.210892 0.212147 0.208229
0.106836 0.106836 0.106836 0.106836 0.106836 0.106836 0.136215 0.106836 0.106836 0.106836 0.106836 0.106836 0.106836 0.106836 0.137551 0.106836 0.200997 0.204649 0.207763 0.205558 0.204212 0.208216 0.217578 0.217944 0.217325 0.211735 0.216769 0.200819 0.212549 0.201688 0.211750 0.193127 0.193127 0.213694 0.216654 0.201693 0.213121 0.203860 0.205513 0.208352 0.206311 0.210973 0.201696 0.199995 0.209738 0.204971 0.203653 0.208777 0.203577 0.201115 0.209483 0.217640 0.208513 0.203174 0.200819 0.201603 0.214367 0.201207 0.199591 0.209900 0.219072 0.219322 0.201462
0.106836 0.106836 0.106836 0.106836 0.144228 0.106836 0.136215 0.106836 0.106836 0.106836 0.106836 0.106836 0.106836 0.106836 0.207708 0.218552 0.208573 0.218304 0.211851 0.208194 0.202484 0.210655 0.207096 0.208513 0.208777 0.214517 0.182956 0.204156 0.211559 0.205379 0.219205 0.211747 0.202530 0.205791 0.201693 0.172272 0.203811 0.212184 0.208235 0.217114 0.201693 0.157583 0.209443 0.211795 0.203340 0.213771 0.217636 0.201106 0.202324 0.205974 0.210833 0.211156 0.213408 0.200722 0.201260 0.203624 0.219686 0.205254 0.201082 0.212931 0.214008 0.204649 0.201462
0.106836 0.106836 0.106836 0.106836 0.106836 0.106836 0.106836 0.207449 0.106836 0.206709 0.106836 0.206100 0.122861 0.210239 0.181621 0.219514 0.219514 0.209924 0.211851 0.211812 0.207713 0.217578 0.210301 0.213716 0.200268 0.213670 0.211038 0.200268 0.201388 0.203502 0.201310 0.106836 0.213829 0.199995 0.209339 0.210485 0.209686 0.216122 0.211002 0.106836 0.106836 0.157583 0.210028 0.213728 0.213728 0.208133 0.211038 0.200268 0.205792 0.211038 0.206522 0.210436 0.201186 0.199684 0.213075 0.203624 0.202541 0.207637 0.200930 0.106836 0.201694 0.217199 0.201067
0.106836 0.106836 0.106836 0.106836 0.106836 0.106836 0.106836 0.106836 0.106836 0.203650 0.106836 0.210436 0.213771 0.202601 0.210357 0.210637 0.213616 0.200465 0.205116 0.212006 0.207713 0.202475 0.203317 0.204550 0.212903 0.200046 0.201289 0.200268 0.213694 0.201702 0.212335 0.106836 0.149570 0.106836 0.209339 0.217928 0.217928 0.204371 0.213804 0.206709 0.106836 0.209529 0.210620 0.209316 0.134880 0.203337 0.211038 0.199839 0.203625 0.215858 0.203260 0.201945 0.211038 0.211038 0.211038 0.206475 0.218587 0.211038 0.216047 0.201688 0.106836 0.201694 0.206797
0.106836 0.106836 0.106836 0.118855 0.106836 0.106836 0.106836 0.106836 0.106836 0.106836 0.106836 0.106836 0.207303 0.202601 0.200886 0.203427 0.211703 0.208681 0.200438 0.205065 0.221619 0.199758 0.205772 0.209938 0.218557 0.207581 0.213277 0.205699 0.203087 0.213785 0.210530 0.213521 0.164260 0.210339 0.209339 0.207400 0.201770 0.208201 0.209202 0.106836 0.106836 0.211092 0.106836 0.106836 0.207767 0.201260 0.218992 0.211038 0.211038 0.210637 0.207637 0.210637 0.206397 0.201061 0.211038 0.206814 0.210573 0.208888 0.210486 0.211703 0.202187 0.213478 0.212714
0.106836 0.106836 0.106836 0.106836 0.106836 0.106836 0.106836 0.106836 0.106836 0.106836 0.106836 0.106836 0.106836 0.208554 0.208333 0.211136 0.218368 0.207581 0.204493 0.200766 0.256431 0.211460 0.205951 0.211340 0.205118 0.201626 0.203279 0.209557 0.203502 0.200946 0.208333 0.114848 0.106836 0.208822 0.201738 0.207400 0.211111 0.106836 0.106836 0.106836 0.106836 0.106836 0.106836 0.106836 0.106836 0.201260 0.106836 0.166931 0.166931 0.106836 0.213822 0.216514 0.203616 0.203616 0.211038 0.213541 0.212714 0.205900 0.207637 0.211703 0.146899 0.106836 0.200711
0.106836 0.106836 0.106836 0.106836 0.106836 0.106836 0.208284 0.106836 0.106836 0.106836 0.106836 0.106836 0.106836 0.106836 0.106836 0.106836 0.209695 0.203597 0.202904 0.218624 0.216422 0.202529 0.207453 0.209644 0.205118 0.206704 0.199944 0.202541 0.203174 0.201897 0.203427 0.114848 0.210573 0.106836 0.210852 0.205949 0.203280 0.106836 0.106836 0.106836 0.106836 0.106836 0.202584 0.208615 0.106836 0.136215 0.106836 0.213209 0.141557 0.216417 0.214426 0.220124 0.172272 0.202137 0.199907 0.199892 0.205266 0.207344 0.212963 0.211504 0.213808 0.211646 0.201260
0.106836 0.106836 0.106836 0.106836 0.106836 0.106836 0.106836 0.106836 0.106836 0.106836 0.106836 0.106836 0.106836 0.106836 0.217720 0.209826 0.209738 0.203597 0.203238 0.208452 0.204053 0.205449 0.217199 0.212253 0.210609 0.213822 0.209077 0.204352 0.199978 0.201334 0.208352 0.211038 0.212157 0.212157 0.214797 0.200886 0.203756 0.210542 0.211140 0.203814 0.204499 0.212191 0.203451 0.219099 0.121525 0.106836 0.106836 0.106836 0.208389 0.148234 0.200886 0.211505 0.210547 0.136215 0.207423 0.200046 0.201234 0.203047 0.210678 0.106836 0.106836 0.106836 0.201591
0.106836 0.106836 0.106836 0.106836 0.106836 0.106836 0.106836 0.106836 0.106836 0.106836 0.106836 0.211869 0.106836 0.219729 0.209027 0.201119 0.208283 0.203697 0.213322 0.192192 0.202706 0.221405 0.218909 0.204100 0.219387 0.217512 0.205244 0.106836 0.106836 0.219724 0.203340 0.213604 0.208293 0.208681 0.200972 0.203562 0.213654 0.205669 0.211505 0.219445 0.216310 0.207052 0.205653 0.208360 0.213506 0.106836 0.205884 0.152241 0.206397 0.148234 0.208954 0.209185 0.209185 0.211679 0.217073 0.207710 0.211234 0.208913 0.203431 0.106836 0.208325 0.204557 0.172272
0.106836 0.106836 0.106836 0.106836 0.106836 0.106836 0.106836 0.106836 0.106836 0.106836 0.211781 0.200782 0.207303 0.209020 0.201688 0.200268 0.201499 0.201499 0.201696 0.209027 0.213322 0.211898 0.201255 0.206226 0.217414 0.213822 0.161589 0.106836 0.106836 0.201796 0.207888 0.202309 0.201847 0.212663 0.218105 0.203562 0.201970 0.202175 0.202317 0.205581 0.209924 0.213284 0.205653 0.217456 0.219791 0.219791 0.212056 0.193448 0.170937 0.125532 0.208010 0.201179 0.217928 0.204911 0.219125 0.202520 0.201030 0.218494 0.146899 0.217933 0.211339 0.219264 0.208582
0.106836 0.136215 0.122861 0.106836 0.106836 0.106836 0.106836 0.106836 0.106836 0.106836 0.106836 0.106836 0.106836 0.214018 0.203638 0.208945 0.201637 0.200972 0.212107 0.201119 0.212283 0.211898 0.208217 0.209080 0.218850 0.206925 0.208160 0.106836 0.210439 0.218893 0.218840 0.211833 0.207097 0.211057 0.202612 0.202426 0.207880 0.207880 0.199995 0.218618 0.214245 0.203082 0.212837 0.209371 0.202561 0.205014 0.214153 0.205982 0.209264 0.209977 0.211582 0.214993 0.202484 0.211367 0.106836 0.207513 0.211209 0.106836 0.206802 0.211374 0.149570 0.202583 0.218753
0.106836 0.106836 0.106836 0.106836 0.106836 0.130874 0.106836 0.106836 0.106836 0.106836 0.106836 0.106836 0.208629 0.202278 0.203410 0.170937 0.213322 0.205462 0.200886 0.209027 0.205746 0.150905 0.208357 0.218692 0.211388 0.209210 0.203986 0.212355 0.205673 0.210589 0.210827 0.207537 0.211329 0.201688 0.211116 0.210864 0.207585 0.206989 0.207466 0.203314 0.218205 0.204852 0.208283 0.204499 0.207222 0.213284 0.214245 0.217944 0.208173 0.203631 0.192192 0.209483 0.204832 0.211367 0.208945 0.209114 0.213085 0.210973 0.106836 0.208260 0.203033 0.200112 0.206652
0.208217 0.106836 0.106836 0.106836 0.106836 0.106836 0.106836 0.211781 0.106836 0.106836 0.106836 0.106836 0.208139 0.172272 0.199995 0.207844 0.218505 0.212123 0.213434 0.200377 0.210896 0.210896 0.202457 0.199835 0.211419 0.202500 0.204910 0.208061 0.211380 0.206408 0.218464 0.202391 0.211329 0.209098 0.204692 0.202583 0.208300 0.202175 0.203647 0.203314 0.207318 0.215824 0.207913 0.207423 0.200902 0.203654 0.214245 0.212978 0.211796 0.211796 0.205772 0.207712 0.200095 0.209070 0.208862 0.201990 0.204595 0.106836 0.106836 0.210973 0.216629 0.201544 0.211151
0.106836 0.106836 0.106836 0.106836 0.106836 0.211781 0.106836 0.106836 0.106836 0.106836 0.106836 0.209600 0.106836 0.192192 0.192192 0.202545 0.213747 0.216973 0.219727 0.208265 0.204311 0.212306 0.210311 0.205216 0.210454 0.202500 0.106836 0.212126 0.213692 0.199892 0.211153 0.205315 0.207960 0.218491 0.209670 0.210424 0.205065 0.213322 0.194762 0.206837 0.201646 0.201646 0.202706 0.202457 0.130874 0.211167 0.174943 0.205513 0.208333 0.203180 0.202977 0.201770 0.200238 0.210532 0.216372 0.204198 0.210925 0.206395 0.106836 0.211574 0.200782 0.202338 0.218495
0.106836 0.106836 0.106836 0.106836 0.106836 0.106836 0.106836 0.106836 0.106836 0.106836 0.106836 0.203180 0.212165 0.213322 0.213322 0.209900 0.207952 0.218564 0.217506 0.203232 0.218138 0.206755 0.209483 0.204592 0.211999 0.213002 0.106836 0.219707 0.108171 0.106836 0.199907 0.207983 0.202475 0.208300 0.211032 0.202500 0.218487 0.204433 0.208300 0.206962 0.206503 0.208192 0.203599 0.106836 0.106836 0.126867 0.112177 0.210780 0.217967 0.211057 0.201738 0.202552 0.204487 0.211790 0.201970 0.212328 0.208569 0.206395 0.206589 0.202324 0.199687 0.204442 0.209615
