Example_Watersheds/WA_MashelWatershed/DataInputs/o_3_ChemistryPools/Mashel_1990_Pools/N_g_Det_AgStem.asc
ncols         923
nrows         455
xllcorner     550005.67551598
yllcorner     5180549.8134422
cellsize      30
NODATA_value  -9999
[rows 420 to 447 of 455, columns 0 to 61 of 923]
3.678135 3.381646 8.073298 7.162043 5.880990 5.880990 5.789987 4.505711 3.453447 7.409058 8.205515 10.348160 9.959061 9.869298 10.304724 9.454206 11.296090 10.450542 10.450542 8.005950 8.005950 11.296090 5.143297 6.561462 10.321619 9.429000 11.549090 7.153634 11.051241 9.254475 7.621673 7.305670 7.305670 6.618824 8.583113 8.433209 9.865340 11.273061 11.049770 11.042113 8.786870 10.835647 10.188074 11.150309 10.930839 11.028453 12.731470 10.889834 10.456549 7.624143 13.277087 7.624143 11.340912 7.624143 7.624143 10.673800 11.038820 9.941824 12.185164 12.185164 11.328985 13.176212
3.451425 3.803045 5.229921 6.561462 7.372584 6.741662 5.005208 4.602456 6.446281 9.789246 8.692037 9.818001 10.494554 6.676838 11.144722 10.498835 9.594070 6.728030 9.915520 10.551880 7.140888 7.482305 12.314411 6.940649 6.940649 10.262473 9.433317 10.870430 10.188074 10.498835 5.389505 5.289577 3.795341 11.296090 11.023373 11.538575 11.584083 8.983736 9.338113 9.260377 10.615958 11.028453 8.969738 11.150309 11.150309 10.483196 13.151646 10.197291 12.770439 13.097807 13.277087 11.055007 11.055007 7.624143 10.805624 10.805624 11.566535 11.903983 9.339575 11.046101 8.595520 12.134566
4.582426 4.589976 7.478156 5.795990 7.855227 6.741662 4.874914 6.728030 5.005208 5.616266 11.296090 9.959061 10.994902 4.662924 8.672031 6.965618 7.170380 7.170380 7.170380 8.935729 9.140266 11.185533 8.005950 7.145154 10.863717 7.028462 7.514770 11.049036 8.810695 10.498835 6.676838 4.794353 8.570424 10.500100 9.678437 12.841342 11.584083 10.377340 9.909042 7.510782 10.095753 9.402117 9.930709 10.504352 9.869298 12.937336 8.386557 7.624143 10.959705 7.624143 12.823175 9.053669 10.006687 13.038089 9.924806 12.972410 10.483196 7.624143 13.176212 7.665930 8.238738 10.673800
3.568952 6.750671 8.351883 7.145154 7.855227 5.888966 4.832610 5.023120 3.417508 3.417508 6.955684 11.296090 8.374260 8.067839 10.229868 11.273061 11.020768 11.051250 5.343571 11.273061 8.005950 9.869298 8.005950 10.403610 8.005950 8.672031 11.296090 9.289188 10.411719 9.799061 7.431202 9.300387 9.731149 10.485801 11.688339 11.448661 11.448661 9.869298 8.056836 4.813627 11.566535 9.551852 12.817662 10.095753 12.673660 12.767765 7.624143 11.211640 13.259892 13.199366 7.624143 7.624143 11.017876 10.991120 11.478008 12.786656 5.973816 7.624143 11.722119 11.046101 4.963122 13.259892
3.678135 3.678135 5.977547 3.402290 4.532579 7.855227 9.768925 5.105962 4.702203 7.928480 9.327567 10.675642 10.053849 12.673660 10.472631 7.190914 8.005950 12.314411 10.615958 9.647139 11.491362 10.835647 10.930839 10.262473 10.180825 11.491362 8.105475 9.959061 7.769869 7.769869 6.182599 9.084660 6.118794 10.411719 10.127820 12.673660 10.434108 12.811243 10.390839 9.941824 9.959061 11.047201 11.448661 10.487714 11.586136 4.674631 11.484795 11.211640 8.005950 7.624143 8.195953 10.377340 12.718156 8.950536 11.478008 11.318240 11.318240 12.739618 10.262473 7.624143 11.584729 12.862719
6.496665 5.616266 3.381646 3.866700 3.468190 9.260377 9.260377 9.454206 9.499980 9.378432 10.487714 9.300387 11.388837 9.266232 11.491362 11.028453 11.296090 11.491362 8.005950 10.835647 7.909936 7.909936 10.930839 9.316835 10.188074 11.491362 10.407705 12.349162 6.576142 8.672031 9.880828 11.051241 6.182599 10.411719 9.831602 10.293057 9.944459 10.500100 10.229868 10.503411 9.959061 9.454206 8.619487 8.196011 9.529966 13.241207 12.322530 12.673660 10.595087 11.484795 12.274174 12.822869 11.296090 9.348472 12.317562 11.559313 11.048180 10.256114 12.718156 9.742230 10.578498 10.292593
5.361024 4.607412 6.381445 5.810836 4.660567 6.759617 9.768925 4.713472 7.162043 6.633539 9.719838 9.300387 11.296090 11.296090 10.450542 10.321619 11.296090 10.666000 7.190914 10.694560 10.262473 11.491362 10.188074 10.835647 11.296090 8.005950 10.407705 9.949557 8.935729 8.305623 5.526432 8.005950 11.484795 9.666090 12.777137 12.756792 6.845626 12.314411 9.941824 9.941824 10.503411 12.862719 11.566535 10.353225 10.994902 10.504352 6.523818 11.043534 10.987215 10.540773 10.298931 11.388837 12.314411 11.566535 9.869298 9.774092 10.491295 11.581723 8.299700 9.963468 7.624143 12.972410
3.847913 5.692237 5.575402 4.358635 9.338113 9.338113 9.768925 7.808763 7.162043 7.506774 9.753081 8.960214 9.909042 10.450542 10.500100 11.491362 9.368632 10.666000 8.468745 12.673660 11.688339 11.688339 11.688339 9.684524 11.553019 7.305670 10.127820 10.216260 10.293057 10.551880 10.430579 12.673660 10.498835 10.498835 7.325189 9.466179 12.308766 12.817144 9.277804 10.835647 11.020768 8.023161 11.995886 7.170380 6.657751 9.909042 10.961224 9.289188 11.565748 7.190914 8.473696 11.388837 11.582692 11.531177 10.472631 11.040478 10.262473 9.466179 8.299700 11.822820 11.822820 13.221032
3.680282 3.388202 8.603634 4.031641 7.940703 9.768925 5.848652 7.940703 6.960660 9.476886 8.034497 6.298062 10.243153 12.673660 9.266232 8.833904 11.491362 11.549090 12.673660 11.144722 11.688339 10.262473 10.262473 12.673660 10.498835 10.498835 5.067596 12.817144 12.603706 11.087230 4.674631 9.936382 6.945678 10.434108 8.768597 10.316068 8.195953 12.817144 9.939132 10.540773 11.051250 12.293443 9.714096 9.909042 6.657751 12.317562 11.584083 10.835647 7.372584 12.673660 10.407705 9.277804 11.388837 11.388837 11.017876 11.520901 11.583013 11.388837 11.296090 13.038089 13.246948 10.498835
5.411745 5.669947 4.683044 4.771971 7.444248 5.451086 3.522084 5.848652 7.478156 8.822377 7.400059 7.808763 11.515433 11.015034 7.439919 9.266232 12.673660 11.296090 11.296090 9.454206 10.403610 11.273061 12.673660 11.144722 11.273061 9.869298 7.514770 11.150309 11.050383 11.028453 4.674631 12.292493 9.816084 10.919733 6.894587 11.261217 11.150309 12.348141 8.269611 11.035039 12.293930 11.436214 9.343316 7.325189 7.859741 12.804065 10.494554 10.646349 11.448661 11.531177 12.822869 8.005350 11.566535 11.044878 10.835647 12.787433 9.063038 10.562865 12.673660 10.387894 10.472631 11.526148
7.779736 6.638413 3.378660 3.515274 5.261660 3.590340 3.378760 3.663972 5.848652 8.822377 9.260377 7.285831 9.378432 11.388837 12.342038 10.472631 11.273061 12.673660 7.444248 8.889230 10.009924 10.281066 12.673660 11.296090 12.673660 11.491362 9.544614 13.292793 11.757490 12.543272 12.302697 6.935602 6.456729 12.348486 5.433377 10.498835 12.673660 12.673660 13.199366 9.831602 10.765349 13.292793 12.811243 10.946581 9.053669 12.640201 11.566535 11.042113 11.722119 7.624143 8.291255 11.864251 12.640201 10.820880 11.540573 12.787433 10.959705 11.388837 12.160714 7.624143 12.865741 11.020686
6.772919 13.176212 13.176212 4.703729 9.126644 4.002930 3.414102 3.912503 5.194425 6.255491 9.684524 8.311516 11.011984 7.624143 7.624143 12.286353 10.835647 12.803418 9.019368 11.144722 10.009924 11.273061 7.621673 10.497488 11.566535 12.342038 11.563486 13.437551 12.695605 8.323206 8.323206 10.411719 7.514770 6.890253 5.962556 12.349162 12.673660 10.994902 11.515433 11.544942 8.195953 13.292793 11.478008 7.624143 13.277087 12.484534 13.097807 11.043576 11.722119 8.863066 8.863066 11.582692 8.583113 12.838371 11.817421 9.625480 12.745060 12.745060 11.584083 13.292793 12.811243 11.535985
6.306331 3.963234 8.920576 10.902160 3.998315 4.196873 4.840658 3.381646 6.136081 7.940703 9.192890 10.450542 10.006687 7.624143 7.624143 7.624143 11.585418 12.077176 13.038089 8.005950 13.038089 9.909042 9.909042 8.005950 5.951198 12.238859 7.624143 10.849927 9.077499 6.755152 8.711697 10.961224 5.496115 7.514770 5.962556 11.002101 12.389232 11.436214 6.945678 11.050383 10.703836 13.259892 12.012993 11.585974 7.624143 12.796128 11.318240 10.877020 10.483196 11.585418 11.569364 13.056344 7.910048 11.051250 9.148971 13.437551 11.273061 13.125432 7.624143 13.292793 13.342250 12.579835
7.409058 7.676755 10.685162 4.478246 5.319877 3.453683 3.386033 3.818771 6.136081 5.112256 10.180825 11.296090 12.257366 7.624143 10.864403 7.814746 7.624143 10.166085 12.640201 8.512176 5.816710 11.478008 9.941824 11.688339 11.555766 11.030703 7.624143 9.818001 9.865340 9.373555 11.583013 11.296090 3.621391 9.627669 7.734579 12.346993 11.471001 11.051250 10.946581 10.675642 11.042113 11.043534 12.389232 10.494554 10.197291 11.038767 11.571303 11.575979 9.607682 10.965861 5.556048 5.559295 12.840236 11.569364 12.823175 11.340912 13.068693 10.673800 13.005994 13.292793 12.293930 12.008025
7.409058 8.983736 7.409058 4.808149 3.921068 8.084135 8.084135 3.378660 6.165857 5.489283 5.977547 10.180825 11.415795 11.711814 11.296090 12.777137 7.624143 11.050885 11.015034 10.497488 11.388837 11.388837 10.166085 8.530664 10.979040 12.937336 7.624143 11.562641 7.153634 5.816710 8.005950 9.930709 5.613174 4.674631 4.674631 9.594070 11.448661 7.624143 11.172149 10.503411 11.388837 11.010418 12.389232 10.573728 11.564597 11.038767 12.320986 12.317562 12.777978 11.273061 12.320986 11.540573 12.840236 12.731470 12.827834 11.318240 11.448661 7.624143 13.292793 7.624143 10.498835 10.498835
7.153634 4.674631 5.057843 6.955684 8.685407 3.769479 4.440311 3.637354 3.697157 5.489283 6.700342 11.424341 8.385260 13.038089 5.363906 11.296090 12.147852 12.673660 12.673660 8.293745 10.440924 12.324427 8.396135 8.530664 10.998563 6.557759 6.557759 7.624143 8.067839 10.941455 10.450542 7.153634 5.988676 7.240019 7.101692 11.273061 11.585418 10.135635 11.172149 11.553019 13.277087 12.862719 13.259892 10.615958 10.487714 12.673660 12.320986 11.478008 12.673660 10.440924 12.348486 11.249152 9.877042 12.543272 12.543272 12.827834 12.827834 13.342250 10.426969 7.624143 7.624143 7.624143
4.417940 4.674631 6.203249 5.203232 8.587280 3.769479 4.989613 8.191217 3.719902 4.930511 9.672292 12.342038 6.079174 7.178647 10.009924 10.500100 11.296090 12.673660 10.578498 12.673660 13.038089 11.864251 9.869298 7.940703 8.181546 5.002625 9.690553 8.816555 8.067839 7.514770 10.450542 10.000896 9.084660 7.822953 7.643993 7.145154 11.544942 10.095753 10.908140 9.816084 13.151646 13.068693 10.562865 12.673660 12.265982 12.673660 12.673660 8.028843 11.478008 10.348160 11.556728 11.579775 12.673660 11.273061 7.240019 11.042067 12.841342 12.543272 10.188074 12.803418 11.043576 11.664440
3.982735 3.931715 5.130966 5.203232 11.491362 8.574686 8.743694 3.426345 3.797248 7.575885 9.672292 10.472631 9.378432 10.494554 10.363114 10.327089 11.296090 7.153634 10.673800 7.624143 12.286353 11.026013 10.584468 12.718156 7.250340 10.998563 10.491295 9.853119 6.003362 7.514770 4.930511 7.028462 10.494554 4.899830 8.005950 11.273061 11.448661 12.675137 12.675137 10.268752 11.072308 11.722119 12.804065 11.015034 7.363266 7.891143 11.388837 8.224192 10.079234 10.348160 7.325189 12.603706 11.581723 10.626211 12.731470 8.368713 12.841342 8.291255 12.673660 11.051611 8.983736 11.801468
4.646317 3.730629 3.417508 3.417508 3.417508 8.724611 10.036522 3.459435 3.391493 3.489944 9.199258 7.759906 11.388837 10.494554 7.514770 5.346499 7.719444 7.624143 8.238738 12.342038 12.274174 7.808763 11.688339 9.573220 7.240019 12.786656 10.419506 8.219564 11.296090 10.685162 10.675642 10.675642 8.390713 7.624143 6.878271 7.153634 5.468578 12.348141 10.489545 11.328985 10.143369 11.565748 12.804065 11.273061 11.448661 10.440924 9.869298 12.673660 12.341003 10.472631 12.314411 6.732589 11.273061 11.296090 12.817662 12.320986 10.292593 11.544942 11.544942 8.005950 10.883488 11.030703
6.508383 4.007517 3.571922 3.906144 5.090101 4.095376 3.995223 3.501880 6.032669 5.200304 5.908713 4.651088 11.585418 5.429810 9.690553 6.695673 10.979040 12.840107 8.005950 11.030703 11.296090 7.808763 9.573220 9.573220 9.248526 8.005950 8.334771 9.831602 13.221032 7.240019 8.005950 10.395177 10.956465 7.719096 10.101989 7.199003 10.450542 12.675137 12.777137 10.440924 9.530178 11.245610 11.017876 12.673660 11.448661 8.992875 10.666000 8.873037 11.296090 11.491362 12.673660 10.991120 10.188074 11.273061 11.388837 10.908140 12.521610 8.141751 9.869298 9.869298 12.673660 12.274174
10.501284 8.587280 8.210226 7.088307 4.167542 4.481745 3.956441 3.501880 3.665074 4.164799 6.215491 11.571974 9.327567 5.478969 9.690553 10.009924 8.275691 11.436214 13.259892 12.322530 8.005950 12.673660 12.673660 10.450542 11.273061 11.273061 7.145154 7.624143 7.624143 6.035767 11.296090 10.666000 12.673660 6.014261 10.195242 6.046372 12.673660 11.424341 11.043576 12.317562 11.978355 11.198696 10.440924 11.296090 11.273061 11.484795 6.728030 10.447417 10.447417 12.673660 9.869298 11.296090 7.061059 11.273061 11.273061 12.322530 11.388837 9.338113 12.348141 11.864251 12.673660 11.478008
10.501284 11.273061 7.522686 8.210226 4.167542 3.680903 5.687017 5.687017 3.384543 4.717944 4.406865 5.816710 12.603706 9.450121 9.199258 13.125432 8.023161 6.970559 8.126371 11.026220 11.087230 11.273061 8.005950 10.440924 7.145154 11.296090 8.005950 10.332478 13.125432 4.688510 9.789246 10.450542 11.688339 10.979040 5.015481 5.015481 4.004462 10.615958 11.544942 11.273061 11.273061 11.484795 11.296090 9.266232 11.296090 9.266232 6.728030 12.673660 12.673660 11.273061 8.005950 11.296090 11.296090 11.273061 11.008812 4.913869 8.587280 8.997387 11.048180 11.578483 12.841342 12.673660
6.572493 3.559863 7.386412 5.035727 3.402508 3.377725 6.099904 3.494211 3.854681 4.837981 3.654982 10.390839 7.624143 10.498835 8.089511 10.202329 8.205515 10.673800 8.067839 11.087230 7.145154 10.447417 11.296090 10.440924 12.673660 11.296090 8.311516 8.311516 11.296090 9.784252 8.587280 4.010560 11.296090 12.375696 7.910048 7.546489 7.624143 7.624143 11.484795 9.869298 11.273061 11.015034 7.909936 7.153634 11.296090 11.296090 8.311516 13.292793 8.630977 12.673660 7.739692 8.672031 10.450542 11.491362 8.005950 8.005950 11.388837 12.077176 11.478008 10.965861 11.028453 12.673660
8.974443 3.596016 4.185266 3.849272 3.573459 3.999029 3.626265 4.225182 5.130966 3.786717 12.324427 10.390839 9.587177 11.581344 5.465897 3.976418 6.144650 9.784252 8.067839 10.856883 4.004462 10.835647 12.673660 12.673660 9.909042 10.494554 6.390025 7.270740 10.551880 10.979040 4.208886 10.180825 10.166085 9.672292 12.348486 12.675137 7.624143 9.339575 11.273061 11.448661 12.673660 12.673660 8.756222 10.913998 6.737133 9.580227 10.006687 7.624143 11.864251 8.311516 11.296090 11.296090 11.296090 8.816555 10.180825 10.195242 10.487714 12.077176 10.573728 9.358645 9.338113 11.296090
7.409058 3.559863 4.527739 4.170424 3.573459 4.208886 4.636715 4.602456 4.113460 3.549454 12.739618 9.530178 7.624143 9.909042 8.205515 8.191217 8.357524 11.284685 10.998563 11.548012 13.292793 11.388837 9.941824 10.304724 10.477344 10.348160 5.603848 10.946581 10.956465 8.115978 6.174253 10.180825 11.491362 10.941455 6.894587 7.624143 7.624143 7.719444 9.338113 9.338113 11.273061 12.673660 11.296090 11.296090 6.737133 11.051250 9.789246 10.578498 10.498835 10.491295 11.296090 10.506719 9.672292 11.296090 12.673660 11.585974 12.832041 7.624143 12.673660 10.472631 12.803418 12.274174
6.067288 3.404117 5.429810 4.196873 4.196873 10.332478 10.765349 3.402508 7.665930 5.594444 11.359900 12.579835 9.244273 9.918673 8.151866 8.521483 7.413526 12.427369 12.804065 8.191217 12.218655 13.292793 7.624143 10.158594 8.191217 6.667326 8.497982 8.428007 6.017873 8.115978 11.023373 11.023373 11.028453 12.673660 11.296090 5.252218 8.497982 7.624143 12.745060 9.909042 12.673660 10.835647 11.296090 8.685407 9.789246 11.296090 11.011984 11.296090 7.224388 11.051612 10.506719 11.296090 8.698629 10.450542 9.378432 12.900772 8.762429 11.822820 11.273061 11.273061 11.584933 10.386420
7.114917 8.084135 8.497982 9.084660 11.036934 10.902160 11.471001 3.591291 10.477344 6.870204 10.712990 8.553067 12.008025 5.831235 11.328985 8.521483 6.385742 7.153634 11.535985 8.530664 7.774814 8.073298 7.624143 11.817421 11.817421 7.140888 10.450542 6.539038 10.430579 9.799061 11.484795 10.447417 11.585974 8.067839 7.123645 4.911074 7.624143 7.624143 11.585418 9.884556 11.273061 10.835647 5.565763 8.005950 11.296090 11.296090 11.273061 6.657751 7.224388 11.585418 10.773648 8.570424 8.305623 4.565913 4.662924 6.301858 10.773648 10.925347 12.673660 12.673660 10.797813 10.386420
3.378353 8.084135 10.765349 7.444248 10.956465 10.896058 10.739718 11.407029 10.477344 3.379865 7.575885 7.624143 9.339575 7.624143 7.624143 10.883488 11.028382 8.056836 9.708297 8.458749 9.566155 8.553067 4.078598 6.542809 7.381823 11.296090 7.088307 6.894587 9.915520 8.443519 10.166085 11.584933 13.292793 8.930717 8.346210 10.673800 7.624143 12.543272 11.585974 9.884556 11.002101 11.296090 8.311516 11.296090 8.570424 10.447417 11.296090 11.030703 11.566535 7.153634 11.296090 7.855227 9.026070 11.026013 4.662924 4.816356 7.330019 10.813313 10.135635 11.296090 11.296090 12.673660
