Example_Watersheds/WA_MashelWatershed/DataInputs/o_3_ChemistryPools/Mashel_1990_Pools/N_g_root_2.asc
ncols         923
nrows         455
xllcorner     550005.67551598
yllcorner     5180549.8134422
cellsize      30
NODATA_value  -9999
[rows 308 to 335 of 455, columns 189 to 251 of 923]
2.368113 2.358988 1.142212 0.697184 2.117553 2.541675 2.583128 1.664034 2.226396 3.138613 3.189606 2.969278 3.113416 2.849419 2.848254 2.943622 3.106126 3.169913 3.066888 3.090111 3.055048 3.005311 3.560245 1.537047 0.047430 2.037774 0.047430 1.896670 3.000933 0.047430 2.813432 2.535720 2.914324 2.814972 3.030504 1.236018 1.427242 1.579622 1.579622 1.579622 2.217624 1.552026 2.898674 2.060402 2.060402 1.712432 2.042311 1.996395 1.996395 0.777627 1.344949 2.194991 2.175495 2.626166 2.194991 2.810006 2.108213 2.498316 1.961223 1.868013 2.260386 1.559221 2.535267
2.061906 1.530246 0.697184 2.535267 3.019742 3.099392 3.104211 0.709309 2.698845 3.106456 4.348892 3.166418 2.833239 2.833239 2.538567 2.844253 3.079005 3.079005 2.907464 2.532556 3.054158 2.601371 0.803155 0.990589 0.047430 0.047430 0.060473 1.248367 1.314655 2.024131 0.047430 2.045332 2.814972 2.488331 0.959435 1.480007 1.112497 1.658804 1.579622 1.888311 1.888311 1.646948 2.267042 1.317523 1.873416 1.812219 2.167377 0.845415 1.990804 0.845415 1.888311 2.626166 2.626166 2.600687 2.626166 2.600687 1.642969 2.385593 1.942719 2.532556 2.069414 3.097014 2.943887
2.055888 0.697184 2.061906 2.081397 2.117553 2.117553 2.814972 2.352696 2.200925 1.296876 4.348892 2.838741 2.767453 2.841611 2.812341 2.842523 2.844684 3.079005 3.169797 2.947093 2.983507 2.230692 0.158881 1.557440 0.047430 0.047430 0.047430 0.175396 1.553843 0.047430 1.013449 2.045332 2.547339 2.547339 2.923007 0.982061 1.888311 0.895332 1.982391 1.579622 2.006146 2.287000 1.646948 1.990804 2.103758 1.552026 2.835926 0.845415 1.566218 0.982061 2.626166 2.229267 2.532067 2.230692 1.712432 2.003364 2.521617 2.598776 2.777545 2.066413 2.574510 2.837702 1.648271
1.236018 0.799944 0.047430 0.047430 2.106729 1.590705 2.535267 1.256928 2.817152 2.848254 4.348892 4.348892 2.102271 3.070843 2.396712 3.120978 2.848254 3.117812 2.841421 2.844351 3.129367 2.604883 0.367804 1.249339 0.047430 0.047430 0.047430 0.052765 0.275863 1.157170 1.080116 1.261503 0.305169 2.538437 0.697184 2.097808 1.661422 2.709181 2.489995 2.039287 1.853763 2.060402 2.097808 1.184260 1.285496 1.812219 2.167377 1.835189 1.579622 0.959435 1.596930 2.600687 2.600687 1.965472 2.617087 1.583650 2.521617 1.876636 1.542756 2.626166 1.862567 2.301957 2.835926
0.982061 2.081397 2.906725 2.538076 2.870627 2.391947 2.061906 1.242428 3.115856 2.337898 4.348892 4.348892 4.348892 1.062589 2.153336 1.586816 2.844253 2.844253 2.360031 2.914006 2.536368 1.363937 1.249339 1.249339 0.047430 0.047430 0.047430 0.129030 0.979223 0.082409 0.305169 0.060473 0.979223 0.305169 2.616543 1.964056 1.894591 1.756000 1.876636 1.691734 1.864751 1.645623 2.097808 2.060402 2.039287 2.039287 1.515893 2.167377 2.720035 1.538006 1.620166 1.778877 2.215394 2.039287 2.872567 1.680867 2.055888 1.888311 2.532067 2.817308 2.835926 2.828403 1.962640
2.066413 1.939860 1.666640 3.019590 1.695871 1.315675 1.973947 2.908891 1.863660 1.863660 3.109232 4.348892 2.934633 2.905172 3.463250 2.620326 2.845972 3.109434 0.047430 1.532204 2.011963 1.363937 1.283215 1.785123 0.047430 0.047430 0.047430 0.052172 0.979223 0.071737 0.889825 0.979223 0.053358 0.082409 1.393478 1.964056 3.037646 3.037646 2.054381 2.795752 1.286246 1.492672 1.579622 1.548355 1.778877 1.280887 1.553843 2.688146 2.886122 1.505337 2.336832 1.584446 2.094830 1.564487 1.864751 2.621398 1.874491 2.644454 2.810006 2.639416 2.811353 1.106585 1.530246
2.048351 1.565354 1.565354 2.163881 2.391947 1.286246 1.279310 0.052765 2.983998 3.064332 3.560245 4.348892 3.143014 3.148976 3.463250 2.709393 2.061906 2.024131 1.261503 0.047430 0.047430 1.249339 0.381924 1.968300 0.047430 0.047430 1.287730 0.047430 0.047430 0.047430 0.047430 0.047430 0.047430 0.047430 0.047430 0.700207 1.433573 1.538006 2.343453 1.720720 2.060402 1.664034 0.982061 2.328523 1.280887 1.579622 1.427242 2.069414 1.553843 1.661422 1.253175 2.037774 1.904918 2.027168 2.209375 2.684610 1.903893 1.579622 2.599185 2.341779 1.877706 1.229889 1.142212
1.892505 1.342839 2.706242 2.812441 2.255392 1.731087 0.047430 0.313788 2.846826 2.845972 3.560698 2.348809 3.049789 3.125314 3.560245 2.698763 1.610651 2.024131 1.300161 0.047430 0.047430 0.047430 0.047430 0.047430 0.047430 0.047430 0.047430 0.062251 0.047430 0.535733 0.064623 0.082643 1.959805 0.706269 1.990804 1.248367 0.175396 0.377190 1.864751 1.088915 1.718648 2.535079 1.561868 2.376060 1.654866 2.360488 1.427242 1.810133 1.712432 1.712432 2.239106 0.777627 1.245421 1.494783 0.959435 1.538006 2.388770 1.292059 2.585277 2.341779 1.286246 3.061988 1.884090
2.391947 2.535267 2.679308 2.814972 2.061906 2.706242 1.778877 0.313788 1.042262 2.981036 2.603098 2.938420 2.848254 2.913726 2.913726 3.560245 3.068580 2.717229 3.093222 1.537047 2.045332 1.240407 1.530246 0.185574 0.047430 0.047430 2.128390 2.371292 2.146257 1.175206 0.047430 0.424884 1.959805 0.047430 0.047430 1.718648 0.305169 0.175396 0.137349 1.088915 1.071341 1.071341 2.237720 1.596021 1.145199 2.707232 1.505337 2.318564 1.661422 2.167377 2.544054 2.679308 0.928602 1.587600 1.103634 1.004857 1.712432 1.520115 2.535929 2.610493 2.541136 3.098106 3.061299
2.358988 3.034862 2.334924 2.142703 1.323852 0.646670 0.646670 0.047430 1.989404 2.841205 2.632083 3.117790 3.040582 1.588381 3.035641 1.936997 1.758079 2.638014 3.093222 0.047430 2.623528 2.814972 2.535267 2.533966 0.047430 0.047430 0.386685 2.635112 2.580977 0.305169 0.047430 2.030201 1.684715 3.020689 2.814323 0.047430 0.900851 1.223771 1.071341 1.223771 1.223771 0.068180 1.314655 1.810133 1.883031 1.864751 0.783975 1.292059 0.845415 2.466700 2.097808 2.533270 1.869097 1.245421 1.127321 2.224225 2.601316 1.969713 2.376060 1.568791 2.535267 2.255392 3.031359
2.535720 2.814972 3.000933 2.524946 1.286246 1.145199 1.675715 1.520115 2.270370 2.118761 3.014934 3.120012 3.078851 3.081266 3.344500 0.047430 0.065216 2.004756 1.560106 0.047430 1.261503 1.304544 3.128624 2.372881 0.047430 0.309465 0.047430 0.047430 1.262402 0.305169 0.062251 0.058694 0.047430 1.538006 0.047430 1.291351 1.363937 0.069959 0.069366 1.223771 1.223771 0.064623 1.401919 2.535079 1.518004 3.021355 1.277712 1.648271 0.697184 0.746232 2.097808 1.349168 1.969713 1.969713 1.461011 1.071341 1.103634 1.774715 1.103634 2.617087 1.584446 3.012452 3.151688
2.396712 2.814972 2.535267 1.971126 1.145199 1.292059 2.745306 0.259720 2.338711 3.139243 3.140744 2.913052 3.035667 3.024251 2.524946 0.064030 0.112896 0.709309 0.709309 0.305169 0.067587 0.513325 2.636869 3.130580 2.907400 1.688550 0.047430 0.047430 0.047430 0.305169 0.069959 2.346518 1.785123 0.047430 0.047430 0.835577 1.363937 0.305169 1.223771 0.305169 1.399808 1.877706 1.401919 2.535079 2.603284 2.224950 2.224950 1.536085 1.993601 1.142212 0.721525 1.503227 1.560988 2.626166 0.819295 1.503227 1.968300 1.307520 2.617087 2.119969 2.562600 3.017949 3.065503
2.814972 0.640836 2.061906 3.003992 2.334924 2.253728 2.914324 2.860914 0.920249 3.119616 3.119616 3.033602 3.010781 2.929991 3.024251 1.745614 0.108967 0.108967 0.060473 0.108967 0.079050 2.064911 2.636869 2.488331 2.632083 1.714504 0.047430 0.047430 0.305169 0.081223 0.305169 0.108967 0.048615 0.520756 0.047430 1.735236 0.060473 0.305169 0.305169 0.069959 0.305169 0.305169 0.175396 1.463121 1.118419 1.689825 0.721525 1.142212 1.835189 1.253175 1.503227 0.948186 2.305279 1.427242 1.583650 1.536085 1.579622 0.697184 2.207090 1.691734 2.355059 3.123593 2.713228
2.422111 0.640836 2.686378 2.686378 2.142703 1.286246 2.539131 3.057444 1.881969 2.733258 2.602381 3.010781 2.152159 2.357459 1.266823 1.080116 0.082409 0.061066 0.305169 0.064030 0.047430 0.970727 1.259688 1.785123 2.352696 0.047430 0.340303 0.047430 0.061658 0.137349 0.060473 0.047430 0.047430 1.620166 1.869097 0.460026 1.706219 0.175396 0.175396 0.305169 0.060473 0.175396 1.718648 1.316177 1.308100 1.938429 1.880906 2.480011 1.292059 1.990804 1.624222 1.993601 1.127321 1.280887 1.583650 1.315675 1.883031 2.626166 2.626166 1.718648 1.999185 1.505337 1.962640
2.061906 0.568717 1.286246 2.600687 1.971126 2.054381 1.272795 1.332290 2.219103 2.537518 3.149463 2.705848 0.137349 1.289194 0.047430 0.108967 2.355395 0.047430 0.047430 2.456718 1.416690 1.142212 1.142212 3.149321 1.657493 1.261503 0.047430 0.047430 0.047430 0.064030 2.099296 1.160169 0.051580 1.620166 2.258722 2.460045 1.718648 0.137349 0.175396 0.175396 0.060473 0.060473 0.047430 0.047430 0.047430 2.451727 1.410360 2.480011 0.931392 0.697184 0.697184 2.063409 0.982061 1.142212 2.835033 1.184260 1.253175 0.047430 2.352150 1.894591 2.617087 2.545149 2.387182
1.344949 2.011963 2.119969 1.145199 1.822655 2.209375 1.610651 2.633614 1.641640 3.038853 1.914063 0.322517 0.060473 0.047430 0.047430 0.047430 0.047430 2.557163 2.748478 3.056926 2.848254 2.996558 3.144031 3.079614 1.048057 0.047430 0.047430 0.047430 0.047430 0.066401 1.932695 0.047430 0.047430 1.286246 0.073516 1.448347 0.065808 0.137349 0.047430 0.047430 0.060473 0.047430 0.047430 0.047430 0.228747 2.352214 1.687273 2.539628 2.679308 0.845415 0.982061 1.617455 1.573019 1.344949 2.626166 1.121384 0.906380 0.047430 2.153336 1.463121 1.584446 1.911030 2.810006
1.828921 2.067914 2.108213 2.141516 2.192714 2.209375 2.732265 2.732265 1.321742 1.949853 2.892308 1.762236 0.047430 1.267691 0.047430 3.058209 1.855975 2.965797 3.037153 3.111824 3.057385 3.180932 3.111796 2.901094 3.093222 0.047430 0.047430 1.244428 0.047430 2.353402 3.134848 3.024655 3.139333 2.051368 3.131255 2.540708 0.047430 0.175396 0.064030 0.064030 0.047430 0.047430 0.047430 0.047430 1.780958 1.906962 2.007536 2.679308 2.187001 2.451727 1.586816 2.391947 1.660114 1.503227 2.218364 1.580434 1.575518 0.047430 2.153336 2.243224 2.142703 2.123584 2.335160
1.393478 1.145199 1.286246 2.385593 2.174339 2.054381 1.245421 1.010582 1.366047 2.341779 3.058438 2.019573 0.047430 3.081266 3.009669 2.751847 3.110559 2.985463 3.123277 2.700330 3.065684 3.081266 3.064216 2.912582 2.355059 0.568717 1.145199 0.047430 1.529262 1.252223 2.897782 2.893157 3.017226 3.560245 4.348892 0.987744 1.088915 0.175396 0.060473 0.047430 0.108967 0.305169 0.067587 0.047430 1.780958 1.801791 2.237720 2.602866 2.814972 2.602327 2.552802 2.391947 1.766394 1.729013 1.729013 2.054381 1.528275 1.654866 1.570491 2.199368 2.335160 2.835926 2.361472
1.286246 2.703292 2.537706 1.708290 2.033232 1.907982 3.069999 0.491268 1.321742 2.489995 2.519953 0.047430 0.047430 2.603178 2.966215 3.099172 3.065717 2.901504 3.112592 3.112592 3.138788 2.965797 3.001693 3.058289 3.155269 2.303618 0.344818 0.047430 0.749345 1.252223 2.897782 3.042037 2.893157 2.872567 0.982061 1.249339 0.305169 0.067587 0.047430 0.305169 0.305169 0.060473 0.137349 0.047430 0.047430 1.596021 1.596021 2.237720 1.864751 2.237720 2.816847 0.065808 2.635703 2.598010 1.286246 0.845415 1.922629 1.503227 2.166212 2.006146 2.313583 2.003364 2.122380
1.584446 2.019573 1.669241 1.622871 1.530246 1.584446 2.422111 1.574688 1.529262 2.489995 1.094795 1.094795 0.047430 1.650914 0.436490 0.970727 1.245421 1.910016 3.009669 2.848254 2.914006 2.972407 2.832337 3.003419 3.426084 0.911919 0.047430 0.047430 1.187284 1.671835 2.695222 0.816055 2.340136 3.070177 0.047430 0.305169 0.305169 0.182154 0.072923 0.072923 0.082409 0.076480 0.305169 0.871900 0.067587 0.047430 0.047430 2.060402 1.248367 1.594517 3.043108 2.937692 2.601089 2.757336 3.069999 0.959435 1.211566 1.427242 1.542756 2.206326 1.344949 1.855975 2.122380
1.211566 2.341779 1.669241 1.989404 1.989404 1.774715 1.286246 0.047430 1.404029 1.220715 0.047430 0.047430 0.979223 0.047430 0.047430 0.060473 1.724866 2.898614 2.890601 3.111824 2.848254 3.071188 3.003419 3.041555 3.347672 2.203250 0.047430 0.047430 0.047430 0.047430 1.785123 0.047430 0.829047 1.747691 0.047430 0.047430 0.072923 0.305169 0.182154 0.081816 0.047430 0.076480 0.305169 0.305169 0.047430 0.047430 0.047430 0.047430 1.248367 0.829047 1.645623 1.547430 1.865840 2.902733 2.054381 0.959435 1.237337 1.756000 1.429353 1.286246 2.598776 1.689825 1.691734
1.718648 1.989404 1.567937 1.145199 1.990804 0.959435 2.036261 0.950994 1.609285 0.047430 1.048057 0.047430 0.047430 0.513325 0.047430 0.047430 0.050987 2.845196 3.007934 2.998962 3.194598 3.134715 3.130208 3.130208 3.138584 2.746311 2.203250 0.047430 0.047430 0.047430 0.047430 0.047430 0.047430 0.047430 0.047430 1.242428 0.182154 0.305169 0.082409 0.108967 0.305169 0.072923 0.072923 0.060473 0.047430 0.047430 0.047430 0.047430 0.047430 0.047430 1.249339 1.249339 3.028782 2.219840 2.902733 2.622465 1.305150 1.033590 1.351278 1.211566 2.535929 2.355059 2.828403
1.714504 1.653550 1.538006 1.618811 1.718648 0.746232 2.167377 2.385593 2.601089 1.211566 2.997755 2.004756 0.865245 0.513325 1.837279 0.047430 0.047430 2.586350 2.531570 1.292763 1.874491 0.819295 3.091199 3.151878 2.817982 3.118141 1.607919 0.047430 0.047430 0.047430 0.047430 0.047430 0.047430 0.047430 0.047430 0.047430 0.305169 0.067587 0.305169 0.305169 0.072923 0.047430 0.047430 0.047430 0.047430 1.001998 0.047430 0.047430 0.047430 0.047430 0.047430 2.641594 3.005705 1.892505 2.106729 1.873416 1.783040 0.069959 1.536085 0.691156 1.142212 1.691734 1.620166
2.226396 1.564487 1.471564 1.511670 1.645623 1.496894 2.167377 1.801791 1.801791 3.054082 2.844410 2.641057 2.977245 2.702305 3.141150 1.902866 2.836815 3.060109 0.047430 0.970727 0.050987 0.112896 1.252223 3.133096 3.107004 2.906349 0.064030 0.047430 0.047430 0.047430 0.047430 0.083595 0.047430 1.511670 0.047430 2.356942 0.047430 0.075294 0.305169 0.305169 0.137349 0.137349 0.076480 0.072923 0.072923 1.001998 0.047430 0.047430 0.047430 0.047430 1.622871 2.087373 3.005705 0.617726 1.237337 2.064911 2.968442 2.538567 0.313788 0.691156 2.214648 2.605448 1.344949
0.322517 1.306936 2.167377 2.352696 1.100685 1.477896 1.669241 0.047430 1.592239 2.713566 2.369703 3.101418 3.486366 3.522172 2.811966 3.099392 2.813432 1.312014 0.047430 1.284740 0.305169 1.284740 0.108967 0.528225 0.058694 0.058694 0.047430 0.047430 0.047430 0.047430 0.061066 0.606308 0.055730 0.047430 3.021035 1.650914 0.047430 0.047430 0.305169 0.182154 0.075294 0.305169 0.072923 0.047430 0.047430 0.047430 0.047430 0.047430 0.047430 0.047430 0.065808 0.825790 1.577990 3.175388 2.532313 2.532313 2.199368 1.913054 2.366524 2.396712 2.902733 2.470027 1.810133
0.047430 0.584187 2.827089 1.077188 2.436756 1.666640 0.906380 2.913342 2.713566 1.196370 2.535929 2.204021 3.159532 3.030806 2.377649 2.591708 2.352696 1.312014 0.679167 0.047430 0.047430 0.047430 1.482118 0.305169 0.112896 0.137349 0.047430 0.047430 0.047430 0.047430 0.047430 0.076480 2.060402 2.540995 2.632083 0.047430 1.873416 0.076480 0.182154 0.182154 0.305169 0.305169 0.305169 0.884327 0.984901 0.835577 0.137349 0.137349 0.137349 0.047430 0.047430 0.055730 0.047430 2.356985 2.847678 3.138598 2.598588 2.337898 2.407826 2.902733 1.565354 2.154512 0.065216
0.065216 0.058694 0.829047 1.077188 2.499980 1.312014 1.554747 3.017834 2.638297 1.787205 2.535929 2.430103 2.430103 1.363937 1.718648 1.569643 1.785123 1.718648 0.047430 1.244428 1.656180 2.446736 0.956619 0.047430 0.305169 0.137349 0.047430 0.047430 0.059287 0.047430 0.417972 0.067587 0.381924 2.707713 2.099296 0.047430 0.047430 0.076480 0.065216 0.137349 0.137349 0.175396 0.071737 0.305169 0.047430 0.047430 0.047430 0.047430 0.305169 0.047430 0.067587 0.047430 1.250306 1.496894 2.176651 3.078851 2.598588 1.820568 2.702305 3.065371 2.093340 2.709393 0.047430
1.272795 1.313614 0.443505 1.924070 1.869097 1.587600 3.062667 2.891028 0.838851 1.924070 2.837702 1.896670 2.603179 0.047430 3.021004 2.812689 0.047430 0.326922 0.903614 2.631149 2.892733 3.081266 2.763421 2.857023 0.137349 0.047430 0.047430 0.064030 0.047430 0.047430 0.047430 0.047430 0.047430 0.047430 3.020689 2.473355 1.269413 1.248367 0.158881 0.067587 0.305169 0.064030 0.071737 0.060473 0.047430 0.047430 0.047430 0.047430 0.137349 0.047430 0.047430 0.047430 0.047430 0.075294 1.594517 2.204791 0.047430 1.310368 2.541544 2.541544 1.664034 2.384004 1.596021
