Example_Watersheds/WA_MashelWatershed/DataInputs/o_3_ChemistryPools/Mashel_1990_Pools/N_g_root_2.asc
ncols         923
nrows         455
xllcorner     550005.67551598
yllcorner     5180549.8134422
cellsize      30
NODATA_value  -9999
[rows 420 to 447 of 455, columns 819 to 881 of 923]
0.084780 0.047430 0.060473 0.408818 0.267737 0.175396 0.709309 0.709309 1.539915 1.632292 2.136758 2.087373 0.889825 1.954123 0.889825 0.411100 0.424884 0.945380 1.303934 2.239106 2.531963 2.234227 3.040097 1.511670 1.282444 0.292445 0.047430 0.084780 0.047430 0.050394 0.068180 1.353388 0.976389 1.374487 1.136248 1.136248 1.774715 0.108967 0.313788 1.261503 0.626350 0.626350 0.626350 0.626350 1.584446 1.205479 0.956619 1.541812 1.196370 0.076480 0.758721 0.244015 0.740021 0.491268 0.047430 0.076480 0.057508 0.072923 0.058694 0.047430 0.047430 0.586780 0.586780
0.073516 0.047430 0.047430 0.047430 0.309465 0.101236 0.052765 0.865245 1.372377 2.122380 2.006146 2.136758 1.302697 0.189021 0.909148 0.411100 0.436490 1.539915 1.564487 1.632292 2.321884 2.630835 3.040097 1.291351 0.848706 0.133168 0.244015 0.244015 0.047430 0.168748 0.047430 0.047430 1.278514 1.245421 1.309244 1.257853 1.901838 0.597805 1.036478 0.848706 0.626350 0.626350 0.626350 0.925815 1.471564 1.431463 1.581243 1.085979 1.317523 1.287730 0.962254 0.774462 0.056915 0.062844 0.221278 0.047430 0.047430 0.047430 0.059880 0.047430 0.049801 1.236018 0.655465
0.047430 0.047430 0.047430 0.067587 0.078852 0.658408 0.358527 1.004857 1.372377 1.602436 1.835189 2.136758 0.073516 0.047430 0.848706 0.076480 0.057508 0.047430 1.307520 1.202440 1.351278 0.842130 1.871260 1.202440 1.900808 0.626350 0.401997 0.326922 0.077666 0.065808 0.172059 0.548333 1.283980 0.962254 2.644706 1.202440 0.070551 0.431835 0.956619 0.923031 0.895332 0.566154 0.626350 0.448204 0.626350 0.626350 0.626350 0.626350 1.287730 1.549278 0.895332 0.848706 1.296876 1.416690 0.221278 0.443505 0.614863 0.251813 0.047430 0.047430 0.047430 1.236018 0.048022
0.047430 0.047430 0.047430 0.047430 0.584187 0.055137 1.609285 1.298863 1.461011 0.525731 1.568791 0.746232 0.408818 0.066401 0.062844 0.047430 0.206668 0.133168 0.048615 0.340303 0.062251 0.049208 0.072330 0.047430 0.084187 0.752465 0.047430 0.175396 0.108967 0.047430 0.488839 2.311923 2.684610 0.962254 0.749345 0.914693 0.842130 0.066994 1.291351 1.291351 0.848706 0.486414 0.594981 0.626350 0.848706 0.448204 0.632127 0.626350 0.626350 0.498582 0.956619 1.569643 1.172194 0.626350 0.848706 0.543280 0.236326 0.413386 0.515798 0.417972 0.452919 0.457653 0.047430
0.056323 0.047430 0.079444 0.056323 0.056323 0.182154 0.084780 1.328071 1.700009 1.554747 1.062589 0.078259 0.694167 0.809594 0.655465 0.083002 0.263715 0.263715 0.427197 0.340303 0.424884 0.089954 0.790345 0.471955 0.047430 0.059287 0.047430 0.053951 0.108967 0.247900 0.047430 0.047430 0.914693 1.314655 0.397471 0.777627 0.594981 0.411100 0.284100 0.075887 0.626350 0.460026 0.232523 0.626350 0.848706 0.415677 1.700009 1.033590 0.895332 0.661356 1.033590 1.416690 0.498582 1.298206 0.540760 0.058694 0.391474 0.679167 0.540760 0.540760 0.154490 0.084187 0.047430
0.079444 0.047430 0.771303 0.771303 1.010582 0.182154 0.232523 0.626350 1.229889 0.626350 0.133168 0.561040 0.694167 0.344818 0.436490 0.318139 0.168748 0.074109 0.649596 0.429513 0.508394 0.691156 0.553403 0.774462 0.774462 1.886204 0.047430 0.520756 0.493702 0.594981 0.397471 1.211566 0.555944 1.283215 1.239389 1.298863 1.097738 0.848706 0.305169 0.076480 0.486414 0.069366 0.086277 0.232523 0.069366 1.552026 1.033590 0.397471 0.448204 0.999142 1.858179 2.217624 2.217624 0.498582 1.050958 0.397471 0.067587 0.057508 0.643750 0.066401 0.694167 0.199527 0.084780
0.450559 0.543280 0.990589 1.309244 0.498582 1.261503 1.309808 1.275277 0.271787 0.819295 0.661356 0.623469 1.178222 0.377190 0.481577 0.075294 0.075294 0.746232 0.055730 0.712355 0.438824 1.691734 0.460026 1.762236 0.718463 0.774462 0.391474 0.047430 0.774462 0.558490 0.755590 1.412470 0.232523 1.313614 0.203084 0.865245 0.865245 1.258773 0.865245 0.076480 0.417972 0.579013 0.047430 0.047430 0.049208 0.049208 0.165465 1.033590 0.048615 0.626350 0.895332 2.217624 1.172194 1.317523 1.050958 2.325204 1.603809 1.160169 0.251813 0.318139 0.318139 0.399732 0.236326
0.047430 0.806371 0.047430 1.507448 2.608262 1.584446 0.646670 1.280887 1.280887 1.277712 0.626350 0.718463 0.635024 0.917470 0.488839 0.664311 0.503479 0.047430 0.292445 1.706219 1.880906 1.687273 2.426871 1.762236 1.658804 0.340303 0.476758 0.959435 0.047430 0.259720 0.755590 0.481577 0.322517 0.259720 0.175396 0.397471 0.397471 1.317523 0.292445 0.443505 0.053358 0.047430 0.047430 0.436490 0.071144 0.623469 0.486414 0.053358 0.047430 0.568717 0.049208 1.473675 0.053358 1.947002 1.634971 2.207090 1.634971 0.175396 0.058101 0.640836 0.353930 0.047430 0.077666
0.706269 0.706269 0.467171 0.047430 1.552936 1.982391 1.328071 1.332290 0.848706 1.277712 1.566218 0.498582 0.349360 0.406540 0.493702 0.498582 0.503479 0.075887 0.422576 1.808047 2.540708 2.489995 0.573856 0.080630 0.573856 0.561040 0.055137 0.848706 0.848706 0.774462 0.069366 0.496139 0.247900 0.049208 0.049208 0.401997 0.049208 0.047430 0.895332 0.047430 0.047430 0.150142 0.594981 0.848706 0.848706 0.923031 0.496139 0.483993 0.721525 0.363152 0.066401 0.047430 0.047430 0.047430 0.047430 0.047430 0.228747 0.054544 0.236326 0.865245 0.353930 0.471955 0.213918
0.626350 0.626350 0.255753 0.047430 2.537892 1.294155 1.737311 1.520115 1.282444 1.612015 1.391368 0.848706 0.609154 1.100685 0.626350 0.724594 0.221278 0.047430 0.322517 0.344818 0.162210 0.743123 0.743123 0.422576 0.464785 0.401997 0.793539 0.676185 1.062589 0.640836 0.195998 1.260598 0.733833 0.661356 0.848706 0.691156 0.363152 0.049208 0.486414 0.498582 0.097433 0.175396 1.328071 0.848706 0.667271 0.508394 0.848706 0.848706 0.848706 1.033590 0.411100 0.408818 0.626350 0.221278 0.047430 0.047430 0.047430 0.047430 0.047430 0.300900 0.047430 0.175396 0.213918
0.471955 0.558490 0.349360 1.019190 2.148621 1.431463 0.774462 1.584446 0.923031 0.594981 1.301439 0.848706 0.420272 0.047430 0.047430 0.047430 0.047430 0.058101 0.474354 0.322517 0.259720 0.774462 0.486414 0.635024 0.133168 0.232523 0.697184 0.676185 1.594517 0.597805 0.474354 1.279310 1.334400 0.990589 0.848706 0.553403 0.626350 0.344818 1.560106 0.774462 0.774462 0.676185 0.057508 1.296876 0.626350 0.067587 0.047430 0.057508 0.508394 0.056915 0.053358 0.049208 0.049208 0.047430 0.047430 0.491268 0.712355 0.450559 0.326922 0.718463 0.047430 0.047430 0.367804
0.718463 0.603468 0.553403 1.814306 1.211566 1.211566 1.889362 1.418801 0.774462 0.780798 1.080116 0.774462 0.626350 0.047430 0.168748 0.483993 0.061066 0.649596 1.810133 1.124351 0.259720 1.625571 0.626350 0.584187 0.498582 0.424884 0.498582 1.689825 1.323852 1.245421 0.401997 1.556546 1.556546 1.849319 1.584446 1.700009 0.626350 1.700009 0.865245 0.284100 0.145835 0.075887 0.154490 0.053358 0.112896 0.450559 0.313788 0.056323 0.047430 0.318139 0.047430 0.057508 0.080037 0.047430 0.081816 1.252223 0.464785 0.746232 0.623469 1.589159 0.609154 0.386685 0.047430
0.247900 1.321742 0.530723 1.431463 0.923031 1.584446 0.626350 0.391474 0.594981 0.300900 0.047430 0.047430 0.047430 0.404266 0.062844 0.545804 0.498582 0.530723 0.377190 0.898090 0.555944 1.062589 0.658408 0.530723 0.700207 0.079050 1.004857 0.213918 1.488450 0.047430 0.758721 0.064623 1.557440 2.192714 1.889362 0.614863 1.648271 0.626350 0.065808 0.047430 0.049208 0.049208 0.436490 0.589378 0.217584 0.082643 0.318139 0.573856 0.579013 0.203084 0.047430 0.047430 0.047430 0.047430 0.047430 0.050987 0.047430 0.047430 0.420272 1.589159 0.771303 0.848706 0.047430
0.417972 1.133270 1.764315 0.525731 1.722793 2.412588 1.571337 0.401997 0.626350 1.482118 0.898090 0.071737 0.047430 0.614863 0.185574 0.065808 0.558490 0.481577 0.597805 0.632127 0.503479 1.824744 0.491268 0.063437 0.486414 0.247900 0.217584 0.973556 0.059287 0.555944 0.953805 0.064623 0.999142 1.522226 1.412470 2.533737 0.771303 0.819295 0.065808 0.538244 0.236326 0.318139 0.381924 0.573856 0.573856 0.614863 0.047430 0.168748 0.063437 0.061658 0.072330 0.075294 0.052172 0.047430 0.057508 0.072923 0.050987 0.047430 0.566154 1.265070 1.541812 0.848706 0.411100
0.718463 1.298206 1.103634 0.074109 1.297543 1.617455 1.584446 0.661356 0.959435 0.959435 0.047430 0.914693 0.305169 0.047430 0.467171 0.078259 0.796739 0.481577 0.056915 0.700207 0.530723 0.411100 0.093673 0.049801 0.486414 0.057508 1.154173 0.996288 0.049801 1.484229 0.080037 0.658408 0.620595 1.282444 1.814306 1.236018 1.236018 0.082409 0.055137 0.058101 0.251813 0.391474 0.386685 0.047430 0.395215 0.064030 0.047430 0.082643 0.082643 0.363152 0.145835 0.047430 0.047430 0.047430 0.070551 0.075887 0.292445 0.075887 0.420272 0.771303 1.552936 0.816055 0.730747
0.609154 0.609154 1.292763 0.990589 1.013449 2.108213 1.687273 0.626350 0.626350 0.709309 0.047430 0.700207 0.603468 0.401997 0.055137 1.486339 0.078259 0.137349 0.137349 0.749345 0.251813 0.950994 0.573856 0.055730 0.065216 0.047430 0.047430 0.063437 0.077073 0.077073 1.877706 0.486414 0.443505 0.600633 0.563595 1.056768 2.539948 0.288259 0.047430 0.047430 0.047430 0.052765 0.255753 0.441162 0.255753 0.175396 0.363152 0.224999 0.057508 0.048615 0.047430 0.047430 0.047430 0.047430 0.057508 0.064623 0.064623 0.445852 0.247900 0.053358 0.240157 1.334400 2.349936
0.467171 0.523241 0.050987 1.223771 0.074109 1.664034 1.431463 0.774462 0.589378 0.838851 0.401997 0.597805 1.556546 1.282444 0.093673 0.055137 0.538244 0.195998 0.889825 0.259720 0.498582 0.617726 0.623469 1.682151 0.158881 0.047430 0.047430 0.047430 0.049801 0.075887 0.236326 1.822655 0.479165 0.632127 0.646670 1.056768 0.309465 0.083595 0.047430 0.049208 0.363152 0.313788 0.255753 0.441162 0.047430 0.563595 0.545804 0.443505 0.443505 0.047430 0.047430 0.047430 0.047430 0.054544 0.047430 0.467171 0.479165 0.523241 0.150142 0.543280 0.072330 0.697184 0.573856
0.498582 0.540760 0.137349 0.959435 0.275863 0.381924 0.911919 0.508394 0.752465 0.120879 0.973556 0.664311 0.513325 0.513325 0.550866 0.533226 0.703235 0.467171 0.712355 0.349360 0.455284 0.617726 0.431835 0.047430 0.047430 0.047430 0.047430 0.448204 0.049801 0.075887 0.062844 0.062844 0.923031 2.353238 0.367804 2.843822 0.322517 0.047430 0.075294 0.623469 0.064623 0.064623 0.363152 0.047430 0.185574 1.142212 0.441162 0.363152 0.047430 0.055137 0.047430 0.047430 0.047430 0.056323 0.047430 0.670236 0.093673 0.386685 0.796739 0.417972 0.047430 0.065216 0.476758
0.498582 0.192496 0.408818 1.480007 1.238366 0.377190 0.377190 1.458900 0.059287 0.075294 0.078852 0.084780 0.936979 0.643750 0.084187 0.700207 0.664311 0.457653 0.617726 0.777627 0.617726 0.505934 0.048022 0.066994 0.066994 1.766394 0.581598 0.062251 0.448204 0.071737 0.746232 0.078259 1.357608 1.357608 0.790345 2.364347 2.159205 0.417972 0.168748 0.105081 0.224999 0.372483 0.185574 0.120879 0.047430 0.288259 0.054544 0.065808 0.047430 0.064030 0.063437 0.047430 0.047430 0.047430 0.116866 0.047430 0.427197 0.182154 0.697184 0.065216 0.065216 0.071144 0.047430
1.240407 1.254121 0.399732 1.097738 1.136248 0.848706 0.626350 0.078852 0.061658 0.617726 0.884327 1.544635 0.819295 0.072330 0.213918 0.865245 0.774462 0.626350 0.629235 2.318564 1.588381 0.709309 0.189021 0.081223 0.047430 0.438824 1.245421 0.594981 0.581598 1.024942 1.240407 1.712432 2.146257 2.328523 2.211645 1.913054 0.137349 0.053951 0.318139 0.105081 1.062589 0.481577 0.609154 0.953805 0.047430 0.054544 0.054544 0.075887 0.063437 0.050987 0.158881 0.047430 0.047430 0.047430 0.047430 0.047430 0.047430 0.386685 0.652528 0.367804 0.047430 0.434160 0.047430
0.609154 0.626350 1.328071 1.298863 0.774462 1.097738 0.626350 0.221278 0.073516 0.162210 0.399732 0.755590 0.796739 0.513325 0.626350 1.292059 1.280887 2.398300 2.398300 1.127321 1.522226 0.434160 0.047430 0.047430 0.055137 0.438824 1.886204 1.277712 0.488839 0.488839 1.292763 1.574688 2.146257 2.629816 2.769470 2.097808 0.047430 0.055137 1.068421 0.448204 0.436490 0.305169 0.078852 0.101236 0.047430 0.047430 0.047430 0.158881 0.279968 0.055137 0.498582 0.053358 0.068180 0.047430 0.047430 0.047430 0.054544 0.408818 0.579013 0.047430 0.047430 0.081816 0.047430
1.238366 2.599299 2.113921 1.700009 0.774462 1.211566 0.626350 1.065504 0.047430 0.124933 0.124933 0.063437 1.154173 1.268555 0.505934 1.520115 0.832309 1.458900 0.875236 1.488450 1.586029 0.581598 0.049801 0.047430 0.568717 0.448204 0.452919 0.493702 1.097738 0.649596 0.727668 2.537518 2.815136 1.416690 2.714712 2.031717 0.790345 0.790345 1.869097 1.666640 0.443505 0.555944 0.101236 0.071737 0.047430 0.047430 0.047430 0.279968 0.228747 0.518275 0.060473 0.053951 0.047430 0.047430 0.062844 0.055730 0.275863 0.047430 0.071144 0.251813 0.047430 0.049801 0.112896
2.278686 1.675715 1.675715 1.909000 1.282444 1.226829 1.100685 1.239389 0.300900 0.047430 0.508394 1.666640 0.579013 1.458900 1.583650 2.099296 1.282444 1.431463 0.855304 2.372881 0.903614 0.154490 0.047430 0.065216 0.448204 0.448204 0.154490 0.488839 0.649596 1.272795 1.272795 2.818117 3.103131 0.566154 0.047430 0.417972 0.071144 0.483993 1.764315 0.457653 0.081223 0.075294 0.224999 0.071737 0.129030 0.069959 0.064623 0.488839 0.367804 0.395215 0.060473 0.069959 0.065216 0.047430 0.047430 0.055137 0.236326 0.236326 0.875236 0.761858 0.358527 0.513325 0.129030
0.973556 1.712432 1.393478 1.310368 1.319633 1.628264 1.027822 0.399732 0.240157 0.240157 0.108967 0.108967 0.481577 1.872339 0.718463 1.268555 1.100685 1.925510 0.987744 1.238366 0.528225 0.048615 0.048615 0.047430 0.488839 1.264186 1.316177 0.448204 0.488839 0.909148 1.885148 0.391474 0.417972 0.510857 0.057508 0.082409 0.071144 0.080037 1.488450 0.809594 0.210279 0.064623 0.199527 0.068773 0.074109 0.060473 0.518275 0.411100 0.589378 0.589378 0.349360 0.105081 0.047430 0.047430 0.047430 0.053951 0.224999 0.340303 0.052765 0.548333 0.543280 0.401997 0.185574
0.682156 0.685150 2.368113 1.308100 1.513781 1.237337 1.124351 0.145835 0.240157 0.057508 0.455284 0.397471 0.579013 0.973556 0.973556 0.682156 2.540259 2.198586 1.488450 1.239389 1.024942 0.154490 0.047430 1.855975 1.704149 1.019190 1.488450 0.533226 1.289918 2.368113 0.755590 1.876636 0.670236 0.168748 0.057508 0.116866 0.240157 0.471955 1.664034 0.566154 0.413386 0.413386 0.074109 0.411100 0.597805 0.069366 0.089954 0.178761 0.411100 0.158881 0.175396 0.053951 0.047430 0.047430 0.047430 0.047430 0.093673 0.331355 0.162210 0.548333 0.589378 0.397471 0.483993
0.987744 0.685150 0.928602 1.139229 1.336510 1.401919 1.401919 0.746232 0.078852 0.059880 0.309465 0.558490 0.603468 1.488450 2.602645 2.241858 1.555648 2.382416 1.236018 0.996288 0.048615 0.049801 0.049801 0.715406 1.488450 0.594981 0.530723 1.915070 2.288662 1.541812 0.460026 1.361828 0.903614 2.288662 2.288662 0.349360 0.422576 1.571337 0.973556 1.239389 0.300900 0.078259 0.182154 0.075887 0.358527 0.259720 0.404266 0.178761 0.300900 0.476758 0.335815 0.047430 0.047430 0.047430 0.047430 0.047430 0.084187 0.488839 0.182154 0.579013 0.496139 0.496139 0.072923
0.573856 0.832309 1.835189 0.047430 1.581243 1.985199 1.323852 0.635024 0.047430 0.093673 0.178761 0.586780 1.151179 2.837259 2.531318 1.245421 0.682156 1.471564 0.996288 0.558490 0.056323 0.047430 0.053951 0.533226 1.255061 0.906380 0.488839 0.715406 0.906380 2.091849 1.968300 2.058898 2.697251 2.516624 2.531318 2.812876 2.227834 0.649596 0.973556 0.597805 0.300900 0.165465 0.279968 0.081816 0.079444 0.224999 0.568717 0.275863 0.548333 0.097433 0.224999 0.069366 0.047430 0.047430 0.047430 0.047430 0.047430 0.417972 0.483993 0.047430 0.761858 0.420272 0.523241
0.609154 1.214613 1.450457 0.592164 0.050987 0.586780 0.822540 0.047430 0.124933 0.047430 0.075294 0.313788 1.151179 1.632292 2.918591 2.043822 1.632292 0.491268 0.491268 1.045158 0.082643 0.053358 0.448204 0.594981 0.491268 0.906380 0.488839 1.612015 1.679581 2.363344 2.643946 3.071537 3.074635 2.963152 2.913385 3.146561 2.929991 2.152159 0.906380 0.845415 0.165465 0.353930 0.462403 0.300900 1.803876 0.855304 0.855304 0.483993 0.513325 0.372483 0.505934 0.047430 0.054544 0.047430 0.047430 0.047430 0.052765 0.491268 0.047430 0.845415 0.448204 0.594981 0.206668
