Example_Watersheds/WA_MashelWatershed/DataInputs/o_3_ChemistryPools/Mashel_1990_Pools/N_g_Det_BgStem_1.asc
ncols         923
nrows         455
xllcorner     550005.67551598
yllcorner     5180549.8134422
cellsize      30
NODATA_value  -9999
[rows 308 to 335 of 455, columns 189 to 251 of 923]
2.963363 3.109037 5.484165 5.867247 3.618383 2.747971 2.556516 4.424912 3.360835 0.752060 0.855856 1.266790 0.713866 1.681715 1.620088 1.313932 0.742261 0.776224 0.775777 0.733858 0.939819 1.218966 1.107483 4.776054 3.859299 3.752248 3.859299 4.037171 1.142275 3.859299 1.852650 2.680782 1.467159 1.864691 1.053992 5.331968 4.954030 4.641110 4.641110 4.641110 3.389827 4.737160 1.333408 3.717387 3.717387 4.333233 3.745461 3.820526 3.820526 5.785361 5.033786 3.455884 3.501557 2.328898 3.455884 1.828058 3.635291 2.811103 3.891347 4.112711 3.273898 4.715430 2.631339
3.714981 4.791156 5.867247 2.631339 1.193146 0.734439 0.716352 5.859555 2.067614 0.813398 1.352807 0.706256 1.745589 1.745589 2.626485 1.716777 0.716456 0.716456 1.425341 2.652312 1.040335 2.466426 5.745000 5.605628 3.859299 3.859299 4.920606 5.322595 5.073347 3.772056 3.859299 3.740885 1.864691 2.821833 5.609833 4.879488 5.520547 4.437636 4.641110 4.060628 4.060628 4.465115 3.265924 5.050478 4.099500 4.210167 3.519594 5.664193 3.832370 5.664193 4.060628 2.328898 2.328898 2.453405 2.328898 2.453405 4.473922 2.940861 3.925160 2.652312 3.702795 0.811561 1.376227
3.724544 5.867247 3.714981 3.682764 3.618383 3.618383 1.864691 3.081681 3.439941 5.193861 1.352807 1.650711 2.002215 1.658865 1.844528 1.721460 1.715602 0.716456 0.908818 1.312407 1.289766 3.345899 6.435005 4.721005 3.859299 3.859299 3.859299 6.466429 4.731870 3.859299 5.597857 3.740885 2.613364 2.613364 1.400262 5.607519 4.060628 5.594377 3.849770 4.641110 3.799330 3.241338 4.465115 3.832370 3.643434 4.737160 1.738773 5.664193 4.692179 5.607519 2.328898 3.350910 2.648170 3.345899 4.333233 3.805447 2.785392 2.422932 1.995664 3.707700 2.570700 1.734195 4.462141
5.331968 5.750435 3.859299 3.859299 3.638016 4.591431 2.631339 5.312237 1.914772 1.620088 1.352807 1.352807 3.646128 0.876178 2.926184 0.856396 1.620088 0.749787 1.627275 1.624204 0.816204 2.392695 6.304064 5.321609 3.859299 3.859299 3.859299 4.293470 6.483914 5.463648 5.553404 5.305039 6.442772 2.708341 5.867247 3.654148 4.431313 2.079383 2.820057 3.749996 4.145405 3.717387 3.654148 5.422811 5.242959 4.210167 3.519594 4.176784 4.641110 5.609833 4.561376 2.453405 2.453405 3.883251 2.357336 4.623902 2.785392 4.091404 4.762182 2.328898 4.125569 3.222243 1.738773
5.607519 3.682764 1.421333 2.704460 1.595954 2.932508 3.714981 5.327644 0.798617 3.000616 1.352807 1.352807 1.352807 5.568163 3.549469 4.609708 1.716777 1.716777 3.142643 1.483155 2.629725 5.019332 5.321609 5.321609 3.859299 3.859299 3.859299 6.571338 5.608026 6.705532 6.442772 4.920606 5.608026 6.442772 2.358979 3.885962 4.043120 4.283917 4.091404 4.354242 4.120468 4.468071 3.654148 3.717387 3.749996 3.749996 4.818350 3.519594 2.165370 4.773802 4.520487 4.255275 3.396893 3.749996 1.593817 4.381389 3.724544 4.060628 2.648170 1.913425 1.738773 1.758114 3.888661
3.707700 3.930179 4.418432 0.984985 4.350168 5.063993 3.866730 1.433297 4.123025 4.123025 0.797320 1.352807 1.387011 1.536269 1.077311 2.347410 1.712066 0.735920 3.859299 4.786960 3.788964 5.019332 5.250989 4.247129 3.859299 3.859299 3.859299 4.245229 5.608026 5.837190 5.591482 5.608026 4.341711 6.705532 4.992136 3.885962 1.079087 1.079087 3.726909 1.983725 5.240200 4.858876 4.641110 4.747454 4.255275 5.258649 4.731870 2.190798 1.578697 4.837210 3.016676 4.620389 3.659444 4.698134 4.120468 2.344074 4.096815 2.232057 1.828058 2.264623 1.958008 5.527079 4.791156
3.736267 4.695168 4.695168 3.527186 2.932508 5.240200 5.263549 4.293470 1.290572 0.919568 1.107483 1.352807 0.752410 0.724364 1.077311 2.173944 3.714981 3.772056 5.305039 3.859299 3.859299 5.321609 6.264553 3.877793 3.859299 3.859299 5.234557 3.859299 3.859299 3.859299 3.859299 3.859299 3.859299 3.859299 3.859299 5.865491 4.946051 4.773802 3.166253 4.324382 3.717387 4.424912 5.607519 3.186909 5.258649 4.641110 4.954030 3.702795 4.731870 4.431313 5.317253 3.752248 4.012809 3.767726 3.415376 2.193569 4.015904 4.641110 2.529227 3.036435 4.088676 5.343586 5.484165
4.049013 5.035245 2.076034 1.814524 3.279805 4.312959 3.859299 6.427562 1.709699 1.712066 1.107624 3.065287 1.017604 0.746741 1.107483 2.182420 4.538011 3.772056 5.176353 3.859299 3.859299 3.859299 3.859299 3.859299 3.859299 3.859299 3.859299 5.065330 3.859299 6.087184 5.258295 6.719787 3.894021 5.861645 3.832370 5.322595 6.466429 6.278108 4.120468 5.545187 4.326618 2.674758 4.706889 2.953220 4.446972 3.115728 4.954030 4.213106 4.333233 4.333233 3.315151 5.785361 5.325305 4.855338 5.609833 4.773802 2.936696 5.216641 2.552930 3.036435 5.240200 0.953316 4.072017
2.932508 2.631339 2.197704 1.864691 3.714981 2.076034 4.255275 6.427562 5.582561 1.285719 2.513134 1.316213 1.620088 1.491041 1.491041 1.107483 0.962355 2.034111 0.887954 4.776054 3.740885 5.328997 4.791156 6.482189 3.859299 3.859299 3.598575 2.959323 3.563912 5.436981 3.859299 6.262455 3.894021 3.859299 3.859299 4.326618 6.442772 6.466429 6.536126 5.545187 5.561063 5.561063 3.320357 4.564844 5.480186 2.040318 4.837210 3.200367 4.431313 3.519594 2.618314 2.197704 5.606534 4.606100 5.530252 5.601236 4.333233 4.810601 2.682781 2.376825 2.740580 0.830575 1.025369
3.109037 1.090479 3.009158 3.571009 5.047065 5.880031 5.880031 3.859299 3.835301 1.657705 2.305709 0.722232 1.011423 4.602469 0.978043 3.935149 4.281393 2.273000 0.887954 3.859299 2.337363 1.864691 2.631339 2.664625 3.859299 3.859299 6.250616 2.289515 2.560086 6.442772 3.859299 3.763355 4.370874 1.191047 1.937344 3.859299 5.597023 5.354955 5.561063 5.354955 5.354955 5.547742 5.073347 4.213106 4.074829 4.120468 5.775940 5.216641 5.664193 2.844487 3.654148 2.772183 4.110097 5.325305 5.503131 3.368193 2.525520 3.875045 2.953220 4.683067 2.631339 3.279805 0.979905
2.680782 1.864691 1.142275 2.781642 5.240200 5.480186 4.395134 4.810601 3.261896 3.616219 1.203529 0.856779 0.851392 0.791159 1.040372 3.859299 5.306536 3.802395 4.712607 3.859299 5.305039 5.150109 0.707262 2.957294 3.859299 6.435359 3.859299 3.859299 5.303475 6.442772 5.065330 4.775882 3.859299 4.773802 3.859299 5.219730 5.019332 5.692466 5.644225 5.354955 5.354955 5.258295 4.983312 2.674758 4.814490 1.059949 5.268284 4.462141 5.867247 5.825776 3.654148 5.030779 3.875045 3.875045 4.908431 5.561063 5.530252 4.260626 5.530252 2.357336 4.620389 1.160614 0.866788
2.926184 1.864691 2.631339 3.872286 5.480186 5.216641 2.016427 6.498980 3.024135 0.749785 0.712293 1.458598 1.076731 0.993243 2.781642 5.210053 6.632789 5.859555 5.859555 6.442772 5.499501 6.157310 2.279644 0.855376 1.417536 4.360182 3.859299 3.859299 3.859299 6.442772 5.692466 3.055775 4.247129 3.859299 3.859299 5.684513 5.019332 6.442772 5.354955 6.442772 4.985562 4.088676 4.983312 2.674758 2.521818 3.365748 3.365748 4.778283 3.826473 5.484165 5.850080 4.840894 4.709760 2.328898 5.716151 4.840894 3.877793 5.130127 2.357336 3.614045 2.589782 1.168037 1.033647
1.864691 5.879416 3.714981 1.149326 3.009158 3.281760 1.467159 1.606544 5.604332 0.707311 0.707311 1.005841 1.158371 1.392342 0.993243 4.296297 6.646281 6.646281 4.920606 6.646281 6.727296 3.710137 2.279644 2.821833 2.305709 4.331044 3.859299 3.859299 6.442772 6.609049 6.442772 6.646281 3.955781 6.135872 3.859299 4.308278 4.920606 6.442772 6.442772 5.692466 6.442772 6.442772 6.466429 4.905332 5.513767 4.356579 5.850080 5.484165 4.176784 5.317253 4.840894 5.609502 3.217923 4.954030 4.623902 4.778283 4.641110 5.867247 3.422173 4.354242 3.149799 0.707812 2.036601
2.891594 5.879416 2.192185 2.192185 3.571009 5.240200 2.716048 0.947199 4.077627 2.024061 2.523661 1.158371 3.551899 3.102286 5.295040 5.553404 6.705532 4.968847 6.442772 5.210053 3.859299 5.609173 5.308042 4.247129 3.081681 3.859299 6.372722 3.859299 5.017089 6.536126 4.920606 3.859299 3.859299 4.520487 4.110097 6.255340 4.339703 6.466429 6.466429 6.442772 4.920606 6.466429 4.326618 5.059254 5.126007 3.932670 4.080410 2.830643 5.216641 3.832370 4.512682 3.826473 5.503131 5.258649 4.623902 5.063993 4.074829 2.328898 2.328898 4.326618 3.814531 4.837210 3.888661
3.714981 5.955113 5.240200 2.453405 3.872286 3.726909 5.281499 5.042104 3.385077 2.698604 0.750469 2.176781 6.536126 5.228750 3.859299 6.646281 2.979298 3.859299 3.859299 2.854668 4.966743 5.484165 5.484165 0.759377 4.440767 5.305039 3.859299 3.859299 3.859299 5.210053 3.651485 5.459359 4.196988 4.520487 3.275874 2.851294 4.326618 6.536126 6.466429 6.466429 4.920606 4.920606 3.859299 3.859299 3.859299 2.859694 4.974020 2.830643 5.607144 5.867247 5.867247 3.712564 5.607519 5.484165 1.741052 5.422811 5.317253 3.859299 3.079359 4.043120 2.357336 2.616668 2.938781
5.033786 3.788964 3.614045 5.480186 4.195232 3.415376 4.538011 2.297652 4.476818 0.976642 3.984320 6.410818 4.920606 3.859299 3.859299 3.859299 3.859299 2.598295 2.142025 0.934253 1.620088 1.226836 0.753129 0.869698 5.578757 3.859299 3.859299 3.859299 3.859299 5.403018 3.942513 3.859299 3.859299 5.240200 5.981913 4.926408 5.354777 6.536126 3.859299 3.859299 4.920606 3.859299 3.859299 3.859299 6.510688 2.983225 4.363766 2.721779 2.197704 5.664193 5.607519 4.525592 4.667405 5.033786 2.328898 5.510284 5.599422 3.859299 3.549469 4.905332 4.620389 3.993944 1.828058
4.186080 3.705253 3.635291 3.573357 3.461395 3.415376 2.105766 2.105766 5.048232 3.912399 1.568319 4.276297 3.859299 5.293230 3.859299 0.948224 4.140531 1.253671 1.078499 0.814441 0.932851 0.713467 0.708585 1.546757 0.887954 3.859299 3.859299 5.326126 3.859299 3.152170 0.767237 1.097207 0.732975 3.731609 0.816566 2.734989 3.859299 6.466429 5.210053 5.210053 3.859299 3.859299 3.859299 3.859299 4.252576 4.006577 3.796253 2.197704 3.475012 2.859694 4.609708 2.932508 4.434484 4.840894 3.387456 4.637716 4.657723 3.859299 3.549469 3.299339 3.571009 3.607470 3.177798
4.992136 5.480186 5.240200 2.940861 3.504161 3.726909 5.325305 5.599045 5.017580 3.036435 0.929562 3.778473 3.859299 0.791159 1.214405 2.128259 0.797579 1.292986 0.746454 2.069303 0.958358 0.791159 0.956347 1.513246 3.149799 5.955113 5.480186 3.859299 4.793219 5.318403 1.555045 1.566293 1.102049 1.107483 1.352807 5.606321 5.545187 6.466429 4.920606 3.859299 6.646281 6.442772 5.499501 3.859299 4.252576 4.224702 3.320357 2.504355 1.864691 2.488308 2.605032 2.932508 4.271137 4.315276 4.315276 3.726909 4.795257 4.446972 4.676873 3.444302 3.177798 1.738773 3.120156
5.240200 2.072674 2.700560 4.337562 3.758943 4.003440 0.763412 6.210004 5.048232 2.820057 2.787260 3.859299 3.859299 2.516619 1.303952 0.718928 0.917949 1.545714 0.855401 0.855401 0.868043 1.253671 1.146285 0.930033 0.877760 3.220087 6.362239 3.859299 5.822236 5.318403 1.555045 0.845584 1.566293 1.593817 5.607519 5.321609 6.442772 5.499501 3.859299 6.442772 6.442772 4.920606 6.536126 3.859299 3.859299 4.564844 4.564844 3.320357 4.120468 3.320357 1.880481 5.354777 2.286237 2.411295 5.240200 5.664193 3.959268 4.840894 3.522134 3.799330 3.207003 3.805447 3.609671
4.620389 3.778473 4.411873 4.515303 4.791156 4.620389 2.891594 4.660974 4.793219 2.820057 5.539399 5.539399 3.859299 4.456132 6.265464 5.609173 5.325305 3.997124 1.214405 1.620088 1.483155 1.271777 1.747847 1.148567 1.065750 5.601572 3.859299 3.859299 5.417963 4.405237 2.185224 5.722144 3.170892 0.912639 3.859299 6.442772 6.442772 6.477320 5.933672 5.933672 6.705532 6.223119 6.442772 5.605099 5.499501 3.859299 3.859299 3.717387 5.322595 4.572559 1.013116 1.366191 2.460869 2.134585 0.763412 5.609833 5.376950 4.954030 4.762182 3.424423 5.033786 4.140531 3.609671
5.376950 3.036435 4.411873 3.835301 3.835301 4.260626 5.240200 3.859299 4.981033 5.360547 3.859299 3.859299 5.608026 3.859299 3.859299 4.920606 4.319861 1.552981 1.572356 0.814441 1.620088 0.780891 1.148567 1.083769 1.041359 3.433339 3.859299 3.859299 3.859299 3.859299 4.247129 3.859299 5.697503 4.293853 3.859299 3.859299 5.933672 6.442772 6.477320 6.657291 3.859299 6.223119 6.442772 6.442772 3.859299 3.859299 3.859299 3.859299 5.322595 5.697503 4.468071 4.749969 4.117896 1.542579 3.726909 5.609833 5.330718 4.283917 4.951399 5.240200 2.422932 4.356579 4.354242
4.326618 3.835301 4.686128 5.480186 3.832370 5.609833 3.754490 5.609678 4.540436 3.859299 5.578757 3.859299 3.859299 6.157310 3.859299 3.859299 4.148746 1.669230 1.108041 1.130188 0.969411 0.822576 0.710182 0.710182 0.856836 2.121889 3.433339 3.859299 3.859299 3.859299 3.859299 3.859299 3.859299 3.859299 3.859299 5.327644 6.477320 6.442772 6.705532 6.646281 6.442772 5.933672 5.933672 4.920606 3.859299 3.859299 3.859299 3.859299 3.859299 3.859299 5.321609 5.321609 0.999305 3.382689 1.542579 2.340725 5.146195 5.587801 5.029231 5.376950 2.682781 3.149799 1.758114
4.331044 4.450045 4.773802 4.523049 4.326618 5.825776 3.519594 2.940861 2.460869 5.376950 1.123368 3.802395 5.620541 6.157310 4.173654 3.859299 3.859299 2.551131 2.644010 5.213510 4.096815 5.716151 0.730871 0.708281 1.890840 0.865724 4.542841 3.859299 3.859299 3.859299 3.859299 3.859299 3.859299 3.859299 3.859299 3.859299 6.442772 5.499501 6.442772 6.442772 5.933672 3.859299 3.859299 3.859299 3.859299 5.602239 3.859299 3.859299 3.859299 3.859299 3.859299 2.251052 1.151598 4.049013 3.638016 4.099500 4.249860 5.692466 4.778283 5.870423 5.484165 4.354242 4.520487
3.360835 4.698134 4.892644 4.825982 4.468071 4.851771 3.519594 4.224702 4.224702 0.942578 1.666938 2.254464 1.243832 2.179606 0.751105 4.018985 1.736488 0.950776 3.859299 5.609173 4.148746 6.632789 5.318403 0.818570 0.716340 1.419322 5.210053 3.859299 3.859299 3.859299 3.859299 6.802014 3.859299 4.825982 3.859299 3.100023 3.859299 6.126637 6.442772 6.442772 6.536126 6.536126 6.223119 5.933672 5.933672 5.602239 3.859299 3.859299 3.859299 3.859299 4.515303 3.672502 1.151598 5.872498 5.330718 3.710137 1.251414 2.626485 6.427562 5.870423 3.399232 2.391123 5.033786
6.410818 5.134206 3.519594 3.081681 5.533363 4.882821 4.411873 3.859299 4.583953 2.084385 2.961346 0.716364 1.084502 1.095640 1.841804 0.734439 1.852650 5.096010 3.859299 5.245677 6.442772 5.245677 6.646281 6.112496 4.775882 4.775882 3.859299 3.859299 3.859299 3.859299 4.968847 5.866362 4.534676 3.859299 1.059351 4.456132 3.859299 3.859299 6.442772 6.477320 6.126637 6.442772 5.933672 3.859299 3.859299 3.859299 3.859299 3.859299 3.859299 3.859299 5.354777 5.703830 4.647826 0.713395 2.650243 2.650243 3.444302 3.987542 2.965375 2.926184 1.542579 2.841055 4.213106
3.859299 5.881890 1.763178 5.556019 2.874510 4.418432 5.599422 1.460509 2.084385 5.403049 2.682781 3.431122 0.865506 1.002038 2.951174 2.542075 3.081681 5.096010 5.875439 3.859299 3.859299 3.859299 4.876126 6.442772 6.632789 6.536126 3.859299 3.859299 3.859299 3.859299 3.859299 6.223119 3.717387 2.738721 2.305709 3.859299 4.099500 6.223119 6.477320 6.477320 6.442772 6.442772 6.442772 5.588340 5.606951 5.684513 6.536126 6.536126 6.536126 3.859299 3.859299 4.534676 3.859299 2.977326 1.707326 0.749342 2.409764 3.000616 2.911229 1.542579 4.695168 3.547030 5.306536
5.306536 4.775882 5.697503 5.556019 2.809298 5.096010 4.729190 1.197321 2.271331 4.244381 2.682781 2.880970 2.880970 5.019332 4.326618 4.679982 4.247129 4.326618 3.859299 5.326126 4.443880 2.864676 5.609844 3.859299 6.442772 6.536126 3.859299 3.859299 4.824124 3.859299 6.258067 5.499501 6.264553 2.077710 3.651485 3.859299 3.859299 6.223119 5.306536 6.536126 6.536126 6.466429 5.837190 6.442772 3.859299 3.859299 3.859299 3.859299 6.442772 3.859299 5.499501 3.859299 5.320581 4.851771 3.498944 0.851392 2.409764 4.198251 2.179606 0.918354 3.662076 2.173944 3.859299
5.281499 5.082536 6.264687 3.956911 4.110097 4.606100 1.035327 1.571349 5.677851 3.956911 1.734195 4.037171 2.397391 3.859299 1.190346 1.949036 3.859299 6.401870 5.598253 2.310505 1.567307 0.791159 2.004820 1.610738 6.536126 3.859299 3.859299 5.210053 3.859299 3.859299 3.859299 3.859299 3.859299 3.859299 1.191047 2.837603 5.289484 5.322595 6.435005 5.499501 6.442772 5.210053 5.837190 4.920606 3.859299 3.859299 3.859299 3.859299 6.536126 3.859299 3.859299 3.859299 3.859299 6.126637 4.572559 3.428897 3.859299 5.109113 2.746130 2.746130 4.424912 2.942935 4.564844
