Example_Watersheds/WA_MashelWatershed/DataInputs/o_3_ChemistryPools/Mashel_1990_Pools/N_g_Humus_4.asc
ncols         923
nrows         455
xllcorner     550005.67551598
yllcorner     5180549.8134422
cellsize      30
NODATA_value  -9999
[rows 84 to 111 of 455, columns 63 to 125 of 923]
0.385510 0.385510 0.385510 0.385510 0.385510 0.385510 0.385510 0.385510 0.385510 0.385510 0.385510 0.385510 0.385510 0.385510 0.655698 0.385510 0.625004 0.629170 0.656014 0.385510 0.385510 0.385510 0.385510 0.602359 0.568627 0.577443 0.511448 0.591163 0.632636 0.632636 0.631537 0.549694 0.538082 0.409713 0.634385 0.471774 0.403801 0.585038 0.606851 0.629114 0.655030 0.691496 0.701518 0.385510 0.385510 0.385510 0.385510 0.385510 0.385510 0.652194 0.385989 0.622921 0.519364 0.623220 0.581477 0.600031 0.460873 0.655865 0.582264 0.470200 0.585115 0.585115 0.624165
0.385510 0.385510 0.385510 0.385510 0.385510 0.385510 0.385510 0.385510 0.385510 0.385510 0.385510 0.385510 0.385510 0.385510 0.385510 0.385510 0.625004 0.385510 0.385510 0.385510 0.558521 0.385510 0.385510 0.602359 0.385510 0.412371 0.412371 0.590610 0.434391 0.630256 0.540622 0.522813 0.538082 0.536536 0.533569 0.385510 0.591086 0.238261 0.537689 0.634356 0.622997 0.708804 0.601070 0.385510 0.385510 0.385510 0.385510 0.385510 0.385510 0.385510 0.456351 0.598023 0.562168 0.651564 0.651564 0.385510 0.607441 0.523121 0.388474 0.501547 0.576917 0.615033 0.385510
0.385510 0.385510 0.385510 0.385510 0.385510 0.385510 0.385510 0.385510 0.385510 0.385510 0.385510 0.385510 0.385510 0.385510 0.385510 0.385510 0.570861 0.307871 0.307871 0.565937 0.464315 0.578430 0.617289 0.467431 0.573529 0.388937 0.579764 0.478305 0.533421 0.535758 0.550669 0.580621 0.598865 0.505680 0.385510 0.656956 0.385510 0.385510 0.650998 0.589678 0.623072 0.623072 0.385510 0.385510 0.385510 0.385510 0.385510 0.399967 0.385510 0.385510 0.443336 0.402806 0.634123 0.622609 0.670848 0.385510 0.562532 0.525544 0.308462 0.318285 0.647166 0.574310 0.385510
0.385510 0.385510 0.385510 0.385510 0.385510 0.385510 0.385510 0.385510 0.385510 0.385510 0.385510 0.385510 0.385510 0.385510 0.385510 0.385510 0.300900 0.488470 0.479367 0.504119 0.385510 0.385510 0.385510 0.683158 0.385510 0.548605 0.506797 0.513078 0.463681 0.472608 0.496816 0.535758 0.580621 0.134304 0.385510 0.668524 0.612259 0.591086 0.558772 0.631206 0.584485 0.693569 0.709044 0.699954 0.385510 0.605113 0.708804 0.587903 0.385510 0.689559 0.665992 0.564181 0.543073 0.571755 0.647193 0.647166 0.609052 0.504355 0.612422 0.433117 0.601009 0.385510 0.385510
0.385510 0.385510 0.385510 0.385510 0.385510 0.385510 0.385510 0.385510 0.385510 0.385510 0.385510 0.385510 0.385510 0.385510 0.385510 0.385510 0.420882 0.504119 0.526581 0.534721 0.385510 0.385510 0.385510 0.385510 0.385510 0.640657 0.536674 0.513078 0.446957 0.587479 0.587479 0.358403 0.422514 0.503079 0.618748 0.385510 0.537689 0.643721 0.629490 0.618483 0.641035 0.661052 0.604800 0.553100 0.648612 0.645589 0.709195 0.677395 0.385510 0.705693 0.634440 0.625334 0.646367 0.649789 0.651499 0.537356 0.383790 0.568825 0.568825 0.535829 0.581058 0.604959 0.385510
0.385510 0.385510 0.385510 0.385510 0.385510 0.385510 0.385510 0.385510 0.385510 0.385510 0.385510 0.385510 0.621635 0.385510 0.385510 0.385510 0.532594 0.655917 0.634123 0.385510 0.385510 0.385510 0.385510 0.385510 0.638415 0.689925 0.573395 0.651522 0.571397 0.446957 0.351907 0.559499 0.479367 0.446957 0.509258 0.385510 0.385510 0.591621 0.517184 0.635175 0.595691 0.547159 0.604800 0.563098 0.596499 0.610471 0.574119 0.385510 0.467431 0.693729 0.693729 0.709044 0.642396 0.609109 0.655432 0.570236 0.470370 0.424045 0.619584 0.535829 0.385510 0.610755 0.385510
0.385510 0.385510 0.385510 0.385510 0.385510 0.385510 0.385510 0.385510 0.385510 0.385510 0.385510 0.385510 0.385510 0.385510 0.604800 0.604800 0.613681 0.385510 0.629686 0.655917 0.616816 0.385510 0.385510 0.385510 0.567810 0.355090 0.388474 0.570861 0.388474 0.388474 0.391274 0.256119 0.523121 0.589934 0.455409 0.440193 0.307871 0.344607 0.517184 0.651448 0.625910 0.604800 0.641919 0.570300 0.515471 0.540118 0.568325 0.385510 0.677396 0.654285 0.701780 0.629638 0.567748 0.583746 0.585115 0.576158 0.404785 0.592899 0.604746 0.501163 0.385510 0.385510 0.690465
0.385510 0.385510 0.385510 0.385510 0.385510 0.385510 0.385510 0.385510 0.385510 0.385510 0.385510 0.385510 0.385510 0.385510 0.385510 0.385510 0.385510 0.385510 0.623506 0.628298 0.681396 0.385510 0.385510 0.385510 0.567810 0.385510 0.569514 0.585421 0.620417 0.659388 0.471774 0.256119 0.087866 0.318285 0.087866 0.567810 0.651253 0.628298 0.674007 0.628499 0.618026 0.598942 0.625910 0.473291 0.489155 0.590227 0.547159 0.385510 0.653444 0.708955 0.385510 0.649543 0.633609 0.497311 0.625664 0.570490 0.385510 0.385510 0.691146 0.606463 0.385510 0.385510 0.385510
0.385510 0.385510 0.385510 0.385510 0.385510 0.385510 0.385510 0.385510 0.385510 0.385510 0.385510 0.385510 0.385510 0.385510 0.385510 0.385510 0.385510 0.385510 0.385510 0.385510 0.385510 0.385510 0.385510 0.385510 0.385510 0.385510 0.565047 0.565047 0.694990 0.660148 0.648300 0.648300 0.667549 0.659388 0.567810 0.472250 0.636517 0.603812 0.544675 0.551107 0.624522 0.580364 0.563646 0.564976 0.641973 0.598632 0.655698 0.647244 0.641973 0.646131 0.385510 0.654112 0.626481 0.385510 0.385510 0.385510 0.682484 0.692017 0.688112 0.385510 0.385510 0.385510 0.385510
0.695714 0.656014 0.385510 0.385510 0.385510 0.385510 0.385510 0.385510 0.385510 0.385510 0.385510 0.385510 0.385510 0.385510 0.385510 0.385510 0.385510 0.385510 0.385510 0.385510 0.385510 0.385510 0.385510 0.385510 0.385510 0.385510 0.442985 0.385510 0.651670 0.634123 0.385510 0.385510 0.688504 0.625664 0.689773 0.695040 0.693715 0.385510 0.625664 0.564181 0.580557 0.644868 0.563646 0.538467 0.635175 0.659388 0.526102 0.526102 0.659388 0.672881 0.677001 0.673115 0.655481 0.640497 0.385510 0.385510 0.385510 0.385510 0.385510 0.385510 0.385510 0.659062 0.650372
0.616816 0.666117 0.385510 0.385510 0.385510 0.385510 0.385510 0.385510 0.385510 0.385510 0.385510 0.385510 0.385510 0.385510 0.385510 0.385510 0.385510 0.385510 0.385510 0.385510 0.385510 0.385510 0.385510 0.385510 0.385510 0.385510 0.580233 0.385510 0.651670 0.689280 0.385510 0.385510 0.385510 0.708847 0.385510 0.695040 0.385510 0.640910 0.385510 0.501163 0.545973 0.618748 0.691537 0.567810 0.579764 0.567028 0.666805 0.626570 0.641973 0.661638 0.647244 0.646768 0.666359 0.651215 0.636231 0.655093 0.385510 0.651637 0.385510 0.612879 0.385510 0.385510 0.385510
0.694932 0.616816 0.385510 0.385510 0.385510 0.385510 0.385510 0.385510 0.385510 0.385510 0.385510 0.385510 0.385510 0.385510 0.385510 0.385510 0.385510 0.385510 0.385510 0.385510 0.385510 0.385510 0.385510 0.385510 0.385510 0.385510 0.385510 0.385510 0.385510 0.385510 0.385510 0.385510 0.385510 0.385510 0.385510 0.385510 0.385510 0.385510 0.385510 0.385510 0.620628 0.677001 0.694544 0.542323 0.624287 0.651669 0.661638 0.661638 0.641865 0.636586 0.616576 0.637324 0.655892 0.605501 0.616576 0.385510 0.548323 0.385510 0.385510 0.385510 0.385510 0.385510 0.385510
0.662834 0.666239 0.691795 0.673115 0.679034 0.690640 0.385510 0.385510 0.385510 0.385510 0.385510 0.385510 0.385510 0.385510 0.385510 0.385510 0.385510 0.385510 0.385510 0.385510 0.385510 0.385510 0.385510 0.385510 0.385510 0.385510 0.385510 0.385510 0.385510 0.385510 0.385510 0.385510 0.385510 0.385510 0.385510 0.385510 0.385510 0.385510 0.385510 0.385510 0.585868 0.603161 0.548394 0.555612 0.542323 0.625910 0.661638 0.574804 0.555211 0.526102 0.385510 0.385510 0.547894 0.510051 0.385510 0.385510 0.385510 0.385510 0.385510 0.385510 0.385510 0.385510 0.385510
0.636586 0.604800 0.661368 0.661368 0.628939 0.596816 0.385510 0.385510 0.613243 0.385510 0.385510 0.385510 0.385510 0.586157 0.385510 0.690640 0.690640 0.385510 0.385510 0.385510 0.385510 0.385510 0.385510 0.385510 0.385510 0.385510 0.385510 0.385510 0.385510 0.385510 0.385510 0.645439 0.385510 0.385510 0.385510 0.385510 0.385510 0.385510 0.385510 0.385510 0.655917 0.638720 0.606542 0.385510 0.385510 0.385510 0.567090 0.567090 0.464044 0.550669 0.388474 0.385510 0.318285 0.385510 0.503482 0.385510 0.385510 0.385510 0.385510 0.385510 0.385510 0.385510 0.385510
0.667128 0.683500 0.604800 0.592134 0.650623 0.667485 0.661368 0.661368 0.661368 0.604800 0.385510 0.385510 0.674629 0.385510 0.471774 0.636586 0.679034 0.491525 0.385510 0.385510 0.385510 0.385510 0.385510 0.385510 0.385510 0.385510 0.385510 0.385510 0.385510 0.385510 0.385510 0.385510 0.385510 0.385510 0.385510 0.385510 0.385510 0.633705 0.385510 0.385510 0.385510 0.385510 0.385510 0.385510 0.385510 0.385510 0.385510 0.385510 0.655917 0.630033 0.385510 0.385510 0.397684 0.433543 0.385510 0.603093 0.385510 0.618483 0.593796 0.471774 0.653017 0.385510 0.385510
0.661202 0.616576 0.684135 0.635926 0.604800 0.661368 0.661368 0.661368 0.641919 0.651390 0.385510 0.385510 0.650623 0.385510 0.385510 0.604800 0.626210 0.673570 0.636091 0.678064 0.636304 0.385510 0.385510 0.385510 0.385510 0.385510 0.385510 0.385510 0.385510 0.385510 0.385510 0.385510 0.385510 0.385510 0.385510 0.385510 0.385510 0.385510 0.385510 0.385510 0.385510 0.385510 0.385510 0.385510 0.385510 0.385510 0.385510 0.385510 0.572417 0.655917 0.385510 0.584882 0.385510 0.385510 0.385510 0.385510 0.540954 0.087866 0.564181 0.385510 0.589573 0.694806 0.385510
0.669725 0.616576 0.652792 0.604800 0.626210 0.456540 0.661368 0.647746 0.661368 0.642076 0.635926 0.632151 0.650623 0.638392 0.615541 0.601428 0.606542 0.606542 0.662834 0.662643 0.662643 0.690640 0.690282 0.385510 0.385510 0.385510 0.385510 0.687663 0.385510 0.385510 0.385510 0.385510 0.385510 0.385510 0.385510 0.385510 0.385510 0.385510 0.385510 0.385510 0.385510 0.385510 0.385510 0.385510 0.385510 0.385510 0.385510 0.385510 0.385510 0.385510 0.385510 0.385510 0.385510 0.385510 0.385510 0.385510 0.588967 0.589626 0.385510 0.385510 0.385510 0.385510 0.385510
0.599317 0.628016 0.661330 0.609847 0.633406 0.620050 0.639713 0.668597 0.652677 0.639713 0.647746 0.638161 0.606542 0.650623 0.651390 0.661368 0.677137 0.650623 0.650623 0.626210 0.581240 0.651474 0.690282 0.666117 0.385510 0.385510 0.385510 0.683490 0.385510 0.687663 0.385510 0.385510 0.385510 0.385510 0.385510 0.385510 0.385510 0.385510 0.385510 0.385510 0.385510 0.385510 0.385510 0.385510 0.385510 0.385510 0.385510 0.385510 0.385510 0.385510 0.385510 0.385510 0.385510 0.385510 0.385510 0.623644 0.385510 0.385510 0.385510 0.385510 0.385510 0.651419 0.385510
0.607583 0.628016 0.654827 0.607583 0.607583 0.650305 0.668376 0.669725 0.637534 0.549919 0.603161 0.656170 0.570800 0.668451 0.642744 0.677137 0.650623 0.606542 0.662834 0.595190 0.603161 0.605311 0.665459 0.709282 0.385510 0.385510 0.385510 0.385510 0.385510 0.385510 0.654285 0.687663 0.687663 0.385510 0.385510 0.385510 0.385510 0.385510 0.385510 0.385510 0.385510 0.385510 0.385510 0.385510 0.385510 0.385510 0.385510 0.385510 0.385510 0.385510 0.385510 0.385510 0.385510 0.385510 0.385510 0.385510 0.385510 0.385510 0.385510 0.385510 0.385510 0.385510 0.385510
0.656048 0.495979 0.543000 0.557545 0.645662 0.553165 0.592062 0.535209 0.591843 0.522967 0.467947 0.540033 0.456257 0.631290 0.603161 0.661368 0.650623 0.446873 0.662834 0.650623 0.286127 0.642267 0.627330 0.668595 0.668595 0.689299 0.692761 0.385510 0.385510 0.385510 0.385510 0.385510 0.385510 0.385510 0.687663 0.385510 0.385510 0.385510 0.385510 0.385510 0.385510 0.385510 0.385510 0.385510 0.385510 0.385510 0.385510 0.385510 0.385510 0.385510 0.385510 0.385510 0.385510 0.385510 0.385510 0.385510 0.385510 0.385510 0.385510 0.385510 0.385510 0.385510 0.385510
0.580621 0.646853 0.630256 0.591545 0.516100 0.507729 0.630859 0.495481 0.477768 0.507729 0.529802 0.492235 0.546858 0.528028 0.611098 0.679123 0.601428 0.601428 0.650623 0.625378 0.087866 0.554026 0.576369 0.561037 0.577947 0.668096 0.692761 0.695332 0.385510 0.385510 0.385510 0.385510 0.385510 0.385510 0.385510 0.385510 0.385510 0.709300 0.385510 0.609492 0.632502 0.385510 0.385510 0.385510 0.385510 0.385510 0.385510 0.385510 0.385510 0.385510 0.385510 0.385510 0.385510 0.385510 0.385510 0.385510 0.385510 0.385510 0.385510 0.385510 0.385510 0.385510 0.385510
0.500541 0.500541 0.630256 0.586086 0.530989 0.507729 0.466157 0.594278 0.547159 0.547159 0.544809 0.590033 0.564474 0.630033 0.564474 0.616334 0.642076 0.642076 0.647746 0.650623 0.490976 0.563443 0.546246 0.533789 0.596434 0.668451 0.694372 0.692913 0.587903 0.385510 0.385510 0.385510 0.385510 0.385510 0.385510 0.385510 0.385510 0.385510 0.385510 0.385510 0.385510 0.385510 0.385510 0.385510 0.385510 0.385510 0.385510 0.385510 0.385510 0.385510 0.385510 0.385510 0.385510 0.385510 0.385510 0.385510 0.385510 0.385510 0.385510 0.385510 0.385510 0.385510 0.385510
0.504589 0.504589 0.515612 0.634385 0.544131 0.627644 0.453048 0.376292 0.553165 0.502006 0.596170 0.485871 0.534295 0.527707 0.645804 0.616334 0.632003 0.660880 0.556449 0.650623 0.566070 0.589466 0.593032 0.551747 0.542558 0.638929 0.575944 0.613200 0.693569 0.693569 0.584803 0.645729 0.385510 0.385510 0.385510 0.385510 0.385510 0.385510 0.385510 0.385510 0.385510 0.385510 0.385510 0.385510 0.385510 0.385510 0.385510 0.385510 0.385510 0.385510 0.385510 0.385510 0.385510 0.385510 0.385510 0.385510 0.385510 0.385510 0.385510 0.385510 0.385510 0.385510 0.385510
0.591545 0.591545 0.547159 0.661642 0.486554 0.368855 0.443830 0.533569 0.591545 0.642514 0.507729 0.553165 0.435022 0.383553 0.590179 0.538082 0.486988 0.611360 0.616334 0.589466 0.591621 0.591621 0.592627 0.533789 0.546036 0.626392 0.642744 0.626210 0.535140 0.576016 0.584803 0.597531 0.604959 0.385510 0.385510 0.385510 0.385510 0.385510 0.385510 0.385510 0.385510 0.385510 0.385510 0.385510 0.385510 0.385510 0.385510 0.385510 0.385510 0.385510 0.515620 0.385510 0.708847 0.695040 0.385510 0.385510 0.674629 0.678064 0.385510 0.385510 0.385510 0.385510 0.385510
0.586086 0.591545 0.624579 0.547159 0.443830 0.460700 0.538403 0.463316 0.454988 0.642514 0.592418 0.458125 0.473695 0.568825 0.538594 0.497064 0.619092 0.594154 0.611360 0.513386 0.510759 0.543573 0.566716 0.539777 0.582975 0.629686 0.596303 0.655804 0.449356 0.535140 0.638161 0.595899 0.359155 0.385510 0.641445 0.661290 0.385510 0.385510 0.385510 0.385510 0.385510 0.385510 0.385510 0.385510 0.385510 0.385510 0.385510 0.697020 0.385510 0.669823 0.708847 0.708847 0.695040 0.678064 0.385510 0.633705 0.641445 0.572632 0.663564 0.655962 0.671383 0.690640 0.385510
0.611230 0.550889 0.624579 0.591545 0.485550 0.485550 0.498205 0.540203 0.516100 0.535758 0.664079 0.621583 0.604746 0.647267 0.625421 0.453340 0.619092 0.369668 0.582476 0.589466 0.589193 0.560019 0.560019 0.512214 0.603093 0.646069 0.641035 0.604800 0.619974 0.612259 0.651659 0.559905 0.596303 0.596303 0.624851 0.563168 0.606697 0.674219 0.642025 0.706084 0.385510 0.385510 0.385510 0.385510 0.385510 0.687663 0.385510 0.690690 0.385510 0.385510 0.669823 0.708847 0.621466 0.678572 0.589626 0.633705 0.524831 0.633705 0.570922 0.526918 0.561497 0.561497 0.636091
0.553809 0.618119 0.553165 0.591545 0.537755 0.531117 0.535758 0.590179 0.550595 0.535758 0.605682 0.606851 0.637096 0.462396 0.603997 0.606851 0.453340 0.385646 0.605727 0.608513 0.594154 0.507343 0.595335 0.566716 0.592627 0.592627 0.655432 0.604800 0.604800 0.605898 0.604800 0.683158 0.678572 0.604800 0.624851 0.545205 0.563306 0.513386 0.655962 0.692913 0.385510 0.385510 0.677383 0.688330 0.433699 0.650501 0.668524 0.687663 0.385510 0.658346 0.668524 0.678064 0.564181 0.564181 0.654023 0.564181 0.454917 0.500541 0.369262 0.460178 0.528841 0.654683 0.654756
0.586086 0.552368 0.630256 0.596170 0.596170 0.560881 0.619584 0.535758 0.535758 0.535758 0.571397 0.597863 0.592488 0.462396 0.634385 0.660062 0.559558 0.507729 0.507729 0.624744 0.611360 0.591621 0.587479 0.594818 0.616334 0.580748 0.638929 0.604800 0.604800 0.604800 0.638438 0.683158 0.582264 0.620765 0.620765 0.604800 0.554522 0.640735 0.595479 0.570107 0.704850 0.690640 0.623575 0.602674 0.651090 0.607723 0.647973 0.650548 0.654369 0.668587 0.657399 0.659282 0.291694 0.556132 0.618661 0.499002 0.639713 0.547233 0.611030 0.654756 0.606542 0.622285 0.620765
