Example_Watersheds/WA_MashelWatershed/DataInputs/o_3_ChemistryPools/Mashel_1990_Pools/N_g_Det_root_2.asc
ncols         923
nrows         455
xllcorner     550005.67551598
yllcorner     5180549.8134422
cellsize      30
NODATA_value  -9999
[rows 84 to 111 of 455, columns 819 to 881 of 923]
2.699750 2.671763 2.699750 2.771977 2.669459 2.693003 2.623610 2.802042 2.627439 2.621227 2.693232 2.766627 2.669393 2.767315 2.809551 2.627439 2.715317 2.652947 2.766264 2.613610 2.793266 2.620270 2.635000 2.626147 2.753160 2.680846 2.882812 2.690885 2.716036 2.703587 2.653954 2.653954 2.892777 2.829116 2.655408 2.655408 2.667878 2.925696 2.894791 2.794688 2.808021 2.615889 2.894658 2.717154 2.767726 2.791762 2.791762 2.647341 2.748875 2.796444 2.796444 2.824418 2.748875 2.619564 2.616364 2.617781 2.855522 2.773766 2.697205 2.697205 2.653861 2.923712 2.615060
2.813596 2.699750 2.831361 2.621686 2.766627 2.810973 2.626704 2.620270 2.615665 2.646696 2.761958 2.766511 2.791749 2.771687 2.711909 2.711909 2.641375 2.770143 2.766264 2.782299 2.624873 2.861802 2.644240 2.926863 2.684576 2.737123 2.882812 3.504867 2.703587 2.703587 2.613451 2.624873 2.627439 2.829116 2.629265 2.620755 2.655408 2.612414 2.769485 2.769229 2.744645 2.894220 2.613770 2.613770 2.613390 2.787874 2.667350 2.781473 2.675847 2.675160 2.812753 2.760653 2.671492 2.613770 2.613770 2.662076 2.689957 2.899894 2.687492 2.778598 2.773766 2.632786 2.626835
2.790212 2.699750 2.828789 2.799360 2.680276 2.810973 2.606338 2.606338 2.613770 2.692822 2.691286 2.619109 2.605424 2.667581 2.763581 2.626704 2.685081 2.612567 2.671468 2.684576 2.671256 2.819602 2.861802 2.851115 2.645605 2.666051 2.613508 2.725932 2.699562 2.669393 2.649266 2.685571 2.621458 2.627439 2.700468 2.700468 2.620755 2.924927 2.674880 2.886482 2.841786 2.700468 2.666051 2.656763 2.769049 2.675847 2.788204 2.675847 2.814233 2.675160 2.822259 2.826570 2.763236 2.615607 2.666722 2.925310 2.612436 2.689957 2.613621 2.675032 2.666051 2.923712 2.649157
2.756816 2.785521 2.770641 2.817548 2.797134 2.821411 2.642764 2.663793 2.680639 2.746842 2.691286 2.632786 2.729143 2.721489 2.767608 2.784325 2.766264 2.617773 2.892946 2.860783 2.682658 2.927494 2.802996 2.894796 2.921656 2.656763 2.614685 2.684411 2.606812 2.927069 2.684576 2.860645 2.623197 2.627439 2.655408 2.682193 2.614410 2.624518 2.827790 2.715317 2.913385 2.679178 2.671468 2.613852 2.769049 2.613852 2.704953 2.640373 2.691299 2.804380 2.842957 2.826570 2.643611 2.666722 2.644916 2.675783 2.612436 2.673509 2.625172 2.640521 2.614950 2.880180 2.923022
2.918468 2.787091 2.669393 2.682193 2.814697 2.835017 2.666722 2.849552 2.665102 2.721239 2.729180 2.665752 2.770143 2.768314 2.843679 2.824326 2.694355 2.798149 2.621323 2.621323 2.679820 2.890440 2.684576 2.893495 2.923854 2.612747 2.637063 2.710391 2.678239 2.927069 2.684576 2.894220 2.820994 2.663793 2.894220 2.867688 2.763236 2.624518 2.623197 2.923373 2.776693 2.900807 2.641375 2.655853 2.681541 2.925310 2.648905 2.648905 2.753544 2.793860 2.805948 2.847348 2.623386 2.674945 2.666722 2.686858 2.697205 2.687492 2.670488 2.641921 2.765786 2.882176 2.653689
2.647241 2.711202 2.669393 2.670393 2.814289 2.704278 2.927719 2.924173 2.671468 2.721239 2.709851 3.301414 3.301414 2.828694 2.821611 2.835017 2.828057 2.729284 2.685571 2.685571 2.681194 2.894202 2.891823 2.894220 2.783731 2.645004 2.629017 2.679316 2.888465 2.738202 2.684411 2.662119 2.684576 2.701539 2.641643 2.654004 2.763236 2.704007 2.655408 2.655408 2.703587 2.644712 2.925924 2.645605 2.652265 2.925310 2.925310 2.788204 2.831854 2.812587 2.776623 2.790212 2.782552 2.683844 2.630887 2.712380 2.635427 2.893809 2.689957 2.697290 2.914610 2.925310 2.893322
2.611328 2.742475 2.696166 2.792535 2.792535 2.766511 2.746807 2.723930 2.684071 2.702163 2.927625 2.666722 2.729726 2.823370 2.809276 2.838909 2.836387 2.668404 2.629265 2.700468 2.608827 2.927309 2.616892 2.821537 2.670393 2.767973 2.747522 2.627573 2.877940 2.927069 2.619517 2.737689 2.737689 2.927069 2.626147 2.924477 2.883792 2.694355 2.627439 2.620755 2.703587 2.685081 2.904086 2.650197 2.685003 2.667790 2.631241 2.675847 2.831854 2.772647 2.825551 2.786493 2.927494 2.689957 2.716748 2.712380 2.867688 2.662076 2.701121 2.666722 2.677264 2.677264 2.890132
2.609968 2.714297 2.639777 2.636288 2.642764 2.714467 2.892946 2.673007 2.809551 2.666722 2.798212 2.800508 2.667831 2.798212 2.772700 2.770153 2.810227 2.668404 2.612544 2.668404 2.743716 2.894202 2.715317 2.891823 2.611731 2.759017 2.894202 2.767973 2.766684 2.920679 2.923854 2.923854 2.703587 2.823986 2.626147 2.654385 2.771349 2.656763 2.621458 2.627439 2.777650 2.685081 2.683844 2.814963 2.812282 2.834231 2.675847 2.797798 2.804306 2.632745 2.894658 2.894658 2.824133 2.913385 2.894658 2.646794 2.675783 2.899894 2.740056 2.925310 2.644240 2.612208 2.612208
2.611702 2.662788 2.623969 2.646141 2.773421 2.631241 2.892946 2.841776 2.775147 2.827137 2.801717 2.788682 2.774993 2.798212 2.694355 2.751132 2.751132 2.668404 2.712854 2.891024 2.613390 2.674132 2.624518 2.634161 2.613390 2.615686 2.888797 2.894202 2.786493 2.870483 2.669393 2.683523 2.860783 2.736326 2.626147 2.626147 2.923854 2.627439 2.868631 2.707813 2.649406 2.682193 2.736401 2.670393 2.670393 2.804709 2.794752 2.640373 2.796938 2.756764 2.756764 2.831588 2.618793 2.832329 2.713075 2.675783 2.746171 2.923022 2.893322 2.644240 2.651865 2.612862 2.925310
2.812587 2.927602 2.674132 2.746842 2.620270 2.831736 2.667350 2.815709 2.815709 2.667350 2.783839 2.818633 2.781462 2.833035 2.673736 2.894202 2.894202 2.893322 2.612544 2.613464 2.612544 2.655408 2.892528 2.922443 2.648474 2.668404 2.627112 2.696689 2.634161 2.626469 2.697205 2.606812 2.670446 2.670446 2.703587 2.914809 2.914809 2.869363 2.620755 2.623197 2.884266 2.632649 2.894761 2.607684 2.829975 2.675847 2.820659 2.810474 2.760653 2.761802 2.824133 2.641375 2.618793 2.627439 2.700468 2.684224 2.702163 2.886482 2.609968 2.644240 2.767507 2.713075 2.648665
2.640373 2.640373 2.927602 2.631241 2.671256 2.923854 2.798962 2.706993 2.924347 2.761346 2.767890 2.772693 2.772693 2.791762 2.815644 2.654385 2.774852 2.750970 2.645735 2.613509 2.668404 2.892528 2.802996 2.893322 2.615686 2.668404 2.613390 2.894202 2.694355 2.667142 2.893322 2.927309 2.819602 2.703587 2.703587 2.894312 2.736326 2.703587 2.620755 2.627439 2.646149 2.645115 2.893322 2.767471 2.767943 2.675847 2.767117 2.825551 2.786493 2.689957 2.871393 2.861802 2.633294 2.820994 2.612115 2.685052 2.702163 2.687492 2.681541 2.621861 2.844594 2.666722 2.666722
2.662119 2.681194 2.927537 2.778374 2.642334 2.619421 2.673509 2.860783 2.832785 2.766511 2.767890 2.844732 2.818633 2.740325 2.766199 2.771564 2.771564 2.750970 2.653408 2.645634 2.645634 2.651315 2.724138 2.677264 2.613390 2.892528 2.729284 2.893322 2.869363 2.617424 2.729284 2.674121 2.615659 2.925696 2.682230 2.925696 2.627439 2.853340 2.888797 2.627439 2.893322 2.630495 2.632649 2.752220 2.774811 2.631502 2.825551 2.799216 2.799216 2.613770 2.612115 2.790811 2.862838 2.865021 2.629265 2.612115 2.742517 2.760653 2.790212 2.790212 2.927494 2.675160 2.925310
2.767943 2.767943 2.670488 2.778374 2.610554 2.830964 2.679820 2.826711 2.825551 2.652947 2.803995 2.762922 2.810227 2.810227 2.750888 2.845374 2.656763 2.626147 2.653337 2.668404 2.718569 2.667878 2.927309 2.892528 2.893170 2.925453 2.619962 2.894821 2.831349 2.669393 2.894202 2.685449 2.697442 2.612436 2.925696 2.629644 2.627439 2.877288 2.627439 2.616500 2.616500 2.634161 2.810227 2.673616 2.774811 2.618631 2.825551 2.767973 2.784507 2.612115 2.631502 2.892742 2.790811 2.688396 2.668988 2.640272 2.742517 2.790212 2.764491 2.927494 2.659526 2.925310 2.644240
2.618299 2.767943 2.767973 2.766264 2.767973 2.767973 2.790212 2.778374 2.766264 2.821036 2.814004 2.814004 2.822431 2.775901 2.685571 2.655408 2.655408 2.892528 2.627439 2.626963 2.906861 2.683523 2.773766 2.769735 2.904086 2.925046 2.925046 2.697471 2.697471 2.679837 2.656763 2.851240 2.627439 2.788311 2.617424 2.656245 2.869363 2.656763 2.703587 2.736326 2.819602 2.657666 2.810227 2.831736 2.637063 2.809358 2.768009 2.696689 2.894220 2.612115 2.613965 2.621895 2.892777 2.763236 2.927367 2.622707 2.856596 2.892528 2.767973 2.893322 2.648128 2.612208 2.667141
2.650925 2.809551 2.625537 2.685449 2.821537 2.767943 2.830964 2.670839 2.788655 2.813548 2.814004 2.835504 2.784507 2.770153 2.685571 2.643246 2.612544 2.637673 2.688586 2.688586 2.738664 2.683523 2.924477 2.924477 2.893170 2.831736 2.616677 2.612115 2.798149 2.798149 2.697471 2.675807 2.849487 2.779068 2.677229 2.891024 2.718569 2.886059 2.703587 2.703587 2.700468 2.668404 2.623197 2.651925 2.613704 2.821836 2.893351 2.613770 2.689957 2.614370 2.772700 2.927567 2.927567 2.613770 2.616892 2.613435 2.627087 2.683587 2.892777 2.925310 2.770641 2.831445 2.832213
2.650925 2.673696 2.859753 2.701860 2.694005 2.680846 2.809358 2.670839 2.926424 2.776248 2.766264 2.794130 2.753296 2.679620 2.893322 2.652409 2.701539 2.701539 2.925696 2.678789 2.646794 2.909381 2.612544 2.893170 2.637673 2.637673 2.685571 2.700468 2.707938 2.653689 2.925197 2.893522 2.625874 2.922443 2.893322 2.633440 2.668404 2.634252 2.899894 2.619143 2.700468 2.629265 2.606812 2.638018 2.638018 2.667539 2.672760 2.678537 2.892614 2.786493 2.672760 2.617761 2.630267 2.908665 2.894761 2.641098 2.894658 2.892777 2.925310 2.665038 2.827901 2.840958 2.767315
2.734338 2.805407 2.685003 2.674121 2.625822 2.694005 2.619415 2.637522 2.925796 2.925796 2.678717 2.830964 2.826570 2.740056 2.654385 2.694005 2.650049 2.726867 2.726867 2.798149 2.613509 2.613509 2.633440 2.781388 2.892946 2.627439 2.668404 2.615686 2.615686 2.660333 2.611328 2.821537 2.835583 2.745138 2.892068 2.666054 2.613390 2.613390 2.809551 2.893322 2.742475 2.697407 2.810202 2.801442 2.632722 2.772647 2.672760 2.770153 2.613019 2.662823 2.613815 2.628385 2.810202 2.908665 2.643611 2.685003 2.675160 2.754206 2.644864 2.841078 2.827901 2.766918 2.821513
2.654351 2.702163 2.805407 2.610136 2.736326 2.908665 2.613197 2.927069 2.667878 2.612249 2.666144 2.882306 2.690556 2.927069 2.894312 2.760130 2.829034 2.831349 2.767315 2.750970 2.615686 2.615686 2.891024 2.742475 2.831349 2.627439 2.668404 2.668404 2.894202 2.927409 2.927459 2.617424 2.771349 2.891024 2.893322 2.892528 2.701539 2.894202 2.729284 2.893322 2.687492 2.927069 2.691284 2.682658 2.900807 2.694987 2.772647 2.784507 2.715079 2.650759 2.623197 2.618454 2.613815 2.702805 2.904086 2.611991 2.611991 2.640373 2.640373 2.752883 2.820984 2.775917 2.825380
2.802996 2.923373 2.683844 2.890132 2.736326 2.753160 2.925924 2.683461 2.894501 2.927069 2.893495 2.882306 2.978148 2.869363 2.770861 2.891567 2.912752 2.734604 2.767315 2.757465 2.613390 2.613390 2.660333 2.671222 2.925046 2.612208 2.645634 2.653689 2.637673 2.815360 2.622131 2.821537 2.767315 2.729284 2.641965 2.893322 2.637673 2.653478 2.701539 2.680301 2.892303 3.729211 2.674054 2.842982 2.667878 2.618196 2.849487 2.788317 2.695884 2.695884 2.921656 2.668988 2.874923 2.613815 2.613435 2.612862 2.927459 2.685085 2.640373 2.761346 2.801991 2.841078 2.832340
2.715251 2.714297 2.925453 2.677509 2.649629 2.602516 2.624270 2.910082 2.923522 2.887686 2.747749 2.650925 3.579596 3.579596 2.739658 2.703587 2.693856 2.926341 2.650425 2.738966 2.679398 2.660333 2.610815 2.613390 2.684255 2.907936 2.615686 2.807809 2.705522 2.800387 2.771349 2.783731 2.783731 2.893322 2.715730 2.612933 2.682961 2.627439 2.667564 2.637673 2.925696 2.925696 2.617773 2.613102 2.748589 2.927367 2.918653 2.737650 3.010195 2.616037 2.921656 2.684717 2.675142 2.683844 2.740416 2.800508 2.745138 2.685085 2.626000 2.790820 2.767315 2.775268 2.830245
2.709422 2.683844 2.734905 2.677509 2.879623 2.879623 2.879623 2.624820 2.696634 2.891024 2.918653 2.624820 3.238448 4.226970 2.700468 2.699562 2.673007 2.694005 2.784173 2.623626 2.683524 2.636160 2.675566 2.611835 2.644066 2.644066 2.626147 2.880180 2.697906 2.800387 2.783731 2.779068 2.821537 2.893322 2.633440 2.644066 2.626963 2.646123 2.629265 2.641965 2.626147 2.703587 2.646944 2.613102 2.736326 2.625933 3.613143 2.720590 3.619354 2.965966 2.608266 4.379293 2.810202 2.736326 2.894648 2.888465 2.700156 2.670381 2.769963 2.827095 2.676023 2.843679 2.852324
2.725864 2.685003 2.619829 2.894754 2.649629 2.890544 2.734905 2.651707 2.696634 3.654360 4.645859 3.254643 3.046465 2.728291 2.684835 2.699562 2.696634 2.724138 2.613508 2.813237 2.832580 2.647435 2.675566 2.613464 2.644066 2.644066 2.775726 2.617761 2.731948 2.821537 2.849805 2.849805 2.849805 2.646149 2.644066 2.626963 2.637152 2.627439 2.671514 2.624873 2.860783 2.869363 2.682658 2.721239 2.869363 2.738664 2.740340 2.737123 2.682658 5.140909 3.122626 5.445556 3.316399 3.316399 2.753160 2.898122 2.666315 2.622707 2.670488 2.779178 2.816071 2.804709 2.821836
2.626147 2.685003 2.847695 2.719975 2.912105 2.630267 2.751132 2.925310 2.621323 2.611984 3.922323 2.995150 2.861098 2.823986 2.662119 2.721239 2.997131 2.724138 2.724138 2.787138 2.788554 2.767395 2.724138 2.626678 2.612544 2.684255 2.613732 2.676376 2.689505 2.769286 2.821537 2.634161 2.919916 2.698642 2.637152 2.665217 2.710168 2.899894 2.674121 2.629265 2.889814 2.869363 2.831349 2.688275 2.703587 2.703587 2.655530 2.927309 2.800577 2.886378 2.733512 2.628223 2.682703 2.737123 2.753160 2.613435 2.708472 2.815053 2.763277 2.790360 2.828061 2.804709 2.838019
2.740416 2.890132 2.780906 2.925924 2.855522 2.892777 2.925310 2.681499 2.678645 2.720590 2.720590 2.614172 2.676308 2.624270 2.927196 2.833029 2.724675 2.704914 2.794923 2.767707 2.773729 2.752032 2.849805 2.776975 2.612544 2.618454 2.716097 2.784840 2.788796 2.816689 2.701539 2.699200 2.709942 2.698642 2.665735 2.623197 2.646123 2.614527 2.665217 2.860783 2.627439 2.854436 2.927409 2.646794 2.738664 2.834312 2.674266 2.927309 2.696689 2.671173 2.927367 2.838420 2.804709 2.766684 2.619962 2.715317 2.783152 2.796821 2.767315 2.837079 2.778739 2.821836 2.799411
2.874057 2.678789 2.807571 2.800369 2.832481 2.925310 2.773386 2.909381 2.677509 2.680365 2.753160 2.700156 2.676308 2.894676 2.617079 2.681194 2.684615 2.888465 2.685449 2.767707 2.849487 2.784173 2.767669 2.676376 2.620270 2.721372 2.716097 2.892946 2.769043 2.675566 2.781388 2.722760 2.644066 2.644066 2.613820 2.614527 2.647435 2.615480 2.646123 2.613019 2.860783 2.701539 2.894658 2.924036 2.685571 2.699200 2.606812 2.736958 2.651315 2.771029 2.686218 2.655050 2.770153 2.612208 2.628385 2.741225 2.799411 2.799411 2.767315 2.799411 2.767315 2.805494 2.805221
2.613738 2.640373 2.673468 2.787760 2.890544 2.925310 2.925310 2.682361 2.682361 2.696634 2.770861 2.882306 2.685471 2.739338 2.740340 2.736326 2.730441 2.894312 2.915202 2.811298 2.649670 2.782552 2.782552 2.728447 2.770323 2.682301 2.721372 2.617363 2.671222 2.721372 2.614527 2.612544 2.665217 2.609968 2.653689 2.613820 2.623197 2.668176 2.614527 2.647295 2.724138 2.924477 2.685571 2.646794 2.646123 2.623197 2.831736 2.654351 2.645454 2.645454 2.675032 2.673468 2.613120 2.612208 2.612208 2.671321 2.848000 2.809737 2.767315 2.767315 2.838019 2.807637 2.822886
2.742475 2.644066 2.707376 2.631241 2.612088 2.862838 2.718540 2.880180 2.685003 2.668757 2.671032 2.633902 2.616037 4.569697 4.569697 2.986108 2.927069 2.914004 2.894312 2.753119 2.766327 2.849487 2.807193 2.766327 2.623626 2.756764 2.742475 2.635584 2.894501 2.726611 2.612544 2.612544 2.612544 2.613820 2.615060 2.653689 2.653689 2.668176 2.804595 2.919447 2.651315 2.646149 2.646149 2.884281 2.886059 2.793266 2.924927 2.672807 2.798149 2.649406 2.671468 2.673468 2.650759 2.847695 2.924347 4.150808 2.875809 2.828971 2.657705 2.767315 2.822193 2.805494 2.813123
2.677007 2.621076 2.715777 2.927309 2.678789 2.682361 2.686218 2.755293 2.682193 2.625108 2.700156 2.835705 2.753160 2.723930 3.046465 2.795712 2.927069 2.881264 2.770756 2.623626 2.780104 2.699750 2.682405 2.766327 2.894648 2.650049 2.652947 2.925046 2.646794 2.684224 2.612544 2.893833 2.684224 2.894592 2.681499 2.904086 2.644066 2.679175 2.673616 2.697906 2.701539 2.613390 2.788348 2.679837 2.641643 2.724138 2.775563 2.898772 2.913385 2.607808 2.654004 2.916897 2.835952 2.707657 2.682361 3.437648 2.716262 2.767315 2.657705 2.778739 2.805494 2.805494 2.813123
