Example_Watersheds/WA_MashelWatershed/DataInputs/o_3_ChemistryPools/Mashel_1990_Pools/N_g_AgStem.asc
ncols         923
nrows         455
xllcorner     550005.67551598
yllcorner     5180549.8134422
cellsize      30
NODATA_value  -9999
[rows 27 to 53 of 455, columns 366 to 426 of 923]
12.235192 10.060120 7.408624 3.895494 3.895494 11.334607 16.656133 16.656133 16.656133 3.895494 3.895494 16.193547 42.364284 31.007152 32.382290 6.619549 7.334892 5.674251 6.701584 13.955268 10.100732 9.619151 4.445845 6.736797 42.742690 42.306950 11.774467 10.445715 4.060639 0.455935 9.009071 10.211749 20.657417 6.520177 5.708049 5.708049 11.721020 11.721020 20.355307 32.505792 29.387411 31.017143 8.957353 4.385053 12.993727 3.857102 29.670122 42.507619 29.336690 3.216302 8.126861 9.114681 13.842890 9.496521 55.012221 23.073115 25.836339 24.906862 28.032985 42.398684 4.598034
5.832213 11.583826 23.109102 3.895494 5.951083 18.127591 34.982469 55.012221 55.012221 19.487804 16.656133 30.941345 10.708741 18.127591 32.382290 4.203374 4.815111 7.089508 9.204512 6.520177 6.438540 29.299152 4.445845 15.820230 24.962948 18.261611 10.445715 8.633920 8.633920 1.966682 3.753168 7.935955 6.139307 3.154553 7.255208 6.334681 8.104381 12.965257 11.488523 29.659358 29.336690 30.164407 22.392710 9.566571 11.738932 29.680886 29.627063 33.330091 28.945723 8.530996 10.083749 14.247336 33.927782 55.012221 11.169685 11.169685 55.012221 6.695718 11.205000 25.348295 42.398684
11.661342 11.583826 12.840031 31.704340 16.656133 43.809107 55.012221 43.809107 55.012221 6.619549 14.259576 26.588967 17.560218 32.382290 6.225382 4.203374 4.506088 5.374532 4.880435 3.551730 3.551730 32.131142 17.588386 26.457862 7.958394 8.888447 7.958394 9.090752 6.403867 5.050170 13.641537 5.238589 5.809610 0.455935 9.947990 6.584446 10.195094 42.398684 11.488523 29.723935 55.012221 55.012221 5.843520 3.463847 10.905952 4.159487 5.221411 29.336690 4.159487 29.387411 55.012221 55.012221 55.012221 37.021184 34.695580 20.947087 7.055671 5.549762 9.689316 26.888565 4.891331
5.112844 8.171837 23.173370 29.409175 55.012221 55.012221 55.012221 55.012221 55.012221 55.012221 23.346266 55.012221 55.012221 55.012221 30.997160 8.716439 9.222497 2.156827 5.250047 7.715817 0.940041 1.234999 14.532118 6.875512 11.897034 10.445715 5.724958 10.139584 7.179828 9.414711 11.571907 4.500685 1.000093 18.694605 19.493381 10.172889 8.003289 55.012221 43.717372 55.012221 55.012221 30.010175 34.343023 4.434783 9.619151 9.222497 55.012221 29.336690 33.365730 20.651539 55.012221 29.659358 30.010175 42.742690 34.695580 10.445715 6.695718 7.242967 7.191127 12.060669 7.089508
9.258484 5.442263 24.198942 25.049481 25.049481 11.340503 10.389460 21.055904 32.287585 20.155604 30.582192 55.012221 42.306950 55.012221 6.369259 7.061309 28.156601 8.048205 4.412672 2.716077 0.678204 2.507625 4.186909 19.448768 8.518903 5.318185 5.724958 29.572864 11.721020 6.386559 9.841925 7.721460 7.721460 5.566764 31.194188 19.845001 29.723935 9.258484 42.398684 30.587721 30.587721 18.174198 24.492860 17.275998 5.267241 21.506151 33.036928 42.398684 55.012221 55.012221 39.218934 55.012221 46.148345 55.012221 46.148345 6.695718 10.807161 7.687609 2.710830 6.254116 6.254116
9.066834 55.012221 18.174198 22.941616 25.273806 11.340503 18.261611 7.907902 43.505236 1.163152 4.749880 43.809107 42.306950 6.294378 18.238298 5.323816 1.839064 1.093974 0.780789 2.716077 3.999971 1.315452 6.334681 1.824816 1.824816 1.971388 16.506811 2.156827 38.234580 6.736797 42.398684 42.398684 55.012221 4.608864 32.358344 29.670122 42.398684 43.935243 29.815279 16.548605 33.036928 5.095738 16.116865 3.551730 8.854016 29.953540 4.175938 42.347084 33.927782 30.781315 34.695580 32.720647 32.720647 37.245928 46.148345 8.211208 6.695718 14.780024 5.192803 14.929349 12.235192
15.351458 42.306950 14.570687 25.185584 20.733833 17.701061 35.507854 7.328755 3.138982 13.914054 0.455935 4.684742 4.022017 55.012221 3.458680 2.390967 2.805426 2.049144 7.941564 4.804233 21.191808 17.076679 26.397869 2.784377 14.504567 14.326930 7.727103 33.396606 55.012221 32.079655 55.012221 44.525785 32.598607 11.978821 14.881440 29.409175 42.398684 23.258109 33.927782 4.663050 8.609681 17.371410 20.733833 4.186909 4.186909 13.114902 18.004594 34.314683 55.012221 4.847761 6.683990 7.433239 5.595118 14.983270 8.670304 9.210506 10.807161 6.695718 5.192803 16.791064 8.957353
4.071684 4.527706 18.516122 32.691729 12.976645 44.909925 43.935243 20.900031 24.679599 43.505236 26.289025 19.333288 0.455935 3.458680 2.288666 19.003722 12.048972 13.103290 43.505236 55.012221 29.409175 15.898142 43.751773 22.404961 33.467414 11.116741 34.899131 18.383090 14.845522 47.558768 55.012221 23.139095 19.149423 14.893415 8.997575 29.723935 29.723935 55.012221 55.012221 24.180549 23.795149 5.267241 4.630531 11.128503 11.299241 29.409175 43.493769 55.012221 42.398684 16.733844 8.888447 5.192803 8.290001 6.695718 12.130552 5.192803 4.022017 5.192803 10.664803 7.157236 10.807161
0.455935 0.455935 0.455935 8.261853 10.733866 16.768411 14.406599 55.012221 55.012221 43.505236 24.437119 17.543317 16.524721 10.048309 5.719321 2.758089 12.048972 5.679882 42.456019 37.245928 33.298201 25.710943 46.085277 22.404961 26.595379 16.644182 55.012221 24.738543 24.738543 24.367455 37.245928 11.619593 31.727293 10.818138 9.660073 4.964916 4.099243 55.012221 3.546558 7.439395 6.150773 2.415294 3.780481 3.123011 18.694605 2.642706 17.179319 29.659358 5.826561 23.073115 6.485168 8.980335 13.441357 11.897034 9.566571 6.695718 6.695718 3.720430 7.687609 8.945865 55.012221
0.455935 0.524325 0.455935 8.087525 5.702414 44.909925 55.012221 55.012221 55.012221 55.012221 55.012221 55.012221 21.324229 10.539487 4.749880 43.843508 16.140456 1.928985 15.998963 29.953540 17.118933 17.118933 18.677329 5.209965 10.801672 11.595747 19.391345 13.080070 6.526015 38.671131 16.016643 8.020130 11.661342 5.843520 32.470111 31.868012 42.347084 4.203374 16.881683 4.005481 3.458680 4.192396 0.478732 6.683990 4.055118 29.409175 42.398684 42.398684 42.398684 8.065054 42.398684 5.118549 9.689316 11.595747 9.900830 5.549762 14.149723 14.658837 6.456018 19.554719 7.488692
1.022796 1.124410 1.022796 6.971157 27.599642 29.729838 55.012221 43.505236 43.115363 55.012221 55.012221 55.012221 55.012221 11.506384 7.958394 28.552295 20.526963 3.829713 9.037818 1.343600 6.346204 10.150685 8.416249 13.382542 3.824238 10.779719 6.881134 20.905977 8.458489 12.919713 5.238589 20.888141 23.561721 55.012221 32.470111 4.479053 55.012221 42.456019 29.680886 20.645662 3.505190 3.505190 3.900983 4.511491 6.819088 5.112844 3.676839 55.012221 42.398684 10.470703 15.175084 9.912617 7.055671 9.420709 10.514463 5.329447 11.110860 42.398684 12.607565 8.762272 7.242967
1.150156 0.455935 0.455935 11.305134 18.516122 18.516122 44.525785 55.012221 42.398684 55.012221 23.674725 55.012221 46.727421 11.506384 29.186111 29.919184 4.033046 6.619549 0.455935 10.054214 6.346204 1.537026 9.014820 3.933939 6.162242 35.548917 18.504590 20.905977 6.277118 11.322816 16.638206 8.802397 19.998926 19.998926 55.012221 16.638206 20.275303 21.463362 6.369259 5.770084 3.505190 9.444028 4.055118 16.825045 5.764441 42.306950 55.012221 55.012221 42.398684 9.014820 7.969616 13.335698 9.210506 8.704985 7.359450 12.783132 5.493144 3.720430 8.945865 10.520718 10.520718
0.455935 1.357626 0.455935 11.691176 8.615739 7.568959 44.525785 43.935243 55.012221 38.671131 35.490498 55.012221 43.809107 55.012221 31.868012 8.687807 7.083867 3.676839 34.716183 17.017632 1.376276 6.369259 17.269953 3.101730 27.508894 27.508894 7.715817 15.820230 23.314602 12.673564 11.803637 43.751773 16.762748 32.967793 55.012221 8.020130 6.619549 11.885355 9.438197 29.659358 4.104715 3.944934 36.563121 55.012221 9.800720 55.012221 55.012221 42.398684 42.398684 4.608864 5.860485 42.398684 9.210506 5.192803 10.514463 7.242967 5.318185 3.407040 4.143046 7.061309 7.196777
0.455935 3.933939 11.691176 0.455935 11.791968 5.877457 55.012221 55.012221 55.012221 55.012221 23.258109 55.012221 55.012221 55.012221 55.012221 55.012221 36.497542 55.012221 0.558521 25.438713 20.520829 44.909925 24.838595 31.042116 39.218934 55.012221 30.739954 47.123027 18.602475 43.935243 44.554453 11.721020 35.548917 44.554453 19.493381 44.554453 3.879034 6.619549 9.438197 55.012221 16.825045 42.398684 19.166234 36.167129 55.012221 55.012221 34.320293 32.079655 29.953540 16.791064 4.608864 8.121240 5.775729 12.948177 7.328755 6.760290 6.625403 3.407040 3.950432 7.061309 3.720430
6.099203 0.455935 0.455935 3.598302 2.073638 10.774231 42.456019 55.012221 55.012221 55.012221 55.012221 12.583578 33.927782 21.334935 32.598607 23.644174 42.742690 55.012221 0.455935 11.926237 55.012221 24.180549 55.012221 55.012221 39.218934 55.012221 55.012221 15.647297 16.454727 31.976431 8.143724 11.721020 12.822960 42.398684 12.493685 55.012221 55.012221 55.012221 42.398684 24.108018 55.012221 55.012221 55.012221 55.012221 55.012221 36.563121 55.012221 29.953540 7.230730 8.143724 29.821075 18.723400 6.162242 7.347169 42.398684 6.162242 4.429254 3.720430 3.720430 3.720430 4.511491
0.455935 0.455935 0.455935 0.455935 7.225036 1.244518 11.026701 37.118621 32.287585 46.727421 55.012221 22.084533 44.525785 55.012221 55.012221 55.012221 29.186111 6.473505 1.000093 9.889045 16.932661 12.142175 18.290549 10.988281 42.456019 44.909925 55.012221 29.772926 55.012221 55.012221 42.398684 8.143724 42.398684 42.398684 42.398684 34.716183 55.012221 21.920832 42.398684 7.291960 42.398684 55.012221 42.398684 55.012221 55.012221 55.012221 55.012221 42.398684 29.953540 5.922750 42.398684 55.012221 17.329778 7.004949 4.192396 5.922750 4.429254 3.159697 3.407040 3.720430 7.072587
0.455935 0.455935 0.649708 3.053905 4.429254 2.225232 15.112518 17.383307 10.645984 55.012221 55.012221 43.809107 55.012221 55.012221 35.365397 28.559432 7.061309 5.209965 24.827479 4.329889 16.608333 43.935243 43.935243 20.639785 9.624996 30.946451 43.998310 55.012221 42.398684 43.407767 55.012221 5.527104 17.407104 20.952529 22.989168 36.283298 35.114418 6.760290 8.003289 46.285947 46.285947 36.118458 42.398684 33.927782 36.563121 12.976645 32.079655 33.427573 8.446416 8.446416 9.924406 42.398684 55.012221 7.997676 9.096733 6.836170 2.585243 4.192396 3.720430 8.160591 5.803961
0.455935 1.500670 1.334232 1.643159 5.803961 0.455935 42.364284 14.001008 14.620273 55.012221 55.012221 44.525785 55.012221 46.727421 55.012221 55.012221 43.998310 3.546558 4.987627 19.205459 33.009518 5.770084 42.398684 29.772926 29.713174 5.922750 32.079655 42.398684 42.398684 25.883601 55.012221 46.727421 19.166234 16.004857 19.216667 36.283298 55.012221 42.398684 43.981110 55.012221 35.114418 35.114418 42.398684 7.488692 10.867533 15.856183 9.531538 10.796184 42.398684 42.398684 7.721460 7.721460 7.721460 6.375025 5.027412 6.432730 3.720430 7.072587 3.720430 3.608655 5.067250
0.455935 0.455935 5.464868 0.797887 2.347150 13.080070 13.080070 44.554453 9.252484 17.263909 55.012221 22.306975 46.727421 55.012221 55.012221 55.012221 13.435474 8.722167 4.077208 2.454191 11.446864 20.882196 18.412014 31.976431 3.846143 13.488429 20.592774 17.472562 42.398684 28.133582 33.212416 22.362085 55.012221 15.197837 15.197837 16.926997 55.012221 42.398684 42.398684 55.012221 55.012221 34.967138 42.398684 10.261720 7.789206 7.488692 13.283374 11.721020 7.777911 12.037277 10.222853 11.721020 7.072587 6.725055 9.847813 7.072587 7.072587 3.608655 10.222853 4.192396 5.067250
0.569919 0.455935 0.455935 0.455935 16.415027 34.036945 26.588967 55.012221 44.554453 29.659358 12.583578 55.012221 55.012221 33.730723 55.012221 21.137487 55.012221 29.953540 42.398684 42.398684 10.955349 4.608864 55.012221 9.396661 8.143724 16.392342 16.392342 42.398684 17.179319 16.926997 15.600822 15.197837 42.398684 55.012221 34.982469 23.497501 55.012221 55.012221 55.012221 22.834761 4.208864 3.216302 6.572753 4.798795 2.107909 10.796184 13.283374 11.721020 12.037277 10.222853 8.098762 8.917151 7.072587 6.725055 13.283374 13.283374 11.786134 14.001008 12.427822 13.283374 7.072587
0.455935 3.037981 4.663050 4.739018 16.380999 21.562209 26.787106 46.148345 55.012221 55.012221 29.414616 55.012221 43.809107 46.285947 22.306975 22.603990 25.895955 29.953540 42.398684 42.398684 21.191808 55.012221 55.012221 55.012221 15.760330 15.706445 23.173370 55.012221 55.012221 34.716183 33.563294 42.398684 42.398684 9.836037 37.050517 55.012221 45.139262 42.398684 55.012221 22.834761 4.959242 4.285826 5.124254 10.495704 22.195145 5.990781 5.990781 11.750876 4.324378 11.750876 4.324378 5.888775 9.771302 11.157917 9.636686 12.439793 11.862001 55.012221 11.411282 12.439793 8.331892
0.455935 7.267454 13.080070 16.785401 26.064907 55.012221 18.980134 55.012221 35.615296 55.012221 55.012221 55.012221 20.633908 20.496295 20.745591 32.392938 55.012221 37.050517 42.398684 42.398684 44.525785 55.012221 55.012221 42.398684 30.526255 17.695427 55.012221 55.012221 55.012221 46.285947 35.114418 42.398684 29.953540 11.955447 19.194252 55.012221 34.343023 7.885280 7.885280 44.554453 6.619549 6.619549 7.129007 6.619549 5.662991 5.363256 10.796184 35.548917 31.042116 18.781685 3.758629 4.066161 5.623494 6.926130 4.324378 33.933454 8.307820 7.851358 17.968946 11.721020 13.423710
2.288666 24.520729 27.720921 27.720921 39.452189 12.583578 12.619561 33.927782 55.012221 55.012221 25.497182 46.727421 20.496295 25.497182 55.012221 43.809107 46.727421 19.205459 4.771614 12.619561 19.166234 55.012221 55.012221 55.012221 9.210506 17.695427 14.675364 55.012221 16.548605 42.398684 42.398684 32.079655 13.878467 5.922750 10.807161 12.392316 10.167338 12.439793 10.211749 5.487487 8.762272 6.898004 6.909253 3.895494 6.619549 5.487487 12.439793 4.777049 30.926028 30.926028 3.758629 30.010175 29.495902 28.032985 5.928415 17.167240 10.433904 7.851358 5.922750 15.618249 30.941345
5.470522 20.775214 33.437535 55.012221 55.012221 23.258109 17.945184 12.583578 55.012221 9.753693 17.873918 16.146354 32.345277 55.012221 55.012221 34.157022 22.592791 55.012221 55.012221 12.583578 55.012221 55.012221 55.012221 55.012221 55.012221 32.144315 45.041794 22.337589 55.012221 55.012221 9.055071 5.922750 18.319465 2.815956 3.443184 4.831434 10.167338 14.537628 11.661342 6.619549 7.574876 11.411282 6.619549 3.895494 3.895494 6.619549 7.862664 19.194252 14.224113 33.771583 33.771583 20.957971 19.365537 33.771583 9.613307 13.588516 17.167240 22.107874 11.803637 10.545745 19.121404
6.421183 16.386670 55.012221 55.012221 44.525785 55.012221 12.583578 23.258109 55.012221 24.727425 55.012221 12.655560 36.681418 55.012221 43.809107 43.809107 22.870374 16.004857 55.012221 29.447259 55.012221 55.012221 55.012221 42.398684 15.254727 22.620789 55.012221 5.753156 11.926237 18.962083 7.396323 4.121137 21.447314 3.505190 2.580396 0.455935 7.513368 12.439793 7.698891 7.862664 9.168561 18.040223 18.040223 11.434965 4.635949 4.027531 4.027531 22.882246 8.963098 12.235192 13.564959 10.378350 10.134033 10.378350 4.614280 7.550418 6.619549 21.950059 6.357730 9.438197 20.698561
17.639089 16.386670 55.012221 35.586254 55.012221 43.338966 32.720647 32.720647 46.727421 12.583578 39.732807 6.678127 17.740498 36.681418 36.681418 26.838503 15.600822 26.289025 55.012221 44.388183 34.216218 55.012221 46.727421 42.398684 15.874164 17.554584 30.311723 9.204512 9.989281 6.162242 11.316922 9.210506 4.175938 7.772264 10.239510 10.239510 30.941345 8.585455 9.438197 5.101439 10.445715 7.055671 10.514463 7.055671 10.520718 3.939436 5.050170 13.114902 22.882246 15.203526 6.965527 13.406065 8.842542 6.672265 4.614280 9.438197 6.619549 8.597566 9.438197 11.169685 6.619549
33.558424 47.518634 55.012221 55.012221 27.605902 55.012221 55.012221 22.049448 15.467263 16.146354 25.514655 12.374848 43.860708 16.477415 17.820489 22.603990 55.012221 12.976645 46.727421 55.012221 29.409175 22.620789 15.641487 18.417800 9.947990 55.012221 16.791064 16.791064 2.826490 6.013483 2.879217 4.479053 6.853028 7.390175 6.340442 5.832213 6.795558 9.508192 6.965527 8.633920 10.445715 28.939967 11.637483 4.313358 7.538064 4.285826 5.306926 13.114902 12.048972 11.542117 6.277118 3.401878 7.185477 10.812649 10.812649 5.368893 6.881134 3.840665 4.981947 8.633920 6.730926
