Example_Watersheds/WA_MashelWatershed/DataInputs/o_3_ChemistryPools/Mashel_1990_Pools/N_g_Det_BgStem_3.asc
ncols         923
nrows         455
xllcorner     550005.67551598
yllcorner     5180549.8134422
cellsize      30
NODATA_value  -9999
[rows 308 to 335 of 455, columns 441 to 503 of 923]
0.759917 0.603757 0.414267 0.619999 0.469714 0.719725 0.556255 0.602966 0.624682 0.605746 0.414267 0.458867 0.414267 0.651952 0.651952 0.651952 0.184419 0.763635 0.636747 0.537232 0.479967 0.228244 0.207920 0.317694 0.237559 0.351645 0.181604 0.516756 0.185074 0.642710 0.628090 0.260590 0.252112 0.860826 0.249432 1.013861 0.691167 0.245263 0.407410 0.564379 0.942004 0.653901 0.973690 0.973690 1.006719 0.479967 0.326865 0.628090 0.817472 0.784149 0.817472 1.067148 1.033695 1.058657 0.823519 0.792147 1.090775 0.988223 0.785180 0.627443 0.627443 0.627443 0.948328
0.750319 0.470320 0.739131 0.951657 0.804788 0.719725 0.655708 0.661346 0.661346 0.458867 0.651952 0.637881 0.458867 0.592654 0.651952 0.621403 0.651952 0.686572 0.710304 0.559576 0.407616 0.604043 0.231031 0.444282 0.398788 0.207920 0.185723 0.197361 0.689195 0.628090 0.343408 0.259937 0.630610 0.861324 0.295861 0.775594 0.775594 0.371881 0.189233 0.446175 0.448089 0.314169 0.601197 0.760988 0.893469 0.653901 0.279250 0.496247 0.490136 0.630857 0.842463 0.985478 0.993003 0.682345 0.627443 0.627443 0.889937 0.925479 1.012619 0.627443 1.067744 1.098471 0.985294
0.555692 0.521585 0.857565 0.759917 0.751619 0.717253 0.502706 0.768968 0.651385 0.414267 0.604043 0.476245 0.586967 0.686572 0.542728 0.686572 0.458867 0.651952 0.414267 0.636069 0.332523 0.281979 0.689195 0.474225 0.525427 0.537232 0.207920 0.343408 0.343408 0.220198 0.565676 0.260590 0.343408 0.343408 0.237884 0.708441 0.244038 0.334839 0.771517 0.560120 0.346973 0.747292 0.716705 0.627443 0.893469 0.609604 0.642710 0.649952 0.715310 0.356865 0.841600 0.985478 0.915899 0.907573 0.627443 0.895846 0.823519 0.784304 0.627443 0.773174 0.989278 0.627443 0.705874
0.352842 0.581647 0.654721 0.465583 0.759917 0.727528 0.773989 0.768968 0.436862 0.726230 0.655708 0.780200 0.667409 0.586967 0.586967 0.476245 0.660978 0.414267 0.414267 0.722532 0.651952 0.537464 0.648492 0.651952 0.561469 0.762716 0.518480 0.425344 0.398015 0.509771 0.565676 0.435888 0.208321 0.183415 0.392302 0.453588 0.501730 0.334839 1.067148 0.987785 0.794258 0.989180 0.627443 1.105869 0.627443 0.777551 0.755045 0.676100 0.610142 0.757688 0.288983 0.822027 0.627443 0.836818 1.066294 0.713717 0.990956 0.627443 1.060884 0.897215 0.979333 0.627443 0.401834
0.572369 0.771098 0.551790 0.372969 0.807773 0.586967 0.571798 0.768968 0.584220 0.726230 0.592654 0.655708 0.655708 0.465161 0.587496 0.367067 0.476245 0.609334 0.414267 0.636747 0.621403 0.574905 0.621403 0.651952 0.497496 0.518194 0.576564 0.600295 0.537232 0.570696 0.473998 0.559576 0.453794 0.444916 0.513543 0.690610 0.616090 0.997796 1.019703 0.987748 0.987748 1.091815 0.627443 0.972529 1.103070 0.627443 0.494247 0.602747 0.792600 0.810861 0.656857 0.753514 1.067783 1.082241 0.627443 0.983211 0.986023 0.694668 0.793018 0.616834 0.612260 0.435529 0.981072
0.543013 0.559029 0.551790 0.455433 0.498756 0.498756 0.595608 0.586967 0.602966 0.741180 0.577927 0.747292 0.550461 0.655708 0.685676 0.592654 0.476245 0.458867 0.621681 0.774796 0.783098 0.761513 0.651952 0.525167 0.291841 0.291571 0.559029 0.590370 0.418804 0.675082 0.613815 0.521864 0.521864 0.518480 0.422018 0.567463 0.845782 0.627443 1.010644 1.020343 1.014568 1.017837 0.989243 1.058637 0.896764 0.863706 0.661346 0.330481 0.792600 0.755942 0.792600 0.480825 0.205924 0.549387 1.059988 0.983211 0.319084 0.607419 0.950454 0.269586 0.269586 0.392486 0.453794
0.917001 0.308479 0.290079 0.240835 0.245176 0.660240 0.686572 0.418804 0.520464 0.723899 0.672471 0.859254 0.780570 0.795476 0.625482 0.685976 0.535117 0.458867 0.660978 0.516467 0.655708 0.414267 0.414267 0.619734 0.675082 0.675082 0.560392 0.657617 0.570206 0.636522 0.636747 0.731271 0.649371 0.497242 0.422018 0.914590 1.008101 0.935934 0.984053 0.948077 1.010644 1.017837 0.964688 1.088529 0.837093 1.042341 0.890456 0.773583 0.379895 0.228432 0.433895 0.366248 0.792600 0.307477 0.465583 0.599840 0.593651 0.428262 0.323339 0.370049 0.258036 0.195351 0.191882
0.497496 0.416341 0.376586 0.597282 0.615087 0.524895 0.467047 0.768968 0.604043 0.577927 0.414267 0.780200 0.535117 0.795476 0.803045 0.706527 0.586967 0.465161 0.694143 0.655708 0.780570 0.414267 0.458867 0.522698 0.621403 0.651952 0.621403 0.621403 0.651952 0.334686 0.598222 0.587496 0.576014 0.575738 0.750647 0.843732 0.979333 1.019689 1.067389 1.014568 0.627443 0.627443 0.737246 0.586967 0.586967 0.856677 0.792147 0.949038 0.805468 0.866992 0.223453 0.562005 0.266032 0.240929 0.365927 0.695703 0.256965 0.346973 0.273074 0.307098 0.386279 0.414071 0.195664
0.849267 0.376586 0.496988 0.524895 0.378456 0.662441 0.467047 0.608791 0.736189 0.736189 0.668786 0.586967 0.797067 0.592654 0.654721 0.596090 0.586967 0.596807 0.903778 0.655708 0.655708 0.904871 0.651952 0.677773 0.854812 0.586967 0.651952 0.870087 0.779454 0.559576 0.648492 0.821663 0.622510 0.550194 0.478449 0.554143 0.916790 0.916790 1.058657 0.627443 1.058657 0.627443 1.067148 0.986762 0.626274 0.971933 0.952633 0.980380 0.876075 0.621403 0.300718 0.379895 0.266032 0.207169 0.451292 0.649662 0.199298 0.277110 0.212662 0.307098 0.664599 0.374047 0.274958
0.318807 0.318807 0.673776 0.533922 0.977918 0.388380 0.633041 0.756238 0.776383 0.592654 0.499257 0.464099 0.775594 0.786947 0.721840 0.633041 0.649079 0.740804 0.840725 0.821663 0.753203 0.648492 0.648492 0.834905 0.704230 0.414267 0.414267 0.651952 0.458867 0.458867 0.596807 0.591646 0.435168 0.658748 0.475575 0.581386 0.465161 0.835154 1.058657 1.072951 0.627443 0.627443 1.078627 0.713005 0.985478 0.971933 1.065334 1.087039 0.761513 0.680063 0.480182 0.480182 0.242227 0.755045 0.729427 0.296097 0.199298 0.182219 0.299506 0.186398 0.578467 0.480182 0.248455
0.931316 0.515304 0.654721 0.493120 0.505585 0.536062 0.765447 0.912285 0.586967 0.379485 0.723899 0.868342 0.655708 0.622510 0.422216 0.367067 0.524349 0.740804 0.370968 0.621124 0.821663 0.854812 0.761513 0.630362 0.697287 0.637881 0.524895 0.458867 0.524349 0.651952 0.414267 0.591646 0.625746 0.633041 0.576014 0.518480 0.755346 0.619734 0.674502 0.627443 0.627443 0.627443 1.066294 1.010644 1.071378 1.065230 0.792600 1.103936 0.952748 0.560120 0.567715 0.562005 0.357688 0.608791 0.670479 0.729427 0.447655 0.182219 0.603469 0.599611 0.350610 0.277859 0.284273
0.595608 0.642395 0.458045 0.493120 0.404905 0.831993 0.798235 0.527229 0.655708 0.717253 0.723899 0.846973 0.738610 0.738610 0.651952 0.753824 0.498756 0.508624 0.904871 0.834905 0.597282 0.547482 0.689765 0.800505 0.754742 0.596807 0.840725 0.728800 0.633989 0.904871 0.651952 0.537464 0.543863 0.659497 0.523801 0.627057 0.570206 0.660978 0.900239 0.996066 0.627443 0.627443 1.060710 0.627443 1.061398 1.066425 0.479967 0.627443 0.874564 0.216016 0.334992 0.630857 0.483935 0.670479 0.640806 0.568719 0.447655 0.291301 0.513248 0.466212 0.379895 0.376377 0.284273
0.360165 0.514426 0.290079 0.408235 0.586967 0.615087 0.615087 0.776383 0.617814 0.655708 0.885672 0.690889 0.600295 0.667409 0.651952 0.834905 0.625746 0.834905 0.904871 0.870087 0.840725 0.803399 0.831429 0.888381 0.888381 0.651952 0.621958 0.377628 0.294670 0.904871 0.651952 0.213009 0.651952 0.651952 0.621403 0.676437 0.450233 0.651952 0.529755 0.598920 1.067744 0.909793 1.060710 0.639516 0.995934 0.766784 1.014384 0.828754 0.259727 0.216016 0.462164 0.370049 0.480182 0.488025 0.795878 0.631837 0.448305 0.729427 0.513248 0.356037 0.420823 0.420823 0.252266
0.399365 0.492666 0.724573 0.391379 0.534879 0.633041 0.640485 0.643647 0.571798 0.655708 0.804788 0.683231 0.586967 0.414267 0.586474 0.774796 0.779454 0.779454 0.887321 0.804788 0.840725 0.803399 0.840725 0.780570 0.870087 0.887321 0.666714 0.189068 0.290079 0.648492 0.568969 0.534402 0.465161 0.651952 0.450446 0.676437 0.651952 0.651952 0.632079 0.825188 0.510679 0.856374 0.721141 0.457248 0.393218 0.633041 0.362006 0.522421 0.186130 0.293180 0.252696 0.391008 0.349858 0.752258 0.817472 0.284273 0.354869 0.231688 0.615841 0.371151 0.665662 0.186139 0.252266
0.421422 0.520464 0.671481 0.548302 0.794667 0.615841 0.833357 0.643647 0.621403 0.779454 0.709997 0.582942 0.652793 0.655708 0.586474 0.506998 0.887321 0.887321 0.761513 0.834905 0.821663 0.480611 0.377628 0.987667 0.840725 0.854812 0.650241 0.648492 0.526202 0.490368 0.756238 0.651952 0.713880 0.420220 0.686275 0.559576 0.559576 0.602747 0.596807 0.602747 0.309349 0.722532 0.278209 0.259096 0.456041 0.456041 0.478231 0.373149 0.535354 0.639191 0.628090 0.547482 0.576014 0.562005 0.460197 0.281077 0.231688 0.817472 0.817472 0.523526 0.665662 0.346827 0.195351
0.421422 0.831429 1.018159 0.448951 0.670814 0.781666 0.632321 0.636747 0.619999 0.744837 0.744837 0.452132 0.723899 0.723899 0.886163 0.638538 0.584473 0.623331 0.761513 0.840725 0.843312 0.658748 0.559576 0.878911 0.840725 0.840725 0.591392 0.422414 0.651952 0.603757 0.834905 0.870087 0.476245 0.424570 0.414267 0.414267 0.503191 0.503191 0.651952 0.524349 0.702547 0.414267 0.563330 0.265824 0.525427 0.495141 0.478231 0.639191 0.372426 0.465372 0.625746 0.594145 0.626536 0.562005 0.690048 0.630857 0.602087 0.926742 0.573785 0.784149 0.256965 0.234440 0.277859
0.597045 0.738871 0.738871 0.863221 1.095493 0.932390 0.570206 0.499755 0.549387 0.488025 0.377628 0.737817 0.776383 0.630362 0.758537 0.774796 0.821663 0.458867 0.660978 0.761513 0.895381 0.537464 0.688621 0.840725 0.840725 0.840725 0.720436 0.598920 0.466003 0.648492 0.648492 0.508624 0.534879 0.568469 0.414267 0.453381 0.861568 0.422809 0.651952 0.524349 0.686572 0.602747 0.614581 0.439748 0.495141 0.455839 0.336078 0.479535 0.633041 0.615087 0.748655 0.513543 0.352159 0.379895 0.546103 0.426124 0.496988 0.791332 0.989143 0.530750 0.513543 0.411286 0.599611
0.714456 0.453173 0.989294 0.629863 0.989077 1.060710 0.880873 0.743396 0.988710 0.993998 0.461947 0.737817 0.457647 0.723899 0.618299 0.834905 0.808410 0.904871 0.660978 0.886402 0.669805 0.840725 0.597282 0.904871 0.570206 0.862239 0.913615 0.631593 0.811450 0.749659 0.780200 0.534879 0.651952 0.571798 0.571798 0.464312 0.432792 0.519617 0.537232 0.651952 0.485151 0.333145 0.274646 0.466212 0.589595 0.206341 0.432792 0.773174 0.627443 0.627443 0.603757 0.947820 0.530750 0.357359 0.415301 0.496247 0.770252 0.884907 0.528246 0.888971 0.651952 0.589595 0.482730
0.951889 0.792180 0.811741 0.832820 0.989077 1.067805 1.091183 0.846973 0.948572 1.067805 1.020303 0.776383 0.510679 0.562802 0.562802 0.632079 0.797067 0.911803 0.582685 0.890456 0.773989 0.649371 0.887321 0.753824 0.661712 1.018159 0.708755 1.020303 1.020303 0.648492 0.491753 0.501240 0.597282 0.625482 0.651952 0.490368 0.531981 0.558204 0.515596 0.602747 0.413874 0.198346 0.198346 0.269030 0.654175 0.603757 0.298086 0.937806 0.627443 0.627443 0.603757 0.952347 0.756238 0.513543 0.311268 0.290487 0.761788 0.884907 0.788288 0.851089 0.784149 0.703224 0.201018
0.801243 0.820177 0.665662 0.815049 1.059230 1.052945 1.020088 1.020088 1.086481 1.061398 1.095493 0.945824 0.886264 0.627443 1.018410 0.914771 0.753824 0.719725 0.700481 0.882402 0.923021 0.807126 0.634690 0.829670 0.338307 0.855447 0.606307 0.546103 0.525427 0.648492 0.377628 0.671812 0.464312 0.593403 0.593403 0.377628 0.716429 0.744120 0.408440 0.676100 0.632079 0.660240 0.473316 0.269030 0.996875 0.861568 0.746251 0.831142 0.915899 0.937806 0.952347 0.937806 0.615841 0.989243 0.465583 0.628090 0.642710 0.629361 0.817472 0.762716 0.817472 0.817472 0.784149
0.544708 0.781303 0.809037 0.782027 0.855131 0.722876 1.044943 1.020088 1.083323 0.986762 0.955350 1.020252 1.052945 0.964694 1.058811 0.914771 0.656475 0.570206 0.821663 0.581124 0.803399 0.760456 0.634690 0.511163 1.020303 0.952347 0.773583 0.524622 0.478012 0.921068 0.930214 0.448951 0.795476 0.522698 0.379485 0.568719 0.649662 0.355871 0.418804 0.234171 0.607419 0.508393 0.513248 0.828130 0.988881 0.627443 1.020361 0.627443 0.937806 0.669127 0.791332 0.937806 0.937806 0.910242 0.674742 0.701864 0.701864 0.541295 0.784149 0.784149 0.805468 0.692538 0.817472
0.639840 0.781303 0.755346 0.701175 0.945824 1.000451 1.056747 1.103070 1.083323 0.472859 0.643958 0.740427 0.665662 0.943490 1.076487 0.985191 0.668100 0.601421 0.694143 0.824159 0.665662 0.615087 0.634690 0.535591 0.753514 0.773174 0.909104 0.771098 0.803399 0.619734 0.784149 0.776774 0.808410 0.414267 0.316145 0.278092 0.355871 0.595123 0.418804 0.518194 0.325387 0.512060 0.479967 0.888582 0.754742 0.910242 0.910242 0.831362 0.917636 0.935448 0.758256 0.415510 0.322093 0.225848 0.674742 0.761788 0.556255 0.630857 0.585729 0.792600 0.817472 0.692538 0.817472
0.533198 0.657238 0.613300 0.307854 0.681026 0.878225 0.981481 0.983211 0.824848 1.076487 0.483199 0.483199 0.547208 0.727206 0.887097 0.507465 0.558204 0.383733 0.362668 0.711217 0.478012 0.570206 0.720789 0.699075 1.020303 0.814220 0.795476 0.680386 0.858704 0.624949 0.518194 0.599840 0.381523 0.414267 0.235686 0.512060 0.577927 0.549387 0.549387 0.266654 0.508624 0.504872 0.553624 0.435709 0.860055 0.685676 0.823105 0.831362 0.986023 0.627443 0.881496 0.479319 0.193856 0.491753 0.529254 0.435529 0.249283 0.747635 0.284273 0.307098 0.703224 0.817472 0.784149
0.543580 0.577927 0.649662 0.649662 0.649662 0.790474 0.774796 0.916790 0.982646 0.297155 0.522143 0.449594 0.555172 0.508624 0.824159 0.486596 0.300986 0.372607 0.464312 0.711217 0.372607 0.776774 0.590112 0.630113 0.814220 0.776383 0.795476 0.620563 0.640485 0.659869 0.496988 0.496988 0.757688 0.393946 1.016482 0.329528 0.568719 0.241950 0.272430 0.541870 0.651952 0.667409 0.577927 0.404905 0.592654 0.800505 0.886869 0.846182 0.834143 0.987958 1.007419 0.847363 1.020179 0.546932 0.628090 0.716429 0.784149 0.560662 0.706527 0.734219 0.578467 0.805468 0.617080
0.894107 0.594390 0.649662 0.199298 0.320867 0.790474 0.685072 0.733931 0.612521 0.347992 0.388191 0.376001 0.555172 0.482310 0.625746 0.661712 0.557650 0.563594 0.464312 0.563594 0.448521 0.464312 0.603757 0.372607 0.814220 0.630113 0.652793 0.875328 0.414267 0.428069 0.698720 0.496478 0.688042 0.424570 0.916677 0.883554 0.241950 0.634690 0.634690 0.518194 0.904871 0.659497 0.650241 0.641126 0.561469 0.350142 0.485393 0.939568 0.451292 0.805129 0.805129 0.438202 0.671812 1.020172 1.019336 0.942761 0.777936 0.734219 0.706527 0.382331 0.247695 0.777936 0.278789
0.606307 0.503674 0.230384 0.187027 0.277110 0.571511 0.636296 0.740427 0.546932 0.483935 0.650528 0.537927 0.504872 0.661712 0.605464 0.605464 0.615087 0.829670 0.566955 0.699781 0.598688 0.494918 0.606307 0.872181 0.615339 0.816675 1.065230 0.883833 0.845782 0.414267 0.627443 0.947820 0.507232 0.968137 0.682345 0.839205 0.587761 0.634690 0.625746 0.549387 0.597282 0.592654 0.635842 0.635842 0.597282 0.775196 0.579271 0.633041 0.627057 0.649371 0.308354 0.438202 0.418804 1.002129 0.887097 0.888381 0.861324 0.379895 0.364634 0.185950 0.386279 0.687750 0.762716
0.644576 0.650528 0.562005 0.503674 0.411286 0.687750 0.451292 0.451292 0.680386 0.658373 0.510226 0.562802 0.504872 0.605464 0.615087 0.615087 0.615087 0.640485 0.663884 0.452341 0.653072 0.570206 0.824159 0.872181 0.808410 1.016079 0.885421 0.917587 0.912972 0.682345 0.627443 0.960207 1.071378 1.012619 0.820552 0.820552 1.017220 0.856677 0.948328 0.359827 0.530005 0.586967 0.476245 0.755045 0.537927 0.744120 0.975354 0.689765 0.663884 0.648492 0.557650 0.285177 0.887321 0.792600 0.985478 0.792600 0.869222 0.511463 0.184875 0.191915 0.205574 0.631837 0.619259
0.311268 0.330481 0.860055 0.445127 0.426124 0.503674 0.426124 0.314964 0.916559 0.658373 0.415092 0.520182 0.498756 0.808410 0.586967 0.605464 0.615087 0.600522 0.474451 0.665309 0.615087 0.824159 0.518194 0.795476 1.019538 0.671481 0.822027 0.801971 0.999585 0.918366 1.003733 0.778699 0.682919 0.770252 0.924289 0.569465 1.035282 0.950796 0.465372 0.262070 0.381320 0.971933 0.370785 0.533198 0.491753 0.576014 0.531981 0.569217 0.756531 0.829970 0.651952 0.904871 0.592654 0.568469 0.888381 0.592404 0.306338 0.904512 0.607419 0.682293 0.319084 0.186319 0.619259
