Example_Watersheds/WA_MashelWatershed/DataInputs/o_3_ChemistryPools/Mashel_1990_Pools/N_g_BgStem.asc
ncols         923
nrows         455
xllcorner     550005.67551598
yllcorner     5180549.8134422
cellsize      30
NODATA_value  -9999
[rows 84 to 111 of 455, columns 315 to 377 of 923]
0.853135 0.937538 0.610548 0.610548 1.923061 1.977441 2.773769 1.732757 1.261408 1.604432 1.822097 1.276082 1.555401 1.294420 1.491021 4.959540 1.686182 1.850629 0.600906 0.134066 0.513121 2.617477 0.712698 1.058637 0.843771 2.160590 2.402235 3.455707 3.255976 2.110597 2.572274 2.572274 0.765728 2.726584 1.250391 1.715589 1.025398 1.496026 2.239092 0.600906 2.282850 1.293197 0.841431 0.703771 1.839235 0.403442 1.681186 1.681186 1.616926 0.850794 1.197866 0.880067 1.382871 0.928116 1.310329 2.186927 3.476663 4.063880 3.134518 6.120792 16.251999 4.940669 14.895266
1.924296 1.493523 2.893590 2.859658 3.604172 1.493523 1.853168 1.418747 2.161843 5.334840 13.162510 1.762182 12.510398 8.679927 4.124954 13.614754 12.852545 2.355790 0.180989 0.757796 1.559074 1.583581 0.283979 0.283979 0.167583 0.134066 2.258538 4.623124 3.198304 2.912453 2.859658 3.088639 1.150115 2.067997 2.508976 0.948209 1.025398 1.223495 2.035056 3.078615 0.918737 1.620771 1.361879 0.703771 1.389050 1.523584 1.627183 0.415360 1.261408 0.976688 0.976688 1.381635 0.945837 0.462020 0.186017 0.216182 1.890026 3.332726 2.776322 3.134518 6.120792 5.192496 3.331465
2.095623 1.931706 3.915990 2.726584 2.647571 3.184772 2.965633 1.873493 3.400093 8.572380 2.253676 7.152674 13.162510 4.478293 7.494846 7.494846 1.267532 4.009479 8.891659 1.080028 0.998070 1.984864 0.827892 0.457845 0.392518 0.795148 5.179093 13.162510 6.928797 2.912453 1.538263 0.806447 2.767388 3.824777 1.528476 1.746253 1.150115 0.939909 1.005202 1.125673 4.323980 1.494775 1.978678 1.978678 1.202744 3.462254 1.199085 2.920000 1.391523 1.221052 0.806447 0.651119 0.974313 1.606886 0.577334 0.720500 0.930461 2.824852 2.809970 3.893632 6.099763 3.462254 3.855009
0.529584 1.931706 1.618207 4.631704 2.908680 3.810127 3.810127 3.810127 1.984864 0.670204 3.810127 1.682475 2.519092 2.792611 2.241523 2.775045 2.369590 3.819449 2.011018 1.247944 3.183542 0.738517 1.909124 1.633599 0.863671 0.558981 4.204929 4.171826 1.069330 2.376844 2.027462 1.233269 3.557111 3.798146 2.095623 2.095623 0.937538 0.868355 1.489769 1.427420 1.147668 0.949395 2.093128 0.918737 7.072184 9.363231 2.239092 1.359412 0.744190 1.042012 0.691480 0.366243 1.260183 1.939118 0.577334 1.269974 0.307961 1.530923 1.781735 2.588659 2.144319 3.462254 4.129075
2.264615 1.343422 0.791756 0.977875 1.529700 0.478800 0.596635 1.631032 1.603205 3.455707 3.443927 2.042653 2.327200 2.248815 1.775623 2.462452 2.988488 2.302546 1.624618 3.038269 1.573775 0.337355 0.152500 2.447378 1.907850 2.100614 3.806132 3.806132 2.696398 1.552952 7.539427 0.890610 0.493242 1.826993 0.988564 1.033704 3.981539 7.028550 0.774786 1.074084 1.147668 0.869526 0.961257 1.283415 1.427420 3.685215 2.035056 1.359412 0.911703 1.311554 1.030144 7.848264 1.155009 1.310329 0.945837 1.464771 1.619489 0.883581 2.592417 1.382871 1.100246 4.579020 5.072114
2.855890 2.114342 0.835785 1.353244 0.989752 0.346490 1.692306 1.738891 1.481015 1.867139 1.640018 2.080657 0.999259 1.100246 0.458890 3.340290 1.517320 2.380471 3.892344 3.892344 3.127976 1.265082 0.850794 1.347103 1.429899 1.310329 3.315080 2.080657 0.875382 1.589712 1.008769 1.208844 0.425037 1.826993 3.232754 1.512307 3.689050 0.961257 0.938724 0.975500 1.109810 1.368050 1.427420 4.233783 3.768696 1.122010 2.373217 2.373217 2.131825 3.794153 7.075557 10.186704 11.471035 3.253382 2.586155 3.798146 2.387725 2.797570 0.564391 0.134066 1.070519 3.494945 4.289767
1.454784 1.983627 2.118087 0.987377 1.017094 0.346490 0.365273 1.407604 0.351499 3.527443 1.779290 1.568874 1.568874 0.868355 2.121833 1.705783 1.589712 1.746253 1.682475 2.424000 3.643549 1.366816 1.627183 1.738891 0.423965 2.587407 1.376694 1.361879 2.637537 0.903499 1.582355 1.202744 0.604105 2.840978 1.009958 2.042653 0.909359 2.108101 1.785402 1.785402 1.647726 1.540711 0.937538 1.189318 5.350655 4.219354 1.134222 4.256735 7.078931 1.225938 3.676267 12.557824 12.942316 3.259866 2.311625 9.855534 1.711912 2.315517 0.564391 0.134066 0.981438 1.874764 3.214298
1.797630 1.249167 1.161129 0.379299 0.379299 0.495457 0.234425 0.336331 0.217014 2.731681 1.518573 3.527443 2.134323 2.287713 3.824777 2.688883 1.323803 1.479765 1.175828 2.955481 1.763404 1.255286 1.834338 1.115909 2.124331 2.111846 1.697206 2.134323 1.565199 0.606235 2.365963 2.365963 0.783839 0.674688 1.583581 2.018606 0.863671 2.726584 1.780512 2.498911 1.511054 1.178280 1.007580 0.917564 5.350655 7.062068 4.402954 0.966004 2.079410 1.831889 5.421882 12.557824 12.525642 9.344085 3.710790 2.100614 1.978678 1.686182 1.543158 0.765728 0.134066 0.504302 2.316815
2.019871 4.166305 1.421225 0.217858 1.632316 1.754845 0.471363 0.134066 0.756663 2.160590 3.274135 2.009754 1.865868 2.553269 1.479765 1.977441 1.258959 2.143069 1.780512 2.345388 0.881238 2.099366 3.958941 1.115909 1.488518 2.347988 3.984199 2.070533 1.583581 0.683649 0.799669 1.008769 0.826764 0.868355 0.957698 2.223296 2.080657 2.726584 2.000954 1.554176 3.634307 1.647726 1.124452 2.042653 1.650297 3.398813 2.149318 1.045574 0.134066 1.555401 1.715589 1.715589 1.368050 2.084398 5.165250 1.850629 1.910398 2.035056 3.253382 1.699656 0.533958 0.134066 2.589912
1.590938 1.823321 0.354482 4.979086 5.733530 1.386578 0.557897 0.234425 2.011018 2.160590 1.822097 2.327200 1.175828 1.488518 3.169874 1.417509 1.417509 1.437338 0.929289 0.568712 0.179314 0.134066 1.052698 1.909124 0.134066 0.134066 0.766860 0.317570 0.413201 0.325984 1.266307 0.453657 0.640996 0.808706 0.325984 2.148068 2.042653 0.832403 0.374886 2.422791 2.080657 0.303641 2.067997 1.508548 1.508548 0.134066 0.134066 0.653367 0.134066 0.134066 0.134066 0.134066 0.134066 4.017437 0.732842 1.246720 0.760063 2.567205 1.077650 1.540711 0.219082 0.170935 2.589912
0.481027 0.730571 0.354482 1.806191 0.561146 1.423703 0.898811 0.738517 0.738517 0.999259 0.854305 1.210064 2.686379 1.310329 2.531746 1.800076 0.866013 0.406702 0.664596 0.774786 0.377084 0.367211 0.296009 0.142445 0.182665 0.210681 0.134066 1.043199 0.955325 0.453657 0.275048 1.043199 0.504302 1.366816 0.808706 0.700421 0.700421 1.395232 0.649995 1.540711 0.657860 0.134066 0.134066 0.134066 0.262729 0.134066 0.134066 0.276054 0.134066 0.299291 0.134066 0.538326 0.134066 0.134066 0.556814 1.246720 1.339741 0.798539 1.554176 0.279050 0.134066 0.134066 0.134066
1.570099 1.327480 1.008769 0.999259 1.952711 0.325984 1.109810 0.368177 1.106195 1.571325 1.311554 1.095487 0.754396 0.504302 0.550302 0.664596 0.840293 0.453657 0.760063 1.043199 0.390324 0.550302 0.134066 0.134066 0.388125 0.435708 0.219534 1.043199 1.162353 1.347103 0.808706 1.371754 0.840293 0.703771 0.649995 0.669083 0.892953 1.311554 0.605170 1.273639 1.776846 0.134066 0.134066 0.162555 0.134066 0.134066 0.134066 0.134066 0.196072 0.134066 0.134066 0.134066 0.134066 0.134066 0.134066 0.134066 0.134066 0.483251 0.174286 0.515322 0.576258 0.134066 0.134066
1.797630 1.965074 2.417954 1.197866 0.918737 0.973126 0.265853 0.706004 0.848453 0.689244 0.557897 1.311554 1.590938 0.504302 0.134066 0.558981 0.799669 0.888267 0.453657 0.222143 0.222143 0.640996 0.453657 0.400173 1.762182 0.640996 1.853168 1.344649 1.042012 0.722728 1.371754 0.453657 0.453657 1.424942 1.371754 1.437338 0.973126 0.430383 0.644372 0.618453 0.134066 0.207803 0.727182 0.134066 0.134066 0.192720 0.254255 0.755530 0.755530 0.134066 0.134066 0.134066 0.134066 0.134066 0.227913 0.134066 0.134066 0.134066 0.274040 0.134066 0.134066 0.134066 1.795184
0.515322 1.363113 1.710686 0.626350 0.890610 0.561146 0.265853 0.609428 1.393996 0.936353 0.551389 0.783839 0.354482 0.354482 1.631032 1.115909 0.616195 1.479765 1.347103 0.444185 0.210681 0.606235 1.162353 1.162353 2.118087 1.797630 0.833530 1.754845 0.606235 0.640996 0.615066 1.162353 0.275048 0.444185 0.619582 0.220108 0.413201 0.619582 1.133000 1.371754 1.371754 0.830147 0.600906 1.090729 0.222143 0.662351 0.611678 0.134066 0.144121 0.134066 0.134066 0.134066 0.134066 0.134066 0.134066 0.134066 0.134066 0.134066 0.134066 0.134066 0.134066 0.265853 0.134066
2.766112 0.413201 0.613937 2.033790 0.439953 0.439953 0.354482 0.871868 1.751162 0.457845 0.264815 0.182665 0.788364 1.168476 0.799669 0.629733 1.273639 0.799669 1.162353 1.014715 1.093108 1.013526 1.093108 1.770735 1.311554 0.885924 1.974967 0.690362 0.430383 0.453657 1.371754 1.162353 1.290751 0.722728 0.228118 0.186017 0.134066 0.610548 0.516421 0.321792 0.681410 1.000447 1.561524 0.444185 1.141555 0.662351 0.339399 0.134066 0.134066 0.134066 0.134066 0.134066 0.134066 0.134066 0.134066 0.134066 0.134066 0.134066 0.134066 0.134066 0.217014 0.134066 0.134066
0.689244 1.686182 0.999259 1.496026 0.902327 0.484363 0.276054 0.435708 2.191946 0.484363 0.544865 1.600751 1.993527 0.764595 0.640996 0.430383 0.774786 0.799669 0.731706 0.430383 1.093108 0.453657 0.880067 0.552474 1.311554 1.355711 0.444185 0.976688 0.268948 0.885924 0.604105 0.629733 1.148891 0.600906 0.147473 1.043199 1.524807 0.245572 1.094298 1.358178 0.444185 0.539417 2.403444 0.444185 1.159904 0.392518 0.600906 0.651119 1.009958 0.134066 0.134066 0.134066 0.134066 0.134066 0.134066 0.134066 0.134066 0.134066 0.162555 0.134066 0.134066 0.254255 0.179314
0.510919 1.068142 1.590938 1.496026 1.276082 0.750995 2.038854 0.265853 1.301761 0.758930 0.544865 0.600906 0.951767 1.609341 1.089540 1.583581 0.615066 0.615066 0.890610 0.699304 0.794017 0.699304 0.642121 1.670880 0.629733 0.288826 0.374886 0.699304 0.699304 0.244472 0.401264 0.730571 0.764595 0.610548 0.160880 0.814352 2.243953 1.781735 0.640996 0.275048 0.862501 0.743056 0.413201 0.474463 0.474463 0.951767 0.672447 0.516421 0.610548 0.600906 2.425209 0.134066 0.135742 0.980250 0.134066 0.134066 0.134066 0.134066 0.134066 0.134066 0.134066 0.134066 0.184341
2.312922 1.393996 1.629749 1.708234 0.999259 1.197866 0.763462 0.210681 0.258518 0.258518 0.628605 1.371754 0.888267 0.610548 0.413201 0.568712 1.148891 1.489769 0.606235 1.093108 1.371754 0.453657 0.571948 1.080028 0.964817 0.471363 0.177638 0.739652 1.148891 0.244472 1.130557 0.479914 0.423965 0.259576 1.136666 0.814352 3.426975 3.426975 0.745324 1.709460 1.709460 1.347103 0.394710 0.389225 1.069330 0.397990 0.610548 1.347103 0.717158 0.600906 2.222080 1.040825 0.134066 0.134066 0.134066 0.134066 0.134066 0.536143 0.134066 0.134066 0.134066 0.134066 0.134066
1.606886 1.606886 0.799669 1.282193 0.321792 0.625223 1.310329 0.134066 0.175962 1.028957 1.347103 0.799669 0.430383 0.457845 0.691480 0.390324 1.000447 0.629733 1.221052 0.640996 0.615066 0.453657 0.395804 0.235554 1.606886 0.885924 2.138071 0.699304 1.148891 0.699304 1.102625 1.360645 1.358178 2.138071 2.207011 0.729436 0.529584 1.195427 0.764595 1.293197 0.432515 1.353244 1.111030 0.821123 0.432515 0.610548 2.116839 2.457427 0.548128 1.372989 1.877307 0.134066 0.134066 0.134066 0.134066 0.503198 0.603039 0.134066 0.134066 0.134066 0.134066 0.134066 0.134066
1.592165 0.891781 1.310329 1.354478 2.362294 1.686182 0.700421 0.134066 0.512020 0.876553 1.105005 0.631986 1.162353 0.290742 0.691480 0.222143 0.367211 0.526299 0.516421 0.444185 0.444185 0.444185 0.159204 0.288826 0.218051 1.372989 1.583581 1.371754 1.371754 1.371754 1.162353 0.862501 1.254062 1.221052 1.066954 0.449456 0.456799 0.389225 0.539417 0.454705 0.496564 0.449456 0.377084 0.907015 0.617324 0.980250 0.951767 1.347103 1.526030 1.526030 0.430383 0.615066 0.134066 0.134066 0.134066 0.134066 0.134066 0.134066 0.134066 0.503198 0.134066 0.134066 0.134066
2.095623 1.411318 1.924296 1.673456 1.130557 1.878578 0.961257 1.230825 1.461025 0.252104 0.400173 0.315448 1.347103 1.347103 1.380400 0.606235 0.699304 0.324939 0.352495 0.251024 0.420745 0.395804 0.392518 1.062201 0.570870 0.619582 1.355711 0.932807 1.128115 0.631986 1.538263 0.885924 2.251245 0.640996 1.169701 1.349557 0.783839 1.274861 1.429899 0.454705 0.432515 0.432515 0.413201 0.850794 2.403444 0.606235 1.676032 1.129336 0.951767 2.184417 0.430383 1.266307 0.348499 0.134066 0.134066 0.134066 0.134066 0.134066 0.134066 0.558981 0.134066 0.134066 0.531772
2.763560 1.368050 0.644372 0.653367 1.735210 1.905302 1.905302 1.416270 0.996882 1.174603 0.674688 0.384822 1.407604 0.733977 1.380400 1.093108 1.557850 0.318628 0.453657 0.533958 0.275048 0.416439 0.808706 1.008769 0.477687 0.619582 0.885924 1.148891 0.444185 0.615066 1.339741 0.807577 2.251245 0.666840 1.802522 1.208844 1.865868 1.707009 1.718041 0.453657 0.249940 2.862171 0.909359 1.999716 1.375459 0.907015 0.951767 0.619582 1.347103 1.371754 1.032517 1.207624 0.584856 0.348499 0.134066 0.134066 0.134066 0.134066 0.134066 0.134066 0.134066 0.134066 0.134066
1.754845 0.848453 1.368050 0.453657 0.610548 2.270693 0.957698 1.151338 0.234425 0.392518 0.515322 0.384822 0.363328 1.326254 1.482265 0.951767 0.930461 0.453657 0.453657 0.903499 0.430383 0.808706 0.799669 0.966004 0.615066 0.453657 0.799669 0.833530 0.640996 1.371754 0.615066 1.162353 1.162353 0.799669 1.566424 1.347103 0.413201 0.619582 1.080028 0.263774 0.526299 0.432515 1.751162 1.904029 1.583581 0.640996 0.955325 0.619582 1.790293 1.427420 1.647726 1.853168 1.692306 1.692306 4.479650 0.134066 0.134066 0.134066 0.134066 0.134066 0.524107 0.134066 0.134066
2.963095 0.956511 0.707120 0.833530 0.451558 2.950406 1.075273 0.770258 0.958884 2.380471 1.151338 0.963630 0.870697 0.395804 1.090729 0.210681 0.619582 0.549216 0.549216 0.215972 0.606235 0.703771 0.615066 1.265082 1.265082 0.606235 1.371754 0.799669 0.640996 0.636492 0.740787 1.920592 1.162353 0.833530 1.162353 2.416745 0.930461 0.951767 0.730571 0.830147 2.133074 1.427420 2.054054 1.904029 0.909359 0.909359 2.116839 0.491025 0.422892 1.418747 1.853168 0.711583 1.272417 1.754845 0.503198 0.134066 0.134066 0.134066 0.134066 0.134066 0.134066 0.134066 0.134066
4.102370 2.359692 1.978678 0.733977 1.870951 3.864018 0.986189 0.134066 1.616926 2.457427 2.457427 2.732956 1.272417 0.870697 0.749861 1.326254 0.210681 0.222143 0.526299 0.866013 0.557897 1.347103 2.116839 0.801929 1.013526 1.265082 1.583581 0.833530 1.408842 0.636492 1.609341 1.797630 1.968783 0.878895 0.808706 1.532146 0.930461 1.358178 1.358178 2.344088 1.344649 1.709460 1.347103 2.550736 1.059825 1.034890 1.360645 0.491025 0.364301 0.459934 1.381635 0.714928 0.967191 1.163577 0.134066 0.134066 0.134066 0.134066 0.134066 0.134066 0.508715 0.993317 0.134066
2.223296 0.762329 0.762329 2.409490 2.327200 4.686463 2.951675 3.148916 1.616926 2.403444 2.780151 2.780151 0.598771 0.595566 0.593428 1.326254 0.619582 0.911703 1.904029 4.261162 2.309031 0.619582 2.116839 2.563404 1.162353 1.371754 0.516421 0.619582 0.619582 0.619582 0.619582 0.951767 0.943466 1.808638 0.848453 1.516066 1.371754 1.091919 1.155009 1.371754 0.651119 0.609428 0.451558 0.385924 1.754845 4.811836 1.867139 5.622074 2.678866 2.775045 2.809970 0.134066 0.980250 0.503198 0.134066 0.134066 0.134066 0.134066 0.134066 0.134066 0.134066 0.134066 0.980250
2.303843 1.293197 1.476015 1.814755 3.116215 6.088813 4.018763 1.939118 3.644869 1.517320 2.334992 0.669083 0.822252 1.055074 0.557897 0.619582 0.700421 1.000447 2.080657 8.308041 1.790293 5.573473 5.573473 3.696722 2.521623 0.558981 2.425209 1.691081 1.145223 1.326254 1.704558 0.526299 0.748727 2.281634 0.875382 2.109349 0.981438 0.481027 1.681186 2.843460 0.134066 0.524107 1.828217 0.383719 1.018281 0.570870 2.184417 5.622074 1.284637 0.134066 0.134066 0.134066 0.134066 0.134066 0.134066 0.134066 0.134066 0.134066 0.134066 0.134066 0.134066 0.134066 1.081217
3.361729 2.632521 0.134066 0.134066 3.033160 0.548128 1.152561 2.780151 2.359692 1.064577 2.870966 1.181958 0.595566 0.634240 0.634240 0.743056 0.387025 0.145797 0.762329 1.893844 2.245169 2.780151 2.306437 5.307857 0.585929 3.717185 0.134066 1.557850 2.240308 2.379262 0.134066 1.191770 0.866013 2.281634 0.396898 0.581635 1.796407 0.134066 0.980250 0.134066 0.134066 0.570870 0.570870 3.014007 0.134066 0.170935 0.592358 2.472506 2.019871 0.134066 0.134066 0.134066 1.111030 0.134066 0.134066 0.918737 0.134066 0.134066 0.134066 0.134066 0.134066 0.134066 1.625901
