Example_Watersheds/WA_MashelWatershed/DataInputs/o_3_ChemistryPools/Mashel_1990_Pools/N_g_Det_root_3.asc
ncols         923
nrows         455
xllcorner     550005.67551598
yllcorner     5180549.8134422
cellsize      30
NODATA_value  -9999
[rows 112 to 139 of 455, columns 567 to 629 of 923]
0.614202 0.620456 0.618683 0.618683 0.637226 0.685214 0.623508 0.652846 0.636428 0.633517 0.620348 0.657119 0.685444 0.657119 0.640455 0.618323 0.650525 0.611608 0.616088 0.614038 0.667737 0.610626 0.645287 0.681306 0.633936 0.615064 0.624012 0.638743 0.676626 0.631175 0.631175 0.682007 0.617674 0.612548 0.616445 0.609254 0.619696 0.613402 0.656650 0.612399 0.599661 0.616180 0.618912 0.612045 0.613296 0.615302 0.609399 0.667403 0.628617 0.958641 0.621805 1.100080 0.628617 0.640180 0.626405 0.639203 0.684697 0.817202 0.817202 0.668033 0.616968 0.628617 0.628617
0.640274 0.640132 0.638826 0.613750 0.679814 0.684103 0.685444 0.610172 0.683778 0.679021 0.646726 0.642322 0.679814 0.682286 0.610172 0.661311 0.637205 0.616088 0.615665 0.618799 0.662975 0.619258 0.611000 0.611000 0.633936 0.606775 0.611396 0.610441 0.638743 0.659320 0.651927 0.613883 0.618766 0.650044 0.618720 0.612255 0.666664 0.654145 0.619125 0.612399 0.686562 0.615159 0.616372 0.613224 0.613230 0.618720 0.609399 0.628617 0.612963 0.675764 0.616057 0.630432 0.752771 0.628617 0.618309 0.606161 0.609871 0.820997 0.950784 0.667035 0.599247 0.628617 0.615460
0.674700 0.674700 0.624880 0.679692 0.679814 0.684103 0.684279 0.636026 0.638471 0.685444 0.619081 0.636428 0.612277 0.684208 0.637982 0.680882 0.623508 0.678587 0.643911 0.619761 0.661311 0.618805 0.611963 0.611963 0.611431 0.606775 0.674264 0.612178 0.615706 0.596376 0.626639 0.613034 0.618766 0.616445 0.617274 0.611885 0.609891 0.638016 0.611898 0.614285 0.673745 0.661311 0.610889 0.660738 0.615743 0.647260 0.638876 0.628617 0.878950 0.628617 0.606986 0.615158 0.615346 0.628617 0.643088 0.681121 0.622347 0.614420 0.663839 0.616244 0.628617 0.680824 0.677854
0.639830 0.614202 0.624880 0.612320 0.679814 0.684103 0.615908 0.615908 0.619081 0.613534 0.623508 0.618915 0.650525 0.615636 0.684103 0.651927 0.640455 0.623508 0.607135 0.637393 0.613871 0.619774 0.677370 0.612363 0.614672 0.674264 0.611431 0.636108 0.631603 0.615790 0.663247 0.679616 0.611518 0.653527 0.673371 0.673371 0.615121 0.615121 0.609891 0.680989 0.628617 0.685586 0.660738 0.686712 0.680159 0.622823 0.637400 0.653931 0.628617 0.617582 0.634829 0.680824 0.609980 0.628617 0.641136 0.616764 0.622872 0.614420 0.628617 0.628617 0.616849 0.615577 0.615577
0.639614 0.639614 0.639614 0.611885 0.611652 0.636026 0.636026 0.646581 0.615466 0.651927 0.651927 0.651927 0.685444 0.611777 0.651927 0.636428 0.618323 0.677370 0.619081 0.661311 0.617845 0.611997 0.609008 0.619774 0.635756 0.611396 0.645852 0.645852 0.637982 0.612204 0.617137 0.641582 0.679513 0.665828 0.680637 0.608760 0.615121 0.653527 0.609891 1.100080 0.683621 0.615947 0.686684 0.686712 0.661977 0.679073 0.789427 1.037219 0.628617 0.616277 0.634829 0.611564 0.628617 0.647399 0.680633 0.680633 0.618509 0.616277 0.622703 0.628617 0.615460 0.677854 0.681276
0.674700 0.619287 0.615908 0.606402 0.646935 0.646935 0.640455 0.651927 0.670339 0.615466 0.685444 0.679021 0.685444 0.681435 0.640455 0.636428 0.636428 0.619081 0.676373 0.618442 0.680885 0.613750 0.609506 0.647627 0.609008 0.646726 0.631603 0.644708 0.681306 0.612204 0.620348 0.673371 0.612107 0.685778 0.628617 0.628617 0.615121 0.613350 0.683434 0.633540 0.700095 0.612548 0.647034 0.605266 0.616162 0.622821 0.667035 0.635216 0.639011 0.887922 0.615636 0.616258 0.627127 0.628617 0.610883 0.611632 0.600475 0.680324 0.615860 0.685784 0.667037 0.655025 0.665528
0.639614 0.619287 0.597973 0.646935 0.613534 0.636163 0.640455 0.619774 0.670339 0.631642 0.610305 0.684208 0.606879 0.614687 0.667737 0.613534 0.613750 0.636428 0.684279 0.613750 0.609008 0.606988 0.614899 0.619696 0.637790 0.633228 0.680763 0.661452 0.613831 0.670941 0.685846 0.613831 0.615577 0.618029 0.679692 0.628617 0.607004 0.686422 0.638798 0.638798 0.611847 0.683070 0.612548 0.609309 0.630191 0.620640 0.636599 0.850837 0.611185 0.609195 0.615395 0.621472 0.628617 0.628617 0.958641 0.615049 0.675297 0.616035 0.621842 0.686456 0.685784 0.655025 0.605266
0.619081 0.619690 0.667737 0.606988 0.606988 0.613750 0.613750 0.613750 0.613750 0.636428 0.618323 0.613750 0.612849 0.615582 0.670339 0.648916 0.680809 0.606659 0.613750 0.616170 0.614605 0.661420 0.643533 0.607489 0.598684 0.677019 0.683434 0.594779 0.612399 0.621123 0.614921 0.614921 0.606602 0.620331 0.676860 0.683889 0.609891 0.632922 0.614728 0.682422 0.600165 0.772851 0.652846 0.681085 0.599661 0.651315 0.613402 0.850837 0.636828 0.616205 0.633157 0.614734 0.671939 1.005788 0.958641 0.800142 0.768225 0.601268 0.685369 0.685369 0.685586 0.616105 0.680128
0.612548 0.647791 0.620018 0.613750 0.606988 0.613750 0.613750 0.636428 0.636428 0.680496 0.618325 0.643742 0.599247 0.624071 0.610862 0.671939 0.864349 0.658360 0.669293 0.649074 0.620218 0.684208 0.618787 0.622703 0.622703 0.676860 0.605599 0.597973 0.593963 0.686617 0.667583 0.628890 0.678057 0.620331 0.624226 0.674536 0.683085 0.622821 0.640455 0.777134 0.600165 0.681425 0.666664 0.686712 0.676860 0.618805 0.609988 0.693867 0.655684 0.686518 0.648299 0.664822 0.685639 0.616105 1.068649 0.628617 0.773596 0.645477 0.685516 0.680496 0.620640 0.655568 0.611323
0.615665 0.678194 0.661311 0.613750 0.606988 0.613750 0.636428 0.613750 0.680496 0.680885 0.612204 0.635991 0.599247 0.599661 0.618184 0.982214 0.666166 0.622258 0.610954 0.638408 0.606988 0.621181 0.618179 0.676373 0.628617 0.632319 0.659122 0.632346 0.611632 0.612399 0.623424 0.606854 0.615199 0.612744 0.671137 0.653382 0.629733 0.614672 0.678956 1.029361 1.005788 0.743347 0.628617 0.628617 0.619081 0.682160 0.614100 0.647791 0.651722 0.615550 0.616283 0.636243 0.641983 0.686669 0.628617 0.754475 0.685516 0.684908 0.680637 0.622229 0.614285 0.611518 0.686572
0.661311 0.613750 0.613750 0.613750 0.667737 0.636428 0.641773 0.685354 0.685354 0.617091 0.636428 0.686653 0.662955 0.610862 0.661452 0.607186 0.621958 0.670181 0.681425 0.612263 0.630780 0.653864 0.664565 0.616291 0.628617 0.635991 0.614279 0.603162 0.618184 0.620405 0.609891 0.620348 0.628617 0.620159 0.614734 0.653382 0.653382 0.684116 0.618159 0.682556 0.669507 0.622373 0.624226 0.622131 0.684507 0.660334 0.612045 0.614317 0.800142 0.745352 0.651164 0.636243 0.629325 0.646061 0.666664 0.674316 0.625359 0.682148 0.680637 0.677774 0.680824 0.635381 0.606958
0.686172 0.613750 0.632240 0.617845 0.613750 0.606988 0.636428 0.618323 0.632833 0.638876 0.680992 0.603661 0.612399 0.739158 0.667596 1.021503 0.665933 0.620694 0.622775 0.624226 0.628617 0.637205 0.616849 0.628617 0.628617 0.919353 0.605926 0.659740 0.659740 0.617846 0.609723 0.670542 0.820997 0.736974 0.661311 0.686546 0.676364 0.684116 0.647283 0.622821 0.617355 0.685059 0.774281 0.630432 0.684507 0.612045 0.648920 0.611669 0.754475 0.667312 0.614687 0.678587 0.608708 0.620218 0.612061 0.677330 0.675338 0.632739 0.626000 0.665580 0.614556 0.614048 0.686684
0.606988 0.617955 0.638876 0.681170 0.613750 0.606988 0.636428 0.606988 0.617597 0.638876 0.614933 0.616291 0.622347 0.672580 0.602985 0.644012 0.665933 0.620694 0.676194 0.680937 0.602985 0.619850 0.680417 0.627127 0.626234 0.707194 0.644905 0.604928 0.598403 0.624716 0.686701 0.627911 0.639011 0.661311 0.656166 0.678561 0.675338 0.597157 0.621123 0.609209 0.611559 0.683434 0.730768 0.685906 0.597973 0.607489 0.658053 0.605599 0.676697 0.636475 0.685444 0.681442 0.648285 0.615510 0.606879 0.661594 0.680324 0.685784 0.677774 0.609008 0.606939 0.614506 0.625842
0.636428 0.613750 0.638876 0.608760 0.613750 0.607874 0.617597 0.636428 0.611997 0.661311 0.686518 0.613831 0.613831 0.653864 0.685050 0.681131 0.622821 0.633157 0.611185 0.616039 0.602793 0.683070 0.612888 0.651927 0.616764 0.619850 0.615860 0.616132 0.613389 0.609778 0.617575 0.616291 0.609723 0.609778 0.736974 0.682687 0.945464 0.662705 0.669077 0.610356 0.610356 0.686682 0.754475 0.684410 0.681174 0.613938 0.682817 0.673989 0.622763 0.686311 0.653864 0.630191 0.612418 0.618323 0.622885 0.661594 0.626000 0.682722 0.651188 0.608708 0.604594 0.616570 0.625842
0.612387 0.612205 0.613871 0.645287 0.636428 0.636428 0.636428 0.649152 0.613750 0.613750 0.645287 0.659320 0.596654 0.620914 0.614017 0.681172 0.622821 0.621680 0.600874 0.661941 0.613724 0.596654 0.608365 0.622347 0.662459 0.622847 0.612582 0.622847 0.680827 0.596654 1.060792 0.614858 0.614858 0.658360 0.681425 0.665828 0.611265 0.667506 0.610862 0.743347 0.628617 0.686682 0.613068 0.665933 0.619962 0.606248 0.686692 0.611997 0.622763 0.613402 0.616005 0.681332 0.612899 0.617094 0.612340 0.681865 0.680259 0.655025 0.661594 0.609769 0.609769 0.620552 0.614801
0.634008 0.638876 0.681276 0.676118 0.613993 0.613993 0.683782 0.636428 0.610823 0.615665 0.613750 0.669718 0.603162 0.620914 0.612399 0.678956 0.616849 0.622763 0.625359 0.616291 0.613724 0.655025 0.681307 0.608700 0.631898 0.618870 0.641136 0.680344 0.686701 0.667596 0.648285 0.627026 0.616291 0.650795 0.681376 0.675860 0.628617 0.671713 0.708987 0.628617 0.683621 0.666664 0.615159 0.657433 0.686712 0.638411 0.622775 0.616005 0.681307 0.667037 0.597539 0.685778 0.636947 0.611166 0.637809 0.622124 0.664306 0.681307 0.685784 0.628056 0.607874 0.645608 0.630198
0.623447 0.606987 0.636428 0.614899 0.618442 0.612299 0.683782 0.607489 0.611997 0.610823 0.613750 0.641360 0.661311 0.620584 0.594779 0.617515 0.602985 0.646581 0.678328 0.680496 0.685293 0.622571 0.681379 0.646935 0.636947 0.643526 0.606830 0.611608 0.615510 0.831136 0.622373 0.636091 0.611954 0.622649 0.662477 0.620331 0.600165 0.680699 0.648348 0.628617 0.848633 0.624226 0.662459 0.676364 0.676364 0.611561 0.623269 0.606939 0.675600 0.660157 0.681442 0.597973 0.680699 0.616088 0.615344 0.620584 0.620640 0.616849 0.681245 0.628056 0.632818 0.633974 0.635435
0.636428 0.619367 0.614784 0.612895 0.606988 0.667737 0.680496 0.614784 0.613750 0.613750 0.680763 0.657744 0.638608 0.610762 0.635622 0.614556 0.665077 0.684697 0.622821 0.684603 0.659268 0.606979 0.606190 0.627276 0.613159 0.631455 0.675600 0.617840 0.659567 0.607186 0.627026 0.622811 0.619690 0.730061 0.610020 0.725152 0.609561 0.609561 0.609891 0.684507 0.628617 0.801487 1.021503 0.682817 0.685778 0.611561 0.623895 0.657744 0.636599 0.680421 0.646220 0.682537 0.680699 0.643088 0.638798 0.675110 0.648763 0.612744 0.620941 0.617736 0.634701 0.640700 0.641393
0.642411 0.642411 0.615395 0.613769 0.686219 0.623465 0.613993 0.679717 0.654864 0.611061 0.617021 0.678328 0.613288 0.681773 0.630432 0.606540 0.666075 0.684697 0.622583 0.618323 0.617131 0.686617 0.645563 0.613143 0.613159 0.645239 0.633383 0.680496 0.681170 0.681170 0.675073 0.754475 0.595584 0.622811 0.682817 0.607160 0.683070 0.633573 0.684507 0.600165 0.628617 0.628617 0.678092 0.604585 0.670135 0.646804 0.634082 0.634398 0.768225 0.619492 0.625333 0.685059 0.615925 0.681720 0.618956 0.680344 0.622118 0.645287 0.620427 0.619081 0.631979 0.606641 0.638471
0.635086 0.629344 0.615395 0.613769 0.616007 0.641079 0.636340 0.684754 0.682722 0.615888 0.617021 0.622763 0.635920 0.616764 0.612263 0.630620 0.681038 0.646581 0.685208 0.640756 0.622821 0.634214 0.641392 0.643697 0.606775 0.616291 0.659268 0.679513 0.612183 0.911495 0.664565 0.708987 0.610637 0.659320 0.647056 0.680342 0.615049 0.670489 0.666166 0.615401 0.942926 0.610637 0.623508 0.654533 0.680496 0.623895 0.617879 0.634398 0.606132 0.648285 0.619284 0.606041 0.636041 0.653864 0.634480 0.628617 0.624755 0.644039 0.639701 0.640374 0.631211 0.642149 0.607874
0.645754 0.606300 0.630432 0.666319 0.618177 0.639993 0.637621 0.609480 0.665528 0.680992 0.617173 0.681574 0.608647 0.608647 0.609640 0.630780 0.609891 0.615550 0.680176 0.612045 0.634214 0.645852 0.634742 0.622821 0.614556 0.662459 0.600165 0.665528 0.958641 0.628617 0.601268 0.620640 0.656650 0.673989 0.609462 0.683950 0.612045 0.686715 0.680417 0.666836 0.683438 0.683438 0.611632 0.623508 0.612582 0.608798 0.612759 0.613765 0.850837 0.648285 0.681442 0.606102 0.763445 0.616291 0.684598 0.682945 0.624755 0.609316 0.633969 0.615346 0.629546 0.680966 0.615135
0.628427 0.684965 0.612230 0.658789 0.633831 0.613230 0.613230 0.611762 0.643088 0.615947 0.618323 0.666560 0.607472 0.684908 0.630432 0.630432 0.613938 0.615550 0.617966 0.684310 0.617515 0.645852 0.614331 0.937822 0.628617 0.637205 0.681210 0.609254 0.958641 0.608078 0.616205 0.616244 0.677854 0.677854 0.679814 0.612982 0.615577 0.686386 0.680885 0.691479 0.595288 0.616258 0.616039 0.649821 0.612521 0.640019 0.648348 0.616125 0.653187 0.639186 0.640911 0.611323 0.679616 0.613029 0.637839 0.681413 0.667506 0.631642 0.639441 0.643293 0.620427 0.620427 0.609309
0.639634 0.611478 0.632620 0.679717 0.648716 0.643088 0.643088 0.611762 0.681174 0.627911 0.639614 0.638194 0.614734 0.594779 0.630432 0.617472 0.615550 0.681720 0.611608 0.677370 0.642878 0.614331 0.685059 0.602985 0.628617 0.667415 0.616005 0.628617 0.610700 0.628617 0.670181 0.628627 0.684410 0.612331 0.613448 0.607579 0.618029 0.619696 0.610954 0.638411 0.651722 0.751006 0.614331 0.686669 0.663247 0.605978 0.616205 0.654479 0.660449 0.681442 0.616849 0.682286 0.664306 0.686692 0.610976 0.612141 0.648843 0.650755 0.613535 0.629824 0.624291 0.617515 0.649332
0.639634 0.665580 0.613074 0.635249 0.681276 0.611762 0.643088 0.683611 0.643088 0.678194 0.652156 0.632291 0.678194 0.678194 0.611632 0.637732 0.669507 0.675482 0.676364 0.612619 0.608078 0.619900 0.681307 0.680882 0.602793 0.608066 0.602298 0.597973 0.628617 0.615494 0.703119 0.680568 0.628617 0.619696 0.630857 0.609148 0.624425 0.675764 0.666836 0.617869 0.682722 0.675664 0.615743 0.616291 0.628617 0.628617 0.628617 0.616005 0.645665 0.683611 0.606352 0.685963 0.676860 0.686692 0.617309 0.615911 0.631766 0.612141 0.619129 0.613765 0.624291 0.663490 0.777134
0.681446 0.679692 0.685354 0.679717 0.683611 0.611720 0.643088 0.683611 0.683611 0.681276 0.681276 0.609399 0.609399 0.639701 0.681276 0.646726 0.645287 0.676626 0.681306 0.614343 0.609980 0.608078 0.618177 0.681435 0.611632 0.608066 0.612340 0.618329 0.667035 0.614728 0.602298 0.669021 0.628617 0.611478 0.647185 0.643296 0.675600 0.675600 0.628617 0.628617 0.772851 0.682422 0.611146 0.648446 0.628617 0.628617 0.616205 0.650044 0.603883 0.681865 0.609399 0.672896 0.674316 0.680766 0.646797 0.628521 0.615911 0.679513 0.612375 0.609988 0.620159 0.636091 0.686636
0.615550 0.613750 0.613750 0.681276 0.656803 0.656803 0.617091 0.638604 0.643088 0.683611 0.681276 0.609399 0.612363 0.683611 0.683611 0.683611 0.610802 0.646726 0.681306 0.681425 0.669507 0.665022 0.608700 0.608700 0.609399 0.607004 0.617091 0.643088 0.614734 0.599661 0.599661 0.681446 0.681307 0.675073 0.606924 0.637100 0.614897 0.609407 0.681357 0.680000 0.682817 0.685516 0.603661 0.628617 0.656650 0.682722 0.685784 0.654200 0.654479 0.611561 0.634392 0.617219 0.618766 0.684788 0.634582 0.641126 0.634287 0.625699 0.673371 0.676373 0.616105 0.650795 0.615460
0.614190 0.618177 0.630620 0.676118 0.656803 0.618619 0.636428 0.625088 0.611061 0.639701 0.683611 0.643088 0.606952 0.683611 0.609399 0.609399 0.642452 0.606988 0.636402 0.615550 0.617472 0.686701 0.669507 0.659848 0.681174 0.679717 0.681435 0.671713 0.617721 0.614734 0.616039 0.615466 0.623016 0.614605 0.628617 0.644708 0.635381 0.887922 0.850837 0.628617 0.662477 0.614220 0.647699 0.628617 0.680766 0.659848 0.684116 0.685133 0.686684 0.686684 0.610508 0.606427 0.616829 0.633124 0.607527 0.658305 0.644147 0.625699 0.606041 0.641280 0.684603 0.638774 0.648652
0.686546 0.647554 0.643088 0.632660 0.639267 0.658168 0.612340 0.618619 0.619029 0.683611 0.683611 0.683611 0.683611 0.643088 0.643088 0.683611 0.648285 0.679717 0.618329 0.685050 0.608708 0.612204 0.617472 0.686518 0.613534 0.680763 0.615624 0.606804 0.681442 0.614734 0.627276 0.654145 0.606518 0.686701 0.611272 0.616340 0.635381 0.628617 0.767120 0.628617 0.616379 0.637205 0.637205 0.609980 0.679471 0.616849 0.641392 0.644688 0.614552 0.616438 0.611608 0.638499 0.629439 0.629962 0.618114 0.635925 0.638996 0.631898 0.633599 0.615911 0.638499 0.629799 0.639947
