Example_Watersheds/WA_MashelWatershed/DataInputs/o_3_ChemistryPools/Mashel_1990_Pools/N_g_leaf.asc
ncols         923
nrows         455
xllcorner     550005.67551598
yllcorner     5180549.8134422
cellsize      30
NODATA_value  -9999
[rows 54 to 80 of 455, columns 549 to 609 of 923]
13.084904 13.360689 11.605813 13.321358 12.292850 13.217147 12.947392 13.254993 13.226840 11.356802 13.147542 13.360189 13.035805 12.915792 12.993671 13.221774 10.738015 11.622857 7.864311 12.366094 13.091656 12.982657 7.359680 12.949821 12.912952 12.517861 8.957249 13.134260 11.463687 11.463687 10.410808 13.016754 13.107270 13.012169 13.140528 13.126145 12.997230 13.082110 13.186182 13.155794 13.127889 13.126145 12.969985 12.997230 9.019263 4.107082 9.368063 10.224739 7.557095 8.247367 2.228572 3.231078 3.872792 11.463687 5.239231 2.981952 6.336583 6.336583 6.633353 0.356504 6.756300
12.912952 13.270942 11.605813 12.946721 3.780944 11.356802 13.278879 13.021366 12.993671 13.158365 12.626082 13.159564 13.183784 13.165229 13.132162 13.132162 12.626082 12.493251 7.846168 12.993671 13.223917 13.277048 13.277048 13.210022 13.172886 13.267566 13.069925 12.961880 10.595272 5.520040 12.110713 13.072120 13.296762 11.960354 10.595272 11.512203 13.055158 13.180878 13.109760 13.128898 13.121130 12.969985 11.512203 12.073572 10.224739 9.211355 7.038961 9.368063 8.659261 8.659261 5.199568 1.073403 4.983442 4.656158 8.527221 4.925093 6.915016 4.275054 1.073403 12.986531 5.580934
11.184654 12.965903 13.189850 12.366094 9.860454 11.356802 12.256588 13.090339 11.836621 12.626082 10.738015 13.244208 13.140655 13.201608 13.201608 13.223917 13.360189 12.988599 12.988599 12.988599 11.836621 13.052235 12.905999 13.267119 13.097053 13.267566 13.136622 13.136320 11.883380 11.143049 12.969498 13.169873 13.089628 13.225591 10.595272 10.595272 13.314107 13.289769 13.186182 13.218064 13.187302 12.969985 6.388767 5.419115 9.733448 6.650890 5.439243 8.504962 6.077246 3.965707 11.757733 2.722907 2.722907 2.200880 4.694238 4.925093 6.458471 10.759717 1.073403 0.353994 10.745270
11.577050 12.696660 12.947392 13.100485 11.356802 13.213756 12.655809 12.655809 11.622857 9.771625 13.160329 13.022655 13.132162 13.061077 12.982844 12.968549 12.988599 12.963541 12.988599 12.988599 11.836621 13.168633 13.181350 13.097053 13.331749 13.094768 13.018248 13.136320 12.564695 10.410808 13.164973 12.984085 12.997230 13.082110 13.082110 12.564695 11.773606 12.830543 13.126145 12.854559 12.979270 13.166301 4.226728 0.200847 3.667635 8.571523 4.944514 7.109983 10.435496 1.143958 3.380837 6.140430 9.771625 9.444685 5.081257 5.868470 4.059690 11.284896 12.982527 1.269486 7.074454
9.358404 10.074728 12.947392 12.965903 13.059091 12.915792 12.655809 7.557095 13.151111 12.366094 13.044162 12.963541 12.626082 10.745270 12.978137 13.159564 12.988599 12.988599 12.938020 13.070441 13.360189 13.189753 13.118959 13.147249 13.167497 13.203773 13.203773 13.107270 13.251953 12.388397 10.162359 12.969498 13.135369 10.595272 11.922017 13.043826 13.229312 13.235271 10.595272 10.692997 6.301838 3.942378 3.402498 1.681307 9.444685 8.571523 8.648357 7.882463 8.210716 6.423601 8.648357 10.087268 2.722907 2.588092 2.588092 5.972505 4.059690 4.318527 3.578189 0.570433 4.059690
5.439243 11.617193 11.343889 12.696660 13.367065 12.005964 12.005964 13.202463 12.366094 13.175766 10.892879 11.271591 12.965266 10.781234 13.181350 12.988599 12.938020 13.107270 13.107270 12.905999 12.938020 12.963541 13.204551 13.031263 13.171830 13.147678 13.039397 13.218740 6.738709 12.728789 11.482014 12.678307 13.157008 13.126145 11.094272 13.067450 13.153280 11.512203 10.595272 10.460155 10.570770 4.542597 7.038961 3.600450 11.998393 8.571523 8.504962 5.439243 8.681015 13.001080 5.703485 10.986268 5.259105 5.703485 3.273533 5.972505 7.485183 6.077246 4.944514 4.983442 8.977993
5.847748 11.343889 12.361390 12.437837 12.947392 12.965903 11.577050 13.006315 13.360189 11.356802 13.000899 12.307096 12.880671 13.050658 13.223917 12.982887 13.111535 12.939385 13.254993 13.254993 12.939385 7.557095 12.265927 13.126200 13.171830 13.143094 12.066108 13.089171 11.488087 12.558199 9.090792 12.678307 13.125928 13.082110 12.976212 12.982901 11.512203 10.899683 10.899683 5.140286 1.681307 1.123607 9.592917 3.895920 7.341786 12.416212 4.226728 4.732431 3.188890 6.267129 5.298938 3.489810 8.504962 5.520040 3.063927 5.439243 5.560607 7.056703 3.735420 6.140430 1.073403
12.361390 12.970817 8.648357 8.648357 12.965903 13.008936 12.965903 13.186872 12.602306 8.582554 13.000899 13.081509 12.685692 13.091242 13.325968 13.035878 11.324385 13.099176 12.982406 9.898417 13.070441 10.199809 10.823715 12.766477 13.131339 13.079197 13.267119 11.475923 9.019263 12.978124 12.978124 6.161548 13.029045 13.146119 13.082110 13.153280 10.595272 10.595272 12.058632 3.294860 2.821206 12.620235 12.973371 6.633353 5.499798 5.439243 2.626277 13.242433 11.225255 6.336583 12.981526 12.773142 7.882463 6.510842 3.690163 5.703485 11.363232 9.758906 9.758906 7.539104 3.022806
8.504962 12.845660 12.970817 12.696660 12.464151 12.970817 13.051683 13.377263 12.234754 10.738015 12.275084 13.163819 13.132162 12.746136 9.860454 12.963736 13.226840 13.159564 11.407742 13.196658 12.718209 11.741811 12.860419 12.860419 3.826734 13.238730 13.147602 13.275340 12.058632 11.143049 13.204551 13.119433 13.121705 13.289769 13.075180 3.578189 11.382415 6.140430 9.396932 7.003504 12.169516 12.551638 12.973371 11.324385 3.735420 11.445199 4.732431 5.081257 8.767310 6.336583 4.809157 5.847748 4.809157 7.557095 12.028608 10.099801 5.239231 8.046229 9.503039 7.288160 12.571126
4.944514 8.571523 13.059091 12.965903 13.205178 13.205178 12.088464 12.711084 12.234754 13.037948 13.214680 12.058632 13.132162 10.738015 13.238944 13.238944 12.379720 12.971451 5.724009 8.302409 12.982406 12.938020 8.604560 13.140528 13.038777 12.986388 13.156393 13.314107 12.058632 13.189753 12.954027 13.221523 9.039790 10.723445 7.828035 3.578189 2.781686 8.626495 7.539104 4.226728 0.618682 4.656158 4.656158 11.656463 4.751570 3.758149 0.200847 0.200847 5.993397 8.538324 8.648357 9.280483 9.309839 1.073403 4.250858 6.197818 7.467227 8.915546 6.809125 3.690163 11.056829
5.847748 10.521679 12.361390 12.965903 13.273640 12.900805 12.434013 12.434013 13.206944 13.165472 12.602306 13.204551 13.204551 13.204551 13.028919 13.324044 9.387327 8.516101 6.336583 8.516101 9.425638 12.971451 13.159564 13.049706 13.031263 12.874327 13.288096 11.553719 11.130978 5.061638 12.655809 12.990290 9.425638 5.399015 5.785752 5.785752 11.044184 3.989103 5.081257 4.828409 3.063927 3.872792 0.286208 4.318527 2.200880 10.668608 0.200847 1.185148 11.190516 8.799372 9.444685 11.650907 8.339149 5.662522 1.073403 4.355590 5.002949 6.950385 6.336583 9.231196 6.703555
11.594361 12.118105 6.932696 10.619746 12.696660 12.711084 13.159330 13.373879 13.318805 13.230334 13.035805 11.628503 13.153280 12.058632 12.590029 12.265927 11.482014 6.035265 11.524154 6.336583 12.963541 12.644366 13.125501 13.072493 13.290133 13.223318 13.093895 13.093895 10.087268 9.060245 5.703485 4.886334 11.512203 12.558199 12.611344 13.165293 11.733833 12.452971 12.960398 10.992785 10.837712 1.044445 1.269486 2.626277 6.077246 3.758149 0.200847 0.301271 9.050026 5.930806 6.458471 7.882463 11.605813 5.662522 7.791793 3.231078 12.957431 7.449281 6.388767 6.738709 6.545800
13.187302 12.959016 11.130978 11.124911 11.382415 12.943057 12.965903 12.711084 12.234754 13.198378 7.864311 6.406180 12.964930 10.558508 11.605813 13.189753 10.286940 11.264911 8.009774 8.009774 6.035265 7.791793 13.204551 13.022655 13.186131 13.187302 13.152524 11.291522 11.018648 6.685991 4.107082 13.219152 11.512203 12.583793 11.094272 12.611344 12.611344 10.766910 12.956203 10.992785 4.226728 3.209950 5.499798 8.426486 5.160018 4.202665 6.510842 2.901045 13.035878 11.617193 5.621671 10.745270 9.201407 8.946850 6.950385 8.957249 5.002949 13.172328 6.633353 6.180512 5.785752
13.137507 12.437837 10.484786 7.056703 13.321258 13.217879 12.721750 13.062883 13.198378 12.789554 13.037948 13.037948 13.334220 13.321258 11.100441 12.110713 10.892879 8.009774 8.100978 12.356605 8.957249 13.204551 13.189753 12.184097 13.232969 13.082110 13.152524 9.425638 12.982406 12.548334 4.107082 2.200880 12.971451 12.982406 12.982887 11.733833 12.997230 13.111340 8.778015 8.778015 12.028608 9.080627 13.011389 5.439243 5.298938 6.773900 1.423358 7.900623 12.908423 5.520040 0.308803 6.791508 7.557095 11.605813 10.521679 4.751570 4.694238 5.499798 9.070445 3.022806 12.334067
12.703901 9.211355 12.437837 9.860454 9.860454 13.072823 13.022062 12.896903 12.953328 13.168816 13.219318 5.120581 10.892879 10.074728 11.662002 13.037948 8.516101 10.212277 10.212277 12.058632 13.272407 13.189753 12.982901 13.122330 10.099801 13.082110 13.225956 12.970817 12.917595 12.971451 10.906466 10.906466 1.958997 11.512203 13.039397 9.797040 11.382415 12.742695 10.262081 7.021228 13.238944 5.298938 8.493805 8.426486 12.351739 6.985788 8.788703 9.201407 10.774082 6.140430 0.308803 8.192404 5.703485 6.950385 4.694238 0.822725 5.499798 5.499798 4.226728 4.226728 5.160018
11.571244 8.009774 8.504962 8.648357 12.896903 13.284232 8.302409 11.401437 7.431343 7.485183 10.619746 9.948934 11.081873 11.356802 11.512203 6.406180 13.063413 12.456714 11.100441 13.140204 13.101890 12.058632 12.970817 12.970817 13.225956 13.152524 8.745844 12.058632 11.813080 13.168109 13.140994 11.081873 10.823715 12.898862 12.309884 13.237570 11.382415 11.757733 11.518187 10.124846 12.366094 3.919116 13.011389 8.426486 12.975410 7.395493 12.759754 3.780944 6.423601 6.140430 0.200847 2.781686 8.756586 6.510842 5.642082 4.925093 3.872792 9.161436 5.081257 3.942378 9.141342
11.018648 9.211355 9.181458 12.685692 8.009774 12.948899 12.558199 12.359008 12.711084 13.037948 9.948934 9.898417 6.406180 13.049217 8.852449 6.406180 10.162359 13.140528 12.058632 13.166301 13.166301 12.558199 13.166301 13.082110 13.082110 13.022655 7.216782 13.018424 11.813080 13.168109 12.309884 9.631329 11.343889 12.982899 12.452971 13.210342 12.902251 13.070441 8.192404 12.366094 13.200595 8.593566 9.720708 9.720708 11.369644 13.077961 12.524746 12.250260 9.720708 12.648195 6.388767 5.972505 5.479585 5.439243 4.809157 6.140430 3.273533 6.458471 4.732431 9.111066 8.504962
5.439243 9.211355 11.512203 12.247066 10.212277 13.099176 12.359008 5.439243 5.439243 13.186872 13.240776 5.120581 11.622857 7.557095 11.056829 12.396750 10.926693 13.204551 12.058632 13.129330 13.223318 13.223318 13.082110 13.109760 13.082110 13.131103 12.548334 12.982406 13.028919 12.971451 12.414357 11.547841 10.435496 12.905999 12.905999 12.905999 13.072120 13.217858 13.217858 12.845660 13.072120 13.145408 12.982740 12.961025 13.217006 11.369644 7.395493 3.712758 3.735420 8.957249 13.021930 7.719418 9.847786 3.511804 4.809157 4.925093 6.140430 5.601288 11.231247 11.530102 5.358899
11.494143 10.919971 10.999282 11.836621 11.219516 12.982406 12.969643 9.171456 6.580795 11.469813 11.112717 12.036132 12.982111 12.981076 13.204551 13.132162 13.152524 13.166301 13.225956 13.082110 13.223318 13.082110 13.082110 13.082110 12.971451 11.018648 12.969643 12.247066 12.247066 12.558199 12.247066 12.414357 12.503895 9.339032 12.593122 12.938020 12.965903 13.310314 13.310314 13.049217 13.072120 13.048579 13.048579 12.372998 12.982740 10.199809 4.226728 3.712758 9.406519 12.700288 5.479585 5.662522 6.388767 4.226728 4.036094 4.226728 8.369890 5.560607 12.262835 6.879684 9.444685
10.595272 11.018648 10.999282 7.377582 12.980542 10.919971 11.018648 11.553719 13.377263 11.662002 3.380837 13.152780 10.906466 12.379720 10.546239 13.082110 13.152524 13.082110 13.152524 13.082110 13.082110 13.082110 13.101821 12.058632 11.018648 12.247066 10.558508 12.969643 12.981076 12.247066 10.886055 13.210355 9.368063 9.339032 12.805606 13.217858 13.310314 13.217858 13.073997 13.168739 12.366094 12.452971 12.974878 13.036138 13.147214 10.199809 3.919116 4.789933 5.972505 8.659261 5.868470 5.580934 11.025063 11.577050 2.588092 11.577050 5.765143 9.682446 8.119245 13.333728 12.191370
10.919971 10.899683 10.099801 10.099801 12.965132 10.919971 9.605728 12.703901 8.009774 10.906466 7.431343 11.628503 11.628503 13.201608 13.182450 13.152842 13.166301 9.898417 13.101821 13.082110 13.101821 13.152524 13.152524 12.404779 11.081873 9.039790 10.999282 12.247066 12.247066 12.247066 12.414357 10.286940 4.618191 12.281087 12.703901 12.905999 12.880671 13.218740 12.905999 13.218740 13.218740 13.218740 12.718209 12.982740 12.390516 12.776453 8.009774 11.617193 1.632939 4.130877 8.571523 4.983442 9.211355 6.267129 6.284479 11.271591 12.005964 11.922017 8.119245 11.330904 12.394693
12.351739 0.200847 10.919971 12.558199 12.558199 12.971451 12.058632 12.966656 13.225956 10.558508 13.204551 13.204551 12.827476 13.082110 13.166301 13.314107 13.129330 13.129330 13.272407 13.082110 11.813080 12.058632 11.304721 12.351739 12.227554 10.999282 12.247066 12.344287 10.607513 12.414357 12.965903 10.286940 10.286940 5.239231 12.281087 12.965903 13.218740 13.218740 13.218740 13.218740 12.714653 13.049217 10.940075 12.975410 12.390516 9.029536 6.756300 6.388767 0.235996 11.733833 3.489810 4.983442 4.637161 10.521679 6.249788 4.226728 5.419115 11.202177 6.738709 7.003504 7.003504
13.099176 10.595272 12.805606 9.270662 12.982720 12.971451 12.058632 10.299359 9.605728 13.166301 13.078102 13.078102 13.078102 12.058632 12.982657 13.152524 13.082110 13.082110 13.022062 13.152524 11.639740 12.351739 12.351739 12.351739 11.836621 10.999282 12.445437 10.919971 10.099801 12.554927 12.359008 12.247066 12.921155 6.773900 13.210355 13.168739 13.168739 13.218740 12.905999 13.218740 13.218740 13.253513 12.714653 10.162359 9.329319 12.956203 8.799372 9.580099 0.223443 3.555994 3.826734 6.077246 7.647186 4.504969 8.799372 7.413414 13.230979 5.081257 9.416087 5.378943 9.008973
10.212277 12.971451 12.805606 13.229312 13.204551 12.971451 12.058632 12.058632 13.101821 13.166301 13.225956 12.058632 13.082110 13.129330 12.058632 13.082110 13.082110 13.204551 13.129330 13.078102 9.911057 11.571244 12.351739 12.848641 9.039790 10.099801 12.445437 12.132854 12.247066 12.554927 12.247066 12.414357 10.286940 8.998664 12.742695 13.049217 13.168739 12.905999 13.310314 13.222569 12.799229 13.049217 13.133879 9.720708 9.720708 12.320835 11.922017 11.271591 3.002346 0.276165 0.200847 6.950385 9.656902 3.942378 4.226728 6.388767 11.202177 4.809157 12.696660 7.665230 8.604560
6.140430 8.691865 10.595272 10.919971 13.024536 0.200847 10.823715 13.078102 13.052235 13.052235 12.058632 12.517861 12.827476 12.058632 13.078102 13.093435 13.272407 10.595272 9.911057 10.595272 6.267129 5.459400 11.701798 11.820939 10.999282 12.386259 9.911057 9.911057 12.281087 12.554927 11.018648 13.200096 9.809738 11.594361 12.742695 12.880671 12.880671 13.217858 12.905999 13.155293 13.004325 12.982950 13.215704 12.478831 13.240776 5.580934 8.538324 8.415203 3.002346 5.930806 7.038961 8.027997 7.270302 3.022806 13.129558 6.388767 5.765143 5.580934 4.770737 10.583024 12.928324
9.999338 9.999338 10.087268 8.756586 10.919971 9.425638 10.919971 10.595272 13.168816 12.711084 12.981526 12.058632 13.180878 13.163112 12.058632 11.813080 12.971451 8.756586 10.074728 9.911057 6.161548 6.493376 11.836621 11.960354 10.999282 12.227554 10.919971 9.911057 13.020650 13.020650 12.414357 12.028608 11.518187 11.547841 8.064469 10.656403 13.049217 12.381920 13.168739 13.196518 13.090339 12.982950 12.979614 11.130978 4.226728 11.488087 12.292850 8.100978 2.607151 10.680806 12.580650 11.363232 6.035265 5.439243 4.036094 4.618191 8.229037 5.239231 6.140430 8.593566 6.267129
7.557095 6.879684 0.200847 8.756586 8.756586 9.911057 10.919971 10.595272 12.058632 13.051477 10.919971 12.058632 11.813080 13.163112 12.981748 12.960152 10.919971 10.919971 12.682007 11.475923 6.161548 10.919971 4.944514 9.528754 11.426551 9.605728 10.607513 10.816686 11.251499 12.554927 12.554927 11.382415 4.226728 4.694238 10.656403 12.975410 12.452971 12.962719 13.049217 12.620235 11.369644 13.093895 11.130978 12.773142 6.353969 6.650890 13.051477 5.378943 5.378943 8.471438 6.336583 8.863010 10.692997 10.940075 10.919971 11.088082 8.745844 6.077246 8.778015 13.130590 13.136373
