Example_Watersheds/WA_MashelWatershed/DataInputs/o_3_ChemistryPools/Mashel_1990_Pools/N_g_Humus_4.asc
ncols         923
nrows         455
xllcorner     550005.67551598
yllcorner     5180549.8134422
cellsize      30
NODATA_value  -9999
[rows 392 to 419 of 455, columns 0 to 62 of 923]
0.661052 0.661052 0.656014 0.555007 0.642744 0.691584 0.665005 0.655771 0.700590 0.651666 0.619259 0.643181 0.644321 0.653545 0.621222 0.693018 0.385510 0.399967 0.695300 0.708274 0.433699 0.539714 0.385510 0.385510 0.385510 0.385510 0.672643 0.385510 0.385510 0.385510 0.688504 0.691551 0.667010 0.683158 0.678822 0.690048 0.385510 0.674827 0.385510 0.385510 0.491525 0.385510 0.385510 0.491525 0.385510 0.448155 0.690341 0.601823 0.612090 0.679107 0.601370 0.677964 0.567958 0.669137 0.600695 0.543288 0.543288 0.385510 0.633458 0.688112 0.385510 0.385510 0.385510
0.617486 0.661247 0.563168 0.599961 0.693641 0.667566 0.573446 0.582317 0.668295 0.678920 0.651941 0.673115 0.628939 0.639032 0.475627 0.651659 0.530004 0.691335 0.385510 0.670848 0.670848 0.385510 0.573446 0.692747 0.651598 0.695502 0.385510 0.653742 0.385510 0.640910 0.692374 0.692747 0.693683 0.691278 0.666475 0.690048 0.641919 0.616816 0.385510 0.385510 0.385510 0.385510 0.385510 0.385510 0.677396 0.385510 0.385510 0.385510 0.385510 0.554171 0.385510 0.491525 0.687437 0.385510 0.385510 0.626033 0.697932 0.688112 0.385510 0.385510 0.385510 0.688112 0.688112
0.385510 0.625421 0.645729 0.613411 0.695300 0.592722 0.586300 0.616751 0.635520 0.708794 0.593611 0.634492 0.625378 0.625378 0.636975 0.705284 0.689610 0.691547 0.385510 0.385510 0.385510 0.385510 0.708552 0.693578 0.638460 0.692374 0.708847 0.637900 0.690979 0.385510 0.693569 0.600885 0.689610 0.696048 0.695115 0.409604 0.385510 0.414423 0.385510 0.688112 0.688112 0.693729 0.693412 0.385510 0.385510 0.385510 0.385510 0.385510 0.385510 0.690982 0.385510 0.385510 0.385510 0.385510 0.385510 0.385510 0.385510 0.385510 0.385510 0.385510 0.385510 0.688112 0.385510
0.385510 0.695229 0.683833 0.691085 0.688779 0.688779 0.649709 0.385510 0.385510 0.691537 0.501613 0.615883 0.667222 0.617932 0.644954 0.587903 0.385510 0.424061 0.693718 0.554171 0.385510 0.385510 0.690693 0.685352 0.385510 0.385510 0.708847 0.699921 0.385510 0.385510 0.520438 0.409604 0.385510 0.385510 0.385510 0.690797 0.385510 0.385510 0.385510 0.385510 0.385510 0.385510 0.385510 0.385510 0.385510 0.385510 0.385510 0.385510 0.385510 0.385510 0.385510 0.385510 0.385510 0.385510 0.688112 0.385510 0.385510 0.385510 0.385510 0.385510 0.385510 0.669823 0.684135
0.625198 0.677964 0.675752 0.671644 0.693263 0.385510 0.385510 0.424061 0.623220 0.620899 0.588852 0.651941 0.651941 0.385510 0.385510 0.385510 0.685051 0.385510 0.399967 0.691069 0.692747 0.690892 0.647042 0.611997 0.385510 0.385510 0.385510 0.385510 0.385510 0.385510 0.695040 0.385510 0.385510 0.467431 0.679123 0.520438 0.385510 0.707718 0.688112 0.385510 0.385510 0.385510 0.385510 0.385510 0.385510 0.385510 0.385510 0.385510 0.385510 0.385510 0.385510 0.385510 0.385510 0.385510 0.385510 0.385510 0.385510 0.385510 0.385510 0.385510 0.385510 0.695502 0.546934
0.615883 0.695194 0.686187 0.695718 0.404785 0.678572 0.481887 0.674426 0.625421 0.668565 0.619092 0.385510 0.385510 0.385510 0.568627 0.660186 0.573446 0.573446 0.708956 0.472250 0.707976 0.690751 0.694490 0.694490 0.668419 0.385510 0.686444 0.481887 0.505982 0.385510 0.679134 0.660186 0.385510 0.385510 0.385510 0.385510 0.385510 0.385510 0.385510 0.385510 0.385510 0.385510 0.385510 0.385510 0.385510 0.385510 0.385510 0.385510 0.385510 0.385510 0.385510 0.385510 0.385510 0.688112 0.688112 0.385510 0.385510 0.385510 0.448155 0.385510 0.677859 0.385510 0.674007
0.690048 0.691584 0.695718 0.534895 0.404785 0.694490 0.669433 0.695300 0.641380 0.641380 0.622688 0.577183 0.385510 0.631273 0.703483 0.404785 0.650548 0.693412 0.709396 0.385510 0.683833 0.638392 0.653127 0.644601 0.651598 0.501163 0.678962 0.385510 0.568627 0.385510 0.385510 0.505982 0.705436 0.520438 0.691146 0.385510 0.691497 0.691497 0.385510 0.385510 0.672643 0.385510 0.385510 0.659592 0.694314 0.385510 0.385510 0.385510 0.515620 0.385510 0.385510 0.678641 0.385510 0.385510 0.385510 0.694128 0.462612 0.385510 0.385510 0.385510 0.385510 0.639525 0.675576
0.667862 0.607178 0.607178 0.633884 0.610101 0.682819 0.687663 0.655981 0.689616 0.612033 0.685637 0.672152 0.385510 0.685198 0.677136 0.681064 0.632891 0.695569 0.692902 0.682830 0.638506 0.661632 0.645122 0.690892 0.641692 0.651419 0.686702 0.385510 0.525257 0.554171 0.385510 0.385510 0.385510 0.385510 0.385510 0.385510 0.692374 0.385510 0.385510 0.661522 0.385510 0.702970 0.385510 0.659592 0.385510 0.385510 0.438518 0.385510 0.385510 0.689559 0.653340 0.647244 0.679107 0.610755 0.651598 0.692454 0.655865 0.655865 0.385510 0.385510 0.385510 0.409604 0.472250
0.649543 0.647219 0.641380 0.515400 0.695657 0.687953 0.677396 0.589466 0.385510 0.385510 0.385510 0.578265 0.414423 0.510801 0.607178 0.385510 0.634085 0.650847 0.698855 0.614493 0.588852 0.588852 0.633705 0.664079 0.626003 0.667549 0.653017 0.641571 0.637483 0.554171 0.385510 0.385510 0.690069 0.385510 0.385510 0.655617 0.385510 0.689280 0.385510 0.686187 0.385510 0.515620 0.385510 0.419242 0.692213 0.705838 0.695703 0.691305 0.385510 0.385510 0.385510 0.690894 0.644127 0.661521 0.693507 0.691280 0.617289 0.692213 0.530076 0.385510 0.385510 0.443336 0.709194
0.695300 0.647219 0.637431 0.600369 0.682819 0.651474 0.691305 0.448155 0.385510 0.677518 0.549352 0.385510 0.424061 0.385510 0.385510 0.385510 0.385510 0.486706 0.385510 0.708217 0.667010 0.645122 0.690751 0.595263 0.648084 0.655962 0.620965 0.444741 0.625421 0.707608 0.385510 0.385510 0.385510 0.385510 0.682474 0.385510 0.708847 0.691551 0.385510 0.679063 0.452974 0.452974 0.690341 0.395148 0.686628 0.558989 0.692747 0.597540 0.699718 0.651474 0.692213 0.709300 0.707608 0.678338 0.693507 0.687953 0.693339 0.688528 0.385510 0.385510 0.457793 0.443336 0.604581
0.385510 0.691069 0.578265 0.634905 0.666588 0.385510 0.385510 0.679063 0.385510 0.385510 0.709464 0.702970 0.385510 0.385510 0.385510 0.385510 0.707435 0.709347 0.687676 0.660233 0.587479 0.613066 0.651133 0.635604 0.211130 0.659691 0.608936 0.649945 0.603362 0.694490 0.385510 0.678822 0.385510 0.695332 0.385510 0.691146 0.699067 0.385510 0.385510 0.385510 0.385510 0.395148 0.385510 0.640910 0.593294 0.683158 0.709204 0.597540 0.707131 0.672881 0.598632 0.678160 0.693496 0.708802 0.691687 0.692152 0.651941 0.653235 0.691687 0.414423 0.673345 0.673345 0.709478
0.385510 0.705304 0.385510 0.636586 0.670848 0.385510 0.385510 0.385510 0.385510 0.385510 0.608576 0.692557 0.385510 0.690207 0.689925 0.690462 0.707718 0.605682 0.656027 0.695423 0.651390 0.622033 0.564046 0.633072 0.626658 0.677636 0.677636 0.600501 0.625942 0.495318 0.689778 0.385510 0.385510 0.695332 0.638285 0.665005 0.690462 0.691497 0.385510 0.530076 0.481887 0.689773 0.385510 0.452974 0.626454 0.709300 0.640910 0.682121 0.390329 0.683303 0.690693 0.681035 0.688089 0.688089 0.668444 0.705304 0.662643 0.694314 0.385510 0.385510 0.385510 0.649370 0.554171
0.638392 0.675396 0.621635 0.385510 0.385510 0.385510 0.385510 0.694189 0.385510 0.385510 0.637584 0.687669 0.385510 0.709195 0.690462 0.660940 0.690751 0.625809 0.625809 0.653235 0.654897 0.658594 0.445369 0.620628 0.655941 0.691335 0.690751 0.640888 0.635350 0.690751 0.668376 0.676566 0.385510 0.637155 0.385510 0.534895 0.539714 0.414423 0.549352 0.385510 0.691069 0.385510 0.707976 0.619092 0.385510 0.568627 0.568627 0.534895 0.385510 0.385510 0.651655 0.684889 0.616816 0.707317 0.578265 0.691214 0.691448 0.688779 0.385510 0.385510 0.385510 0.424061 0.700738
0.385510 0.385510 0.385510 0.385510 0.385510 0.385510 0.385510 0.385510 0.693569 0.385510 0.385510 0.694490 0.409604 0.704733 0.693060 0.385510 0.679143 0.645122 0.690751 0.691335 0.642551 0.573729 0.595407 0.679034 0.647166 0.679107 0.641380 0.677518 0.650949 0.637324 0.385510 0.385510 0.385510 0.385510 0.690282 0.385510 0.385510 0.385510 0.385510 0.539714 0.385510 0.385510 0.691687 0.530076 0.620833 0.539714 0.691537 0.693301 0.385510 0.385510 0.702803 0.684889 0.636447 0.660617 0.691537 0.646367 0.695724 0.691448 0.385510 0.520438 0.385510 0.587903 0.708552
0.491525 0.385510 0.709478 0.709478 0.385510 0.385510 0.385510 0.385510 0.385510 0.385510 0.695115 0.661565 0.568627 0.693929 0.689778 0.616816 0.679107 0.679107 0.661521 0.687437 0.675211 0.678251 0.691335 0.660314 0.679107 0.654607 0.650305 0.661851 0.662834 0.660545 0.660545 0.385510 0.385510 0.385510 0.684889 0.428880 0.701193 0.424061 0.611997 0.686444 0.568627 0.701333 0.385510 0.385510 0.385510 0.385510 0.505982 0.690282 0.385510 0.708435 0.628229 0.690073 0.666805 0.689780 0.689780 0.665027 0.671644 0.668600 0.668600 0.626454 0.385510 0.385510 0.385510
0.385510 0.385510 0.385510 0.385510 0.385510 0.385510 0.385510 0.667906 0.385510 0.385510 0.385510 0.534895 0.486706 0.693412 0.640910 0.385510 0.679107 0.682830 0.654756 0.677518 0.630256 0.606142 0.606142 0.682830 0.634008 0.690751 0.616974 0.655771 0.651669 0.635263 0.639332 0.419242 0.428880 0.385510 0.481887 0.385510 0.385510 0.385510 0.602359 0.705280 0.385510 0.385510 0.385510 0.404785 0.592722 0.697932 0.385510 0.385510 0.385510 0.692913 0.692913 0.672400 0.636091 0.708345 0.679134 0.694654 0.677964 0.645283 0.673570 0.693787 0.385510 0.390329 0.385510
0.679123 0.385510 0.385510 0.385510 0.708794 0.385510 0.385510 0.385510 0.385510 0.385510 0.385510 0.669823 0.672643 0.705838 0.385510 0.385510 0.385510 0.695229 0.661638 0.679107 0.679107 0.647166 0.690341 0.616271 0.655214 0.678251 0.634996 0.629439 0.559848 0.639986 0.668345 0.611997 0.385510 0.385510 0.385510 0.385510 0.395148 0.424061 0.678064 0.685841 0.505982 0.607178 0.607178 0.472250 0.385510 0.496344 0.385510 0.385510 0.385510 0.684280 0.385510 0.385510 0.385510 0.702803 0.665005 0.694654 0.692213 0.655574 0.688528 0.694654 0.648510 0.646192 0.385510
0.385510 0.385510 0.385510 0.385510 0.385510 0.385510 0.686775 0.686775 0.385510 0.385510 0.651419 0.638929 0.385510 0.385510 0.385510 0.385510 0.697932 0.677964 0.614251 0.651582 0.679034 0.590610 0.683303 0.614572 0.655380 0.659282 0.651090 0.643721 0.627249 0.645283 0.628433 0.692152 0.385510 0.385510 0.385510 0.573446 0.587903 0.385510 0.651358 0.656064 0.691687 0.385510 0.385510 0.424061 0.385510 0.697020 0.385510 0.385510 0.647107 0.385510 0.690640 0.681024 0.667264 0.611997 0.686702 0.695332 0.667222 0.620697 0.651044 0.633926 0.605813 0.385510 0.385510
0.547456 0.385510 0.385510 0.385510 0.708847 0.491525 0.685628 0.554171 0.385510 0.691537 0.385510 0.385510 0.477069 0.385510 0.679461 0.385510 0.688372 0.677964 0.651941 0.646476 0.679034 0.693569 0.681762 0.625505 0.679034 0.689108 0.638092 0.638092 0.667313 0.664567 0.650623 0.687081 0.534895 0.395148 0.385510 0.605311 0.611997 0.385510 0.669823 0.692581 0.385510 0.691687 0.385510 0.634812 0.385510 0.385510 0.385510 0.693715 0.695549 0.510801 0.694654 0.654683 0.647267 0.690292 0.690292 0.701518 0.691795 0.709327 0.661202 0.692913 0.683816 0.617533 0.709390
0.677859 0.638929 0.385510 0.385510 0.385510 0.385510 0.685628 0.617580 0.385510 0.385510 0.641865 0.637483 0.703642 0.651544 0.699954 0.645729 0.385510 0.692747 0.690751 0.690751 0.667566 0.674007 0.634528 0.679107 0.624579 0.666239 0.613569 0.654756 0.670013 0.677636 0.690751 0.665005 0.385510 0.607178 0.520438 0.385510 0.691521 0.385510 0.692581 0.660186 0.452974 0.691687 0.539714 0.684135 0.385510 0.385510 0.385510 0.385510 0.679134 0.433699 0.385510 0.424061 0.660686 0.702351 0.462612 0.709044 0.390329 0.414423 0.689929 0.692913 0.705304 0.709390 0.707220
0.583322 0.661104 0.683490 0.385510 0.683816 0.650372 0.707696 0.551179 0.385510 0.691429 0.645122 0.645122 0.684135 0.607861 0.634528 0.679073 0.639713 0.633926 0.651626 0.637096 0.701780 0.685911 0.626117 0.641509 0.690751 0.690751 0.668530 0.654756 0.620345 0.656170 0.651325 0.665005 0.692581 0.395148 0.385510 0.385510 0.385510 0.385510 0.692581 0.385510 0.690693 0.385510 0.385510 0.707976 0.586511 0.385510 0.385510 0.385510 0.385510 0.691687 0.428880 0.472250 0.709390 0.385510 0.707976 0.693715 0.385510 0.481887 0.385510 0.534895 0.690690 0.665005 0.666805
0.620488 0.656956 0.690583 0.385510 0.385510 0.594212 0.499783 0.634440 0.577698 0.653235 0.668589 0.665597 0.651670 0.691537 0.708345 0.658594 0.692305 0.633926 0.695423 0.694490 0.652559 0.678572 0.694490 0.646252 0.690751 0.650847 0.660314 0.650305 0.645734 0.647219 0.624287 0.624287 0.631206 0.438518 0.675924 0.385510 0.385510 0.385510 0.385510 0.385510 0.688372 0.687894 0.385510 0.530076 0.385510 0.385510 0.611997 0.385510 0.385510 0.698855 0.690641 0.690282 0.708552 0.496344 0.668836 0.693412 0.709000 0.419242 0.481887 0.481887 0.677859 0.613717 0.678920
0.647308 0.625701 0.625244 0.677136 0.680270 0.487701 0.334368 0.657819 0.664408 0.649543 0.668589 0.683833 0.678642 0.645122 0.695332 0.660617 0.660233 0.690751 0.679479 0.690751 0.687900 0.635436 0.677518 0.677518 0.625054 0.690751 0.668589 0.668096 0.645662 0.621095 0.656170 0.654756 0.634325 0.677750 0.486706 0.691687 0.385510 0.385510 0.395148 0.385510 0.695300 0.694128 0.690048 0.708345 0.404785 0.693683 0.667906 0.651290 0.691497 0.385510 0.573446 0.573446 0.706088 0.385510 0.655941 0.602359 0.695693 0.650682 0.549352 0.705304 0.693994 0.695670 0.678572
0.624690 0.683826 0.572703 0.531245 0.689929 0.690462 0.659691 0.679087 0.685637 0.658715 0.637378 0.677001 0.661330 0.695423 0.612422 0.629823 0.629823 0.612090 0.594589 0.679107 0.679034 0.635604 0.628433 0.635604 0.652906 0.634159 0.695477 0.695423 0.695423 0.621222 0.638341 0.668530 0.690693 0.637096 0.704276 0.691687 0.385510 0.385510 0.385510 0.691718 0.690462 0.684761 0.690048 0.695609 0.634159 0.686179 0.693715 0.645729 0.681064 0.665005 0.694990 0.626454 0.705280 0.702803 0.631273 0.457793 0.695670 0.385510 0.385510 0.685628 0.678420 0.385510 0.385510
0.661600 0.560076 0.681024 0.663386 0.655574 0.642621 0.648812 0.639233 0.639233 0.633658 0.668589 0.651668 0.695229 0.656170 0.677518 0.690751 0.687437 0.695423 0.679034 0.677636 0.668051 0.635604 0.690751 0.677750 0.668530 0.668530 0.650437 0.679087 0.695423 0.638929 0.630496 0.684447 0.678160 0.674426 0.689610 0.689610 0.692747 0.424061 0.621635 0.693569 0.692902 0.690048 0.687669 0.693929 0.708345 0.693994 0.709455 0.693641 0.677964 0.699921 0.691448 0.695609 0.695332 0.709478 0.573446 0.385510 0.385510 0.677395 0.385510 0.385510 0.385510 0.385510 0.385510
0.473493 0.595691 0.593229 0.473773 0.637431 0.656055 0.679063 0.636786 0.668376 0.633658 0.636081 0.649789 0.634528 0.690751 0.677518 0.690751 0.695423 0.690751 0.631373 0.629823 0.634008 0.677518 0.633926 0.708345 0.645122 0.693683 0.668587 0.635436 0.635436 0.690751 0.695423 0.674219 0.595407 0.689108 0.678660 0.690069 0.679461 0.693715 0.424061 0.695718 0.687894 0.686187 0.690048 0.708345 0.702970 0.549352 0.665005 0.665005 0.694806 0.534895 0.669433 0.707696 0.681024 0.568627 0.583084 0.583084 0.385510 0.385510 0.385510 0.667566 0.385510 0.679034 0.385510
0.473493 0.660393 0.504276 0.562817 0.646131 0.639233 0.641865 0.645039 0.678064 0.650739 0.690207 0.687206 0.655941 0.708345 0.695423 0.695423 0.645122 0.690751 0.690751 0.679107 0.679107 0.690751 0.690751 0.690751 0.641973 0.385510 0.700738 0.704850 0.690751 0.690751 0.690751 0.632502 0.553736 0.609798 0.645589 0.637483 0.525257 0.573446 0.693994 0.695718 0.695703 0.695194 0.650899 0.678421 0.554171 0.709204 0.665005 0.678822 0.568627 0.481887 0.634228 0.385510 0.685911 0.703642 0.385510 0.385510 0.385510 0.690640 0.691407 0.385510 0.385510 0.399967 0.693339
0.550889 0.606061 0.602458 0.612314 0.587277 0.554382 0.692017 0.668529 0.631206 0.637632 0.655093 0.644691 0.644691 0.668220 0.645122 0.628433 0.634385 0.679087 0.679107 0.668096 0.634008 0.668096 0.691521 0.640332 0.595550 0.385510 0.637726 0.690751 0.639620 0.621948 0.657819 0.663564 0.553736 0.656060 0.668150 0.675396 0.693098 0.685051 0.679123 0.667264 0.678572 0.683168 0.629170 0.563808 0.695609 0.691280 0.699308 0.385510 0.651175 0.690797 0.679073 0.385510 0.689610 0.669137 0.607178 0.634413 0.692902 0.667862 0.694128 0.672881 0.385510 0.676860 0.678572
