Example_Watersheds/WA_MashelWatershed/DataInputs/o_3_ChemistryPools/Mashel_1990_Pools/N_g_root_1.asc
ncols         923
nrows         455
xllcorner     550005.67551598
yllcorner     5180549.8134422
cellsize      30
NODATA_value  -9999
[rows 280 to 307 of 455, columns 63 to 125 of 923]
2.201578 3.463773 3.645212 2.841117 0.074338 2.022088 3.728641 2.428024 3.248695 3.863402 1.823387 2.137373 2.826787 3.347740 2.926105 2.294638 3.611536 2.137373 3.239341 1.546244 1.329822 2.970738 2.037193 3.149637 2.037193 2.102099 2.006099 2.724704 2.086722 2.790818 3.196474 3.944769 3.481686 3.633090 3.720995 3.720655 3.259196 2.470953 0.237433 0.060684 3.074603 3.803714 3.726923 3.973008 3.917994 3.884625 4.038477 3.726543 3.866702 3.720655 3.720655 3.847317 1.809886 3.285660 4.017378 1.465226 0.823647 0.823647 0.884300 3.015304 3.015304 3.473740 3.844938
3.626077 3.995530 2.733878 3.222027 3.252187 3.604578 3.443349 2.110574 3.726884 3.727297 2.816970 2.972862 3.317334 2.426697 3.598961 2.799626 3.432567 2.006099 2.083284 3.274551 1.638833 1.457588 2.006099 3.252437 3.599877 3.599877 2.841117 2.340015 2.392804 4.005860 3.904018 3.943823 3.252278 3.441616 1.423385 2.494742 3.259196 0.060684 0.060684 0.078130 3.325997 3.866157 3.925958 3.973008 3.947804 3.953643 4.009940 3.727352 3.915482 3.720995 3.720655 3.632562 3.632562 3.712860 1.198819 2.406528 2.557860 0.215905 0.093301 1.670644 3.592595 3.836727 3.471877
2.738446 3.718775 3.337145 3.509713 2.000572 2.438558 3.727352 3.727709 2.236086 1.374467 1.812586 2.583945 2.005001 3.250783 2.005001 2.926105 2.928232 2.928232 1.671405 3.130480 2.868348 2.376040 1.617464 3.239341 2.583945 2.086722 3.925091 2.113951 3.762621 4.005860 3.756699 3.990541 3.685228 2.589777 2.244059 3.635201 2.267999 0.060684 2.037193 4.005265 1.659289 3.929531 3.958564 3.944409 3.865269 3.865269 3.938667 3.669104 3.631500 3.928021 3.883776 3.439634 3.857463 3.719091 0.698330 1.977481 0.823647 0.794021 0.060684 0.108472 1.801786 1.296658 3.497072
3.373746 2.945242 3.617967 2.712396 2.413307 3.239523 3.023247 3.728028 2.236086 2.081562 0.237433 2.020008 2.115636 3.027852 2.006099 2.476459 2.822886 1.901699 2.765591 2.643874 3.250523 2.005001 3.010160 3.239341 2.868348 2.868348 3.507345 4.049280 3.998389 3.911386 3.728330 3.862710 3.324658 2.824841 1.665128 1.796386 0.060684 2.039140 0.060684 0.060684 0.060684 0.060684 3.606658 3.870788 3.911367 3.985712 3.995864 3.919571 3.944409 3.990541 3.798376 3.724885 3.330641 1.370728 1.871992 0.255285 0.307269 0.853740 0.074338 0.094060 2.036213 1.296658 3.598255
2.741484 2.945242 3.138994 3.644243 2.773052 2.830655 3.181569 3.834999 3.728330 2.059002 2.201578 2.507474 2.776027 2.463595 2.578105 2.776027 1.624152 3.101003 2.470953 3.010853 2.222805 3.723734 2.353383 2.037193 2.968614 2.968614 3.056316 3.548568 3.680272 3.680272 3.839418 3.738851 3.726884 3.953877 3.360724 2.435938 2.841117 0.060684 0.060684 0.060684 0.060684 0.060684 3.249122 3.935040 3.881348 4.038477 3.928206 3.919571 3.989142 4.033186 3.717535 1.742392 2.796695 2.017911 1.871992 0.401476 2.426697 2.426697 0.060684 0.079647 0.060684 2.132385 0.927082
2.447659 3.720425 3.801359 3.337145 3.493984 2.738446 3.466537 3.836575 3.646652 3.023784 2.989846 2.150587 2.848565 2.463595 2.505659 2.380261 3.090851 2.968614 2.829691 2.286642 3.313225 3.313225 0.523062 3.326244 3.713907 3.325839 2.006099 2.841117 2.790818 3.368411 3.646711 3.489240 3.724768 3.953877 3.374847 3.611098 3.524375 0.060684 0.060684 0.978781 0.060684 1.231157 3.750763 3.838330 2.238743 4.031859 3.871632 3.944409 4.020018 4.020018 4.052101 3.328984 2.721636 0.134445 2.043194 1.573583 1.044103 0.884300 0.089509 0.097853 1.655808 1.643763 1.593455
1.769388 3.441560 3.931158 3.604396 3.243326 2.060749 3.604578 3.605776 3.978389 1.973882 2.989846 2.260015 2.848565 2.459910 2.459910 2.048481 2.762597 1.953016 2.841117 2.868348 1.780187 1.534578 1.939511 3.605120 2.987156 2.841117 2.790818 2.995298 2.856782 3.724358 3.862710 3.730880 3.764592 3.964472 3.038020 3.400954 3.192215 0.060684 0.060684 0.060684 0.060684 3.599193 2.889924 3.964055 3.355317 2.743001 3.944409 3.631500 3.805865 4.019740 4.033366 2.806928 2.331999 0.134445 0.139418 0.264421 2.713940 0.092543 0.704806 0.060684 0.734221 2.260015 0.954767
2.385858 3.373746 3.725571 3.600791 3.419008 2.060749 2.093576 2.861273 3.105063 3.993341 2.254695 2.795228 3.249940 2.790818 2.989846 3.274551 3.599645 2.868348 2.643874 2.868348 3.113455 0.060684 2.868348 3.326244 2.006099 2.790818 2.790818 2.376040 4.018144 3.732995 3.732995 3.738851 3.967464 3.758636 3.800389 1.971462 2.841117 0.060684 0.060684 0.060684 2.674510 4.021592 2.238743 3.978987 3.355317 3.978987 3.863210 3.892176 3.728575 4.048997 3.993988 2.806928 2.388643 1.035836 0.827383 0.966741 0.181133 1.044103 0.704806 0.823647 1.081667 1.081667 0.181133
2.838289 3.151765 3.443483 2.780479 2.578105 3.419008 3.014260 2.964366 3.645212 3.577030 2.643874 2.620765 2.790818 2.790818 2.855877 3.326244 3.647603 3.419008 3.530508 2.992267 1.511338 1.625244 3.243511 2.006099 3.479125 2.638107 2.638107 3.284274 3.839549 3.977226 3.513772 3.719490 3.988498 3.637961 2.433309 2.674510 0.682236 0.060684 0.060684 0.060684 3.594422 3.957629 3.837762 3.935040 3.596292 3.911367 3.865269 3.934574 4.017922 3.936300 3.861990 2.230772 2.065978 2.065978 3.023857 1.728895 2.784918 1.603376 1.890896 2.067718 1.577502 1.593455 0.865145
3.222027 3.373746 3.243326 3.222027 2.507474 2.832576 2.543553 3.619771 3.634642 3.604808 2.790818 2.868348 2.790818 2.770072 2.989846 3.347740 3.647603 2.926105 2.926105 2.137373 2.381664 2.081562 1.909801 2.006099 3.712860 1.812586 2.331999 4.038303 2.006099 3.728330 3.605757 3.913654 3.076634 3.005188 1.917903 2.626553 2.370382 0.060684 0.060684 0.060684 3.245159 3.951792 3.874137 3.935040 3.484839 3.965940 3.965940 3.931184 3.728548 3.989823 3.978267 3.861990 3.281500 3.356676 3.604396 0.083440 0.060684 2.461753 0.644177 1.877393 1.515203 2.414656 0.060684
2.076385 2.032256 3.243326 3.509713 2.507474 2.172432 2.167138 3.750084 3.601622 3.604808 3.845151 2.006099 2.841117 2.790818 2.790818 2.868348 3.326244 2.583945 2.201578 1.612874 1.780187 1.449963 2.816970 2.707758 1.755890 2.137373 2.353383 3.939013 2.989053 3.913654 3.605757 2.989846 3.989104 3.213509 3.599423 3.128352 1.202399 0.060684 0.060684 0.060684 0.060684 3.602334 3.928996 3.905239 3.834506 2.985601 3.920937 3.990541 3.728548 3.892176 3.915755 2.018961 2.591720 3.848506 2.505659 0.083440 0.060684 0.060684 1.480542 1.412046 3.005188 1.620838 0.060684
2.410602 2.724704 1.715398 2.331999 3.342127 3.222027 1.855790 3.000013 3.370737 3.645212 3.074603 3.326244 2.841117 2.790818 2.987156 2.841117 2.758096 2.027222 1.081667 3.253046 2.826787 3.250523 3.453042 2.987422 2.583945 2.137373 2.849486 4.000902 2.816970 3.742828 3.742828 2.989053 3.252187 3.726881 3.605297 3.164538 2.067718 0.060684 0.060684 0.060684 2.401065 3.602334 3.881855 3.917994 3.911367 3.610659 3.625525 3.940205 4.020424 3.936570 3.597977 3.595066 0.074338 0.287875 2.730825 0.060684 0.060684 0.060684 0.060684 0.060684 0.060684 0.297502 0.060684
2.626553 3.251080 2.334671 2.624624 3.493984 2.157149 1.592186 2.392804 3.601622 4.013553 1.982225 2.841117 2.724704 2.790818 2.006099 2.841117 1.855790 2.507474 2.286642 2.926105 2.826787 2.331999 2.331999 2.776027 2.790818 3.329552 2.755088 3.459735 2.727768 2.855877 3.330305 3.328667 2.356058 3.674070 2.472789 2.841117 1.606987 0.060684 0.060684 0.060684 3.932408 3.959330 3.973008 3.866350 3.817434 3.790675 3.329959 4.021597 3.862052 3.978047 3.978047 3.862052 3.035987 1.663493 0.165087 0.060684 0.060684 0.060684 0.060684 0.060684 0.060684 0.060684 0.060684
1.936810 3.246387 1.238381 3.243326 2.201578 3.419008 1.592186 3.505160 3.900388 4.034633 3.783999 2.841117 2.790818 2.790818 2.841117 2.841117 3.647603 2.086722 2.799626 2.868348 2.989846 3.596489 2.707758 2.006099 1.953016 1.691105 3.421266 3.224157 3.322802 3.493984 3.617967 3.707572 2.843926 3.599787 3.700024 3.325997 0.060684 0.060684 0.060684 0.060684 3.852074 3.909396 3.880332 3.912165 3.882587 3.204991 1.614031 3.175182 3.669104 3.252278 3.633090 3.720995 3.035987 0.060684 0.060684 0.060684 0.060684 0.060684 0.060684 0.060684 0.060684 0.060684 0.060684
0.576469 3.342127 1.035836 3.111327 2.185674 3.515549 1.976285 1.606987 2.492919 3.857463 2.993061 3.382143 2.006099 3.076634 3.326244 2.790818 2.384462 2.137373 2.443772 2.792289 1.736993 2.037193 3.479125 2.989053 3.739630 2.624624 1.855790 5.564197 3.251950 3.458662 3.373746 3.840190 3.366027 3.599193 2.445070 2.183025 3.403209 0.060684 0.060684 0.060684 3.246872 3.935779 4.010887 3.998669 3.720655 3.204991 3.939698 2.065978 3.613276 3.645212 3.645212 2.496564 0.060684 0.060684 0.060684 0.060684 0.060684 0.060684 0.060684 0.060684 0.060684 0.060684 0.060684
1.616326 2.799626 2.005001 3.327319 2.041071 3.012910 3.637426 0.175731 0.060684 3.328090 3.356676 3.274551 3.326244 2.724704 2.868348 2.868348 1.931408 2.991227 2.747544 2.859483 1.953016 3.635201 2.841117 3.679032 3.739630 2.137373 1.855790 1.855790 3.330483 1.880094 3.597240 3.667862 3.730880 3.603803 2.489269 1.970247 2.406528 0.060684 0.060684 0.060684 3.920128 3.747791 3.910598 3.859207 3.868888 2.148942 3.613276 3.252278 3.995530 3.016254 2.780479 3.252278 3.863210 0.060684 0.060684 0.060684 0.060684 0.060684 0.067511 0.060684 0.060684 0.060684 0.060684
2.193624 1.035836 3.329638 3.327319 3.141122 1.970247 1.944913 0.074338 3.597912 2.689753 3.356676 2.776027 2.401065 2.401065 2.809839 3.239341 2.638107 2.991227 2.926105 2.926105 3.004699 3.453042 2.868348 2.790818 2.643874 2.674510 2.583945 3.594948 2.016857 2.051996 1.793687 3.875740 3.726881 3.452937 1.604586 2.841117 1.606987 0.060684 0.060684 0.060684 4.010887 3.727922 3.719517 3.967464 3.545986 2.356058 3.613276 3.613276 2.865711 3.645212 3.645212 3.239066 3.252278 2.921851 0.060684 0.060684 0.060684 0.060684 0.060684 0.081165 0.297502 1.285665 0.060684
2.778996 3.250137 3.757349 2.086722 2.868348 3.326244 2.968614 0.154658 0.060684 2.743001 3.626077 2.989863 3.579622 1.812586 2.505659 2.735402 3.018855 1.804486 3.737856 2.868348 2.643874 3.326244 2.007192 2.026203 2.640030 2.583945 1.888196 1.661831 2.016857 3.038020 3.240282 2.855877 3.452937 3.599423 2.217496 3.964511 0.060684 0.060684 0.060684 0.060684 0.060684 3.997576 3.924004 3.702198 3.955755 3.342127 3.605987 3.252278 2.538169 3.645212 3.239066 3.239066 3.864019 1.344649 0.060684 0.060684 0.060684 0.060684 0.060684 0.060684 0.060684 0.060684 0.060684
3.320069 3.887072 3.325347 3.326244 3.326244 2.086722 3.750084 0.154658 1.027597 0.060684 3.012910 3.640291 2.841117 2.672601 3.021666 3.015304 3.883990 2.201578 2.871835 2.868348 2.578105 2.868348 2.855877 2.137373 1.666737 1.616326 2.157149 2.032256 2.016857 2.241401 3.327586 3.327586 3.600253 3.366027 3.366027 2.241401 3.325347 4.039719 0.060684 0.060684 0.060684 4.010887 3.794595 3.868422 3.605120 3.452937 3.728771 3.124095 2.262676 3.725885 3.797357 3.920221 0.084199 0.060684 0.060684 0.060684 0.060684 0.060684 0.060684 0.060684 0.060684 0.060684 0.060684
3.023247 3.245637 3.636711 2.790818 0.846173 2.687850 2.137373 0.154658 0.794021 0.650465 1.962871 2.829691 3.015304 2.252035 3.021666 3.374482 1.888196 2.799626 1.855790 3.347740 2.578105 2.868348 2.926105 2.926105 1.772088 2.157149 2.244059 2.622695 0.650465 3.222027 1.880094 3.720655 3.330104 2.472789 3.727652 3.482998 4.003439 0.060684 0.060684 0.060684 3.890466 3.894336 3.814867 3.957117 3.365219 3.720995 3.913654 2.809839 1.649461 3.664133 3.757349 3.757349 3.718534 3.988858 0.060684 0.060684 0.060684 0.060684 0.060684 0.060684 0.060684 0.060684 0.060684
3.023247 2.841117 2.006099 2.926105 0.084957 0.679034 2.790818 2.037193 1.344649 1.260133 2.371800 2.898441 3.031920 3.446143 2.811982 2.578105 2.578105 2.358734 3.025818 2.729297 2.006099 2.790818 3.484248 2.065978 2.697356 1.627407 3.943252 2.672601 2.048481 2.390032 3.637426 3.090851 3.602566 2.913340 3.626143 3.128352 0.060684 0.060684 0.060684 0.060684 3.852074 3.998389 3.912738 3.944409 3.640735 3.665376 3.911386 3.441616 2.496564 3.613276 3.252278 3.850716 3.007509 3.988858 0.060684 0.060684 0.060684 0.060684 0.060684 0.060684 0.060684 0.060684 0.060684
2.868348 2.826787 2.691655 2.323986 3.610659 2.409246 2.790818 2.294638 2.157149 0.585544 1.608177 2.609168 3.240590 2.576157 2.006099 2.380261 2.989846 2.848565 3.244862 2.953743 3.130480 2.096991 3.347740 2.086722 2.390032 0.060684 3.604578 2.137373 3.646174 2.712396 3.511992 3.723944 3.602566 3.847388 3.726543 3.726543 3.450672 0.060684 0.060684 0.060684 0.060684 4.019629 3.998389 3.708637 3.885891 4.010887 3.741451 3.741451 3.441560 3.613276 3.852427 4.013553 3.645212 0.060684 1.134969 0.060684 0.060684 0.060684 0.060684 0.060684 0.060684 0.060684 0.060684
3.250137 1.983401 3.326244 1.991524 2.643874 3.974122 2.841117 2.712396 1.484380 2.856782 1.542352 2.609168 3.509713 3.347740 2.841117 1.774788 2.695456 2.201578 3.244862 2.006099 2.871835 2.841117 2.086722 1.936810 1.569667 0.060684 2.368961 3.347740 3.347740 3.728385 3.222027 3.704358 3.496060 3.236936 3.451002 3.807652 0.888153 0.060684 0.060684 0.060684 2.228116 4.019629 3.954754 4.010887 3.885891 3.249378 3.741451 3.623839 3.310482 3.633090 3.801057 3.914995 3.645212 1.671405 0.105438 0.105438 0.060684 1.318737 0.511437 0.060684 0.060684 1.554038 0.060684
2.926105 2.868348 2.790818 2.926105 2.643874 2.926105 2.790818 1.588337 0.154658 0.129527 2.002794 2.469115 3.644243 3.636871 3.326244 2.868348 2.653469 2.926105 3.326244 2.841117 2.841117 2.868348 2.736924 2.399694 1.569667 1.035836 3.642282 3.042086 2.583945 2.764095 3.477455 2.563207 3.470011 3.977998 3.720995 2.532776 3.626143 0.060684 0.060684 0.060684 2.559643 4.069577 4.019629 3.998389 3.119839 3.768529 4.008390 3.852427 3.852427 3.633090 3.998389 4.007478 3.995530 2.670692 3.852851 0.060684 0.060684 1.318737 2.013671 1.799086 0.363491 2.140688 0.849953
3.326244 3.338575 2.840176 3.449230 3.250523 3.347740 2.035230 2.260015 1.227551 3.243751 2.012601 1.957875 2.132385 2.871835 3.252437 2.841117 2.841117 3.326244 3.326244 2.086722 2.841117 2.926105 1.603376 2.804011 1.035836 2.503842 3.727224 2.086722 3.347043 2.712396 3.280111 3.250332 3.414492 3.486811 3.499639 3.173053 3.626143 3.964013 0.060684 0.060684 0.060684 1.742392 4.020719 3.805865 3.842913 4.037481 4.010887 4.018815 4.021858 3.998389 4.010887 3.645212 3.645212 3.605776 1.142009 1.256499 1.256499 2.212189 2.812984 2.337343 2.331999 2.148942 2.812984
2.180376 3.367226 3.974711 3.847388 2.841117 2.926105 2.926105 2.086722 1.639832 1.619720 0.098611 1.289326 3.320069 3.511992 3.636871 2.841117 2.972862 3.326244 3.326244 2.201578 2.137373 1.936810 1.603376 3.007509 2.836393 0.823647 3.324768 2.855877 2.832576 2.712396 3.603598 3.329463 3.329463 3.506629 3.720995 3.720655 3.598939 1.766689 3.327586 0.060684 3.815361 3.852074 3.836575 3.917188 3.877255 3.810736 3.840190 3.958297 3.728330 4.008390 3.852427 3.626077 3.645212 2.406528 1.198819 1.621949 2.684043 2.469115 2.645795 1.649461 1.649461 2.030254 1.668320
1.874693 2.005001 4.040946 4.284925 2.945242 2.841117 2.790818 3.507436 1.639832 1.515203 2.502024 1.220347 3.094912 3.602566 3.326244 3.239523 1.035836 2.904827 1.855790 3.299480 2.799626 3.020130 2.043194 0.827383 0.827383 2.150587 2.868348 3.249716 3.458662 3.299480 2.989053 2.990669 2.750566 3.715472 3.293961 1.978673 3.838470 2.917596 0.060684 0.060684 3.987023 4.010887 3.747791 4.010887 4.008390 3.835323 3.918440 3.874961 3.939013 3.950105 2.999369 2.155511 2.155511 2.323986 1.011209 2.095284 2.446365 1.011209 2.801089 1.836888 1.142009 2.030254 2.645795
1.609361 3.317334 3.326244 2.790818 2.841117 3.874963 2.841117 4.029078 2.441170 1.593455 2.988240 1.590909 1.480542 3.507436 3.092882 2.137373 0.998994 0.998994 3.726351 1.035836 1.616326 3.617967 3.372630 2.405165 3.239657 3.839549 2.926105 3.050218 3.249740 3.599651 3.326154 3.598939 2.842055 3.871327 3.597733 2.489269 3.615852 3.243326 0.060684 0.060684 3.987023 3.852074 3.973055 3.960876 4.027924 3.973548 3.877255 3.928021 3.820486 2.776027 3.046152 3.222027 2.392804 2.072924 2.030254 3.517321 1.550139 3.002578 3.021389 2.492919 2.030254 1.589626 2.470953
