Example_Watersheds/WA_MashelWatershed/DataInputs/o_3_ChemistryPools/Mashel_1990_Pools/N_g_Humus_4.asc
ncols         923
nrows         455
xllcorner     550005.67551598
yllcorner     5180549.8134422
cellsize      30
NODATA_value  -9999
[rows 252 to 279 of 455, columns 693 to 755 of 923]
0.677636 0.522425 0.617135 0.615541 0.615541 0.601009 0.659388 0.601131 0.684144 0.664408 0.664408 0.651626 0.655892 0.656055 0.656055 0.678241 0.670296 0.678241 0.668529 0.655892 0.606384 0.686961 0.668601 0.633406 0.647327 0.626570 0.641692 0.687900 0.691496 0.682132 0.684144 0.634812 0.634812 0.678920 0.580167 0.679000 0.668419 0.667549 0.652559 0.652559 0.652559 0.621284 0.565532 0.565532 0.627001 0.580684 0.506639 0.577823 0.546098 0.578778 0.573860 0.655771 0.558584 0.489444 0.684135 0.661632 0.647288 0.558584 0.568106 0.558584 0.568106 0.568106 0.667777
0.661496 0.684144 0.522425 0.597699 0.661104 0.667467 0.613491 0.649099 0.678338 0.664408 0.667467 0.641919 0.659388 0.655271 0.633884 0.691429 0.670296 0.689680 0.640657 0.678766 0.614806 0.651647 0.651647 0.633406 0.627085 0.549089 0.642955 0.642437 0.630309 0.633967 0.656804 0.688726 0.688534 0.645662 0.579967 0.685352 0.688534 0.655771 0.632829 0.652559 0.652559 0.592062 0.581119 0.637679 0.564976 0.558584 0.506639 0.506639 0.558584 0.611975 0.578778 0.578778 0.547382 0.612732 0.540789 0.668595 0.636720 0.577183 0.505599 0.568754 0.492308 0.568252 0.667777
0.684144 0.660617 0.522425 0.653235 0.646131 0.673570 0.617289 0.550297 0.653017 0.694372 0.678241 0.641919 0.653838 0.615816 0.689929 0.642587 0.642587 0.604296 0.655962 0.651647 0.586650 0.581935 0.586650 0.651647 0.578009 0.625054 0.641751 0.653931 0.654023 0.647860 0.691066 0.681407 0.625290 0.683168 0.678873 0.688534 0.615399 0.652559 0.678241 0.653235 0.612203 0.540871 0.564976 0.564976 0.564976 0.546858 0.579348 0.548109 0.533123 0.597531 0.530665 0.582370 0.609596 0.609596 0.631537 0.668595 0.690462 0.557877 0.602530 0.472814 0.537356 0.558584 0.667777
0.650372 0.637980 0.632569 0.606620 0.684135 0.678766 0.600695 0.606384 0.606384 0.625004 0.626481 0.684144 0.661495 0.627001 0.651544 0.656055 0.655892 0.581535 0.651647 0.581935 0.617838 0.637815 0.689680 0.601009 0.627644 0.663564 0.691520 0.654023 0.659282 0.660393 0.656061 0.681407 0.668602 0.678241 0.678873 0.661600 0.661600 0.637726 0.686452 0.656061 0.668038 0.651419 0.566842 0.581709 0.566842 0.566070 0.534295 0.553443 0.533123 0.558584 0.558584 0.609596 0.628433 0.623506 0.535901 0.689285 0.681641 0.563646 0.589833 0.608194 0.558584 0.618393 0.628159
0.694372 0.694372 0.637584 0.650372 0.678241 0.655271 0.655574 0.585571 0.655962 0.668544 0.640657 0.664877 0.665731 0.627001 0.661599 0.655892 0.625004 0.622033 0.579136 0.579136 0.617838 0.668201 0.656055 0.613607 0.684144 0.689929 0.642955 0.654023 0.692581 0.679000 0.656956 0.691521 0.691066 0.668150 0.690579 0.709390 0.649099 0.637726 0.660818 0.654827 0.638614 0.623146 0.617289 0.617580 0.546858 0.579348 0.548109 0.525615 0.506639 0.590369 0.568106 0.576229 0.638825 0.652559 0.593098 0.651215 0.668419 0.695734 0.696475 0.574804 0.485227 0.460526 0.568106
0.674827 0.691429 0.679063 0.548813 0.617533 0.637483 0.655574 0.635086 0.617289 0.665731 0.659388 0.650166 0.667467 0.629823 0.660470 0.637679 0.604296 0.619820 0.635086 0.637858 0.637858 0.629823 0.656055 0.601370 0.694372 0.695549 0.691335 0.689451 0.689559 0.675752 0.668259 0.691547 0.655432 0.689299 0.681396 0.698627 0.615611 0.652559 0.629823 0.652559 0.638614 0.637483 0.660940 0.612682 0.576850 0.548109 0.506639 0.548109 0.548109 0.558584 0.558584 0.506639 0.602530 0.620833 0.652559 0.623506 0.683168 0.676254 0.626745 0.574804 0.511876 0.568252 0.661104
0.633299 0.617580 0.563168 0.540871 0.625290 0.641919 0.665597 0.649099 0.627330 0.667566 0.678241 0.650166 0.633967 0.633967 0.631206 0.691069 0.627001 0.627001 0.632434 0.627870 0.613530 0.657819 0.642587 0.655892 0.684135 0.684135 0.691385 0.641919 0.654827 0.688923 0.668161 0.656492 0.632078 0.689280 0.682474 0.685628 0.634294 0.667549 0.629823 0.652559 0.652559 0.638506 0.637726 0.689929 0.650166 0.506639 0.540871 0.609896 0.540871 0.522425 0.602745 0.522890 0.602530 0.510759 0.562532 0.628159 0.369871 0.473561 0.562817 0.525615 0.522425 0.654200 0.654369
0.645122 0.636517 0.522425 0.653838 0.653838 0.653838 0.656061 0.634294 0.659388 0.668597 0.678421 0.633299 0.642955 0.645872 0.628818 0.642654 0.655892 0.627001 0.630073 0.595691 0.613607 0.651544 0.670296 0.694372 0.684135 0.684135 0.660393 0.657954 0.641919 0.632078 0.691547 0.656492 0.654607 0.647193 0.658833 0.678920 0.688112 0.681641 0.633299 0.651582 0.678241 0.612879 0.605501 0.653340 0.642955 0.628229 0.549427 0.592418 0.486844 0.540871 0.559140 0.648909 0.583150 0.623506 0.552638 0.505599 0.643292 0.393119 0.542709 0.613530 0.517317 0.628159 0.691069
0.658594 0.656055 0.629490 0.637900 0.638392 0.678241 0.648193 0.677636 0.661851 0.648406 0.678421 0.540871 0.659388 0.641919 0.642396 0.655271 0.655892 0.642587 0.645122 0.603024 0.629490 0.633967 0.660686 0.632829 0.654683 0.637900 0.694372 0.689299 0.655941 0.658594 0.630309 0.622367 0.685343 0.683168 0.678873 0.691280 0.582682 0.694372 0.690579 0.690579 0.675752 0.678241 0.641571 0.667928 0.668150 0.637378 0.632829 0.587612 0.563237 0.548109 0.571102 0.602745 0.602745 0.529734 0.623506 0.595116 0.678766 0.685841 0.643292 0.544131 0.614728 0.681641 0.603093
0.656055 0.645122 0.678241 0.660393 0.601009 0.601131 0.627001 0.666475 0.678241 0.629439 0.655962 0.642955 0.678241 0.624347 0.627001 0.660818 0.689929 0.689929 0.642587 0.642587 0.645589 0.636720 0.651647 0.577635 0.627085 0.648909 0.653931 0.655804 0.632891 0.607654 0.633187 0.709346 0.604411 0.679000 0.665731 0.650899 0.644780 0.564976 0.680656 0.682474 0.694372 0.608995 0.641571 0.620125 0.620125 0.661496 0.638092 0.602745 0.587612 0.548109 0.518605 0.530665 0.580684 0.506639 0.563168 0.582476 0.678766 0.695732 0.642654 0.558772 0.691467 0.708435 0.632003
0.639806 0.651941 0.657819 0.644416 0.604800 0.651582 0.686710 0.641313 0.659388 0.659388 0.460526 0.642654 0.631206 0.651647 0.621525 0.627001 0.631206 0.656055 0.621345 0.642587 0.633967 0.636720 0.633967 0.613607 0.603024 0.678064 0.692845 0.610325 0.632891 0.636447 0.695502 0.693929 0.617533 0.634123 0.661851 0.650899 0.634385 0.634385 0.678241 0.681064 0.685907 0.694372 0.690982 0.685343 0.678241 0.650739 0.589466 0.632829 0.530665 0.506639 0.506639 0.558584 0.506639 0.562958 0.540871 0.657954 0.695734 0.695732 0.679123 0.598154 0.623712 0.701193 0.659592
0.639806 0.589466 0.641919 0.612147 0.618661 0.599892 0.626570 0.670296 0.613530 0.570861 0.592695 0.661154 0.563168 0.646192 0.621525 0.687900 0.656055 0.642587 0.645872 0.624851 0.636517 0.633967 0.629490 0.589466 0.639713 0.638341 0.659388 0.660470 0.619664 0.679073 0.595830 0.687889 0.638313 0.653838 0.609492 0.636586 0.650899 0.686452 0.665597 0.665597 0.665731 0.651564 0.695076 0.638256 0.678241 0.650899 0.609698 0.632829 0.580684 0.548109 0.597531 0.558584 0.558584 0.553443 0.568754 0.632829 0.632829 0.704388 0.702345 0.683168 0.683168 0.690985 0.699921
0.661247 0.540871 0.660818 0.678241 0.648406 0.670296 0.634008 0.643927 0.637679 0.678241 0.647327 0.540871 0.522425 0.603024 0.642955 0.655271 0.634008 0.678241 0.678241 0.621525 0.540871 0.540871 0.619341 0.647327 0.605163 0.655574 0.650166 0.620697 0.695300 0.664408 0.667222 0.615541 0.581709 0.633299 0.633299 0.667128 0.681064 0.668345 0.684860 0.646476 0.620765 0.661154 0.649457 0.670013 0.656048 0.638614 0.609698 0.612203 0.553443 0.553443 0.628159 0.602745 0.558584 0.553443 0.632829 0.540871 0.596170 0.692305 0.679479 0.690985 0.683168 0.698627 0.685841
0.580493 0.638460 0.641919 0.651647 0.638092 0.663911 0.661851 0.637679 0.678241 0.678241 0.631206 0.640657 0.560573 0.560573 0.563168 0.668249 0.660818 0.659388 0.668345 0.637679 0.656055 0.616456 0.658471 0.658594 0.668150 0.655574 0.649627 0.655941 0.689773 0.656332 0.651215 0.540871 0.581709 0.626570 0.647107 0.655432 0.677396 0.691537 0.667467 0.646476 0.656027 0.656027 0.633299 0.637679 0.639620 0.678920 0.668384 0.639620 0.619007 0.619007 0.570861 0.602745 0.563168 0.522425 0.709346 0.655214 0.671118 0.687889 0.635604 0.643181 0.668419 0.690985 0.685686
0.578009 0.656055 0.603493 0.615611 0.638092 0.646971 0.646971 0.651499 0.595550 0.620833 0.644954 0.644780 0.518480 0.540871 0.660818 0.660393 0.660393 0.668249 0.668345 0.637679 0.656055 0.631206 0.655892 0.694372 0.656055 0.627001 0.656027 0.656170 0.693569 0.656014 0.651647 0.623644 0.659388 0.691069 0.633299 0.633299 0.668249 0.686179 0.677396 0.668259 0.645362 0.648193 0.612682 0.617135 0.592062 0.588794 0.636376 0.626003 0.612682 0.570861 0.602745 0.671118 0.676412 0.708847 0.690985 0.687889 0.695477 0.626831 0.610755 0.652559 0.629910 0.618393 0.618119
0.646192 0.385510 0.589626 0.633187 0.601009 0.546858 0.616208 0.647327 0.616208 0.660062 0.645734 0.518480 0.639986 0.660062 0.660393 0.633187 0.646971 0.661612 0.637771 0.660818 0.694372 0.684135 0.655892 0.625004 0.637980 0.637980 0.637980 0.661851 0.667222 0.683168 0.667107 0.689616 0.664408 0.619820 0.671118 0.695332 0.667793 0.667467 0.668444 0.677815 0.621809 0.634294 0.612203 0.652559 0.612203 0.564976 0.631852 0.670013 0.667914 0.619007 0.602745 0.662450 0.695734 0.695734 0.638056 0.629056 0.667467 0.688528 0.620765 0.661566 0.612203 0.652559 0.602530
0.660314 0.616208 0.549089 0.624347 0.460526 0.564763 0.616635 0.660314 0.660314 0.660818 0.645734 0.626392 0.640248 0.678920 0.679107 0.633187 0.684135 0.656170 0.656170 0.694372 0.655892 0.637980 0.637679 0.655892 0.608878 0.637679 0.581766 0.674219 0.651582 0.683168 0.677859 0.689925 0.668597 0.668345 0.692845 0.694932 0.667793 0.684144 0.663564 0.684144 0.652559 0.633299 0.633299 0.652559 0.605813 0.605813 0.592695 0.639620 0.639620 0.657681 0.594154 0.633458 0.690641 0.644225 0.661632 0.553590 0.621948 0.648406 0.607928 0.633012 0.652559 0.617135 0.565532
0.620488 0.563847 0.549089 0.507421 0.540871 0.622688 0.616015 0.660062 0.651598 0.660545 0.660545 0.643069 0.627644 0.668096 0.677964 0.625877 0.618483 0.655892 0.655892 0.678421 0.649005 0.655892 0.637679 0.635604 0.655528 0.634008 0.569781 0.510181 0.575284 0.678499 0.688528 0.651474 0.628939 0.656065 0.670013 0.678642 0.694932 0.709390 0.684135 0.689616 0.634123 0.617580 0.634294 0.603622 0.637771 0.567453 0.617135 0.654200 0.668474 0.667566 0.661544 0.683158 0.649191 0.668419 0.647513 0.628756 0.668530 0.678241 0.640248 0.654756 0.580684 0.537154 0.592062
0.622688 0.563847 0.548181 0.493564 0.549089 0.572632 0.616334 0.640248 0.660314 0.660818 0.660818 0.627001 0.601009 0.679134 0.667202 0.603093 0.607996 0.661612 0.655892 0.626570 0.619974 0.655528 0.655271 0.642654 0.660818 0.652559 0.549157 0.540871 0.563847 0.691547 0.687900 0.681641 0.656050 0.678420 0.702345 0.694372 0.694932 0.678822 0.677636 0.656060 0.617580 0.634123 0.633299 0.633796 0.637771 0.637771 0.654756 0.651941 0.649099 0.688528 0.685911 0.649191 0.517710 0.628433 0.647513 0.648812 0.630588 0.630588 0.553590 0.650166 0.655380 0.518605 0.541445
0.608759 0.629638 0.627644 0.574183 0.549089 0.649005 0.640248 0.660545 0.660062 0.677750 0.621222 0.642396 0.613607 0.660062 0.667202 0.603093 0.660818 0.660818 0.660818 0.647513 0.660818 0.660818 0.660818 0.660818 0.660818 0.634123 0.619584 0.540871 0.617533 0.651582 0.691429 0.689559 0.674007 0.678420 0.658949 0.691466 0.687081 0.690985 0.661104 0.637771 0.617580 0.588189 0.668419 0.637771 0.637771 0.617580 0.643825 0.651941 0.691069 0.691069 0.647219 0.581179 0.562168 0.585868 0.594968 0.656065 0.649457 0.518605 0.566525 0.460526 0.522425 0.637726 0.522425
0.651133 0.646894 0.646894 0.622118 0.491051 0.642587 0.661545 0.678660 0.667704 0.661612 0.670574 0.667793 0.599608 0.660753 0.660753 0.659491 0.679107 0.660818 0.624347 0.635263 0.679107 0.660393 0.660818 0.642654 0.637726 0.607513 0.619584 0.633299 0.647107 0.677964 0.681641 0.654023 0.683158 0.677001 0.709281 0.691335 0.684144 0.681773 0.668451 0.657954 0.604746 0.588000 0.588000 0.590082 0.633299 0.633299 0.612682 0.641919 0.633299 0.678241 0.606926 0.612682 0.614882 0.581594 0.655771 0.667777 0.592831 0.518605 0.592695 0.510181 0.636081 0.615541 0.613530
0.625378 0.622609 0.661642 0.577635 0.639806 0.642587 0.661368 0.661368 0.691216 0.654897 0.675576 0.666359 0.616974 0.660314 0.660062 0.659491 0.660818 0.610251 0.660393 0.647513 0.660393 0.647075 0.660393 0.612682 0.460526 0.619007 0.637771 0.659388 0.653645 0.689102 0.706802 0.652677 0.708804 0.702888 0.695569 0.687444 0.654369 0.667777 0.684144 0.573795 0.637771 0.608698 0.546858 0.637483 0.637483 0.617533 0.668576 0.621809 0.589466 0.638092 0.571042 0.540871 0.518605 0.607076 0.612831 0.645203 0.593229 0.540871 0.592695 0.661496 0.655962 0.655962 0.609698
0.617671 0.638480 0.661642 0.646894 0.654450 0.640657 0.629114 0.668587 0.668201 0.704845 0.687523 0.646192 0.640497 0.643825 0.660062 0.667202 0.650237 0.617082 0.649789 0.632078 0.612682 0.635263 0.661612 0.546707 0.606384 0.595550 0.595550 0.665459 0.649191 0.668836 0.687889 0.695076 0.706084 0.677268 0.655214 0.674219 0.671118 0.667777 0.612580 0.612682 0.617533 0.592695 0.614003 0.614003 0.637483 0.637483 0.626570 0.637771 0.628016 0.678920 0.678766 0.540871 0.518605 0.630859 0.630859 0.637771 0.601600 0.592831 0.518605 0.540871 0.574621 0.626745 0.579136
0.544942 0.647193 0.661642 0.621583 0.646894 0.661247 0.655771 0.668201 0.673115 0.702888 0.690794 0.681641 0.649191 0.685352 0.660062 0.659491 0.650237 0.650237 0.598710 0.598710 0.630309 0.646192 0.678920 0.660818 0.652559 0.595550 0.647107 0.676254 0.609943 0.692845 0.687889 0.640415 0.685343 0.685343 0.689778 0.684135 0.668506 0.633299 0.584960 0.540871 0.612682 0.637483 0.636304 0.625244 0.653838 0.651175 0.651175 0.612682 0.590369 0.619898 0.647513 0.637900 0.578009 0.540871 0.572703 0.588313 0.663564 0.549089 0.568252 0.624851 0.518668 0.534367 0.587743
0.571042 0.599608 0.661642 0.646579 0.625198 0.655698 0.668337 0.677137 0.690292 0.702888 0.428880 0.428880 0.385510 0.708435 0.702345 0.655214 0.647973 0.625505 0.660818 0.635604 0.635520 0.630679 0.668451 0.671118 0.667991 0.601131 0.654369 0.665318 0.694314 0.652792 0.695693 0.695693 0.695300 0.699067 0.691069 0.641919 0.638225 0.633751 0.652559 0.533642 0.540871 0.637483 0.637483 0.613607 0.625244 0.647513 0.629439 0.545465 0.548109 0.637378 0.651670 0.594036 0.574621 0.518668 0.631206 0.568106 0.624522 0.656027 0.540871 0.626570 0.606774 0.502998 0.587743
0.490522 0.626392 0.618835 0.625103 0.649005 0.646628 0.654683 0.692454 0.695718 0.707976 0.481887 0.414423 0.544533 0.385510 0.385510 0.691496 0.678572 0.635520 0.597699 0.597699 0.646628 0.675396 0.681641 0.681641 0.695724 0.667485 0.690982 0.708630 0.707978 0.698635 0.549352 0.385510 0.668579 0.690641 0.385510 0.689925 0.677518 0.651564 0.623575 0.522425 0.546858 0.612203 0.559261 0.546858 0.614003 0.636004 0.690985 0.510181 0.548109 0.553590 0.654369 0.649789 0.619007 0.540871 0.548109 0.568106 0.646528 0.626570 0.626570 0.607441 0.619820 0.646894 0.689621
0.575284 0.552026 0.599608 0.661642 0.666239 0.572632 0.692761 0.707976 0.385510 0.457793 0.699921 0.414423 0.385510 0.385510 0.515620 0.385510 0.695625 0.684860 0.655214 0.620765 0.692213 0.687889 0.695076 0.695076 0.385510 0.681641 0.640497 0.708847 0.695194 0.695194 0.687889 0.687889 0.669433 0.703483 0.385510 0.632078 0.679123 0.677136 0.652559 0.541445 0.612682 0.612203 0.634123 0.634123 0.648193 0.633299 0.629439 0.529734 0.506639 0.597699 0.597699 0.667467 0.605454 0.606384 0.518605 0.506639 0.558584 0.617135 0.624579 0.626570 0.540871 0.641751 0.689175
0.549089 0.625103 0.668529 0.668544 0.639986 0.655698 0.692761 0.631273 0.554171 0.385510 0.385510 0.414423 0.385510 0.385510 0.448155 0.448155 0.414423 0.549352 0.385510 0.695395 0.682830 0.681641 0.385510 0.700738 0.707317 0.597540 0.703483 0.708630 0.689610 0.653931 0.708804 0.660940 0.689925 0.683168 0.385510 0.655214 0.659388 0.574621 0.606774 0.595550 0.637483 0.661851 0.679134 0.679134 0.634294 0.647513 0.634123 0.598235 0.628159 0.597122 0.618026 0.667467 0.633751 0.626570 0.553590 0.625738 0.586013 0.591241 0.661154 0.654450 0.639620 0.677636 0.668096
