Example_Watersheds/WA_MashelWatershed/DataInputs/o_3_ChemistryPools/Mashel_1990_Pools/N_g_Det_root_3.asc
ncols         923
nrows         455
xllcorner     550005.67551598
yllcorner     5180549.8134422
cellsize      30
NODATA_value  -9999
[rows 252 to 279 of 455, columns 504 to 566 of 923]
0.665528 0.615265 0.637982 0.615624 0.612619 0.640658 0.634956 0.644726 0.638473 0.666953 0.648843 0.707313 0.639873 0.641911 0.629644 0.686286 0.645324 0.614017 0.634214 0.627336 0.645752 0.633969 0.634328 0.633760 0.633969 0.623785 0.632841 0.639526 0.639526 0.633969 0.636767 0.630581 0.638222 0.622775 0.654902 0.637162 0.659850 0.634849 0.649245 0.638819 0.637083 0.638433 0.658884 0.632132 0.614619 0.637719 0.658472 0.648554 0.619567 0.640962 0.633817 0.621955 0.618195 0.617955 0.630399 0.624862 0.624862 0.627625 0.607917 0.632779 0.617955 0.618195 0.658476
0.642912 0.686669 0.680649 0.606887 0.644209 0.647115 0.634122 0.636047 0.617652 0.625642 0.626423 0.645389 0.619431 0.640500 0.655615 0.639895 0.840663 0.634757 0.634214 0.640214 0.634575 0.634575 0.640500 0.657347 0.633969 0.619353 0.647263 0.633969 0.633969 0.632841 0.635798 0.667223 0.632841 0.637880 0.633671 0.638141 0.661520 0.645570 0.635241 0.635579 0.639067 0.659164 0.636728 0.640962 0.650212 0.641584 0.653471 0.626435 0.626435 0.642737 0.628412 0.640529 0.654239 0.635799 0.640786 0.634639 0.650185 0.617955 0.657444 0.640286 0.667723 0.645681 0.652569
0.616278 0.628617 0.622885 0.665330 0.644209 0.624588 0.634122 0.660867 0.640638 0.646777 0.640764 0.645389 0.633803 0.633803 0.621642 0.630861 0.635249 0.638000 0.622838 0.612376 0.627336 0.639952 0.650100 0.625318 0.633969 0.632841 0.626143 0.649061 0.659311 0.632841 0.664952 0.660657 0.638401 0.610363 0.625586 0.624693 0.622318 0.642521 0.665256 0.616477 0.668070 0.635794 0.646130 0.637455 0.626435 0.649101 0.649101 0.639346 0.664211 0.618195 0.668695 0.644024 0.633784 0.671102 0.654384 0.633817 0.654239 0.617955 0.672588 0.633067 0.634873 0.618195 0.649420
0.633272 0.610231 0.665285 0.639205 0.626595 0.681397 0.615954 0.666866 0.618813 0.640764 0.707313 0.638304 0.648233 0.639382 0.608463 0.640631 0.653184 0.632841 0.638000 0.627336 0.649449 0.637400 0.635798 0.631848 0.633863 0.638338 0.640108 0.645090 0.659311 0.639043 0.618451 0.624402 0.640656 0.649902 0.648590 0.640497 0.655274 0.659164 0.616432 0.659761 0.641066 0.626627 0.645210 0.637455 0.650884 0.638499 0.620221 0.633721 0.640342 0.660165 0.668695 0.655902 0.646532 0.639126 0.658472 0.666858 0.640786 0.618195 0.630399 0.658472 0.658472 0.640219 0.639432
0.640500 0.634742 0.640037 0.677774 0.612418 0.632793 0.643067 0.664911 0.640764 0.639809 0.636121 0.645389 0.655293 0.627110 0.636004 0.640046 0.639089 0.638000 0.619406 0.606621 0.659574 0.619346 0.635798 0.639382 0.649061 0.649061 0.632841 0.641550 0.638907 0.644674 0.644137 0.635890 0.622836 0.641511 0.660710 0.638083 0.622353 0.645426 0.657692 0.637083 0.668070 0.668070 0.667897 0.663458 0.632841 0.648384 0.650217 0.651331 0.641584 0.617955 0.654384 0.642324 0.642324 0.640040 0.642818 0.637696 0.666858 0.650185 0.638676 0.626270 0.638463 0.666858 0.640191
0.638000 0.634742 0.646268 0.612525 0.606621 0.659736 0.617652 0.632547 0.640764 0.643011 0.612005 0.641407 0.656626 0.612980 0.653688 0.640046 0.649061 0.649061 0.634257 0.618403 0.658976 0.642083 0.610446 0.632841 0.646777 0.638000 0.660867 0.636625 0.631195 0.638839 0.638366 0.621100 0.660710 0.669847 0.644875 0.629717 0.658884 0.646532 0.613793 0.646929 0.640764 0.638000 0.638000 0.628606 0.632841 0.632841 0.632841 0.628676 0.646047 0.646047 0.641145 0.618195 0.626435 0.614942 0.633579 0.641198 0.650100 0.618195 0.649101 0.642737 0.658472 0.666858 0.635867
0.638604 0.637226 0.644919 0.654656 0.639830 0.625335 0.638000 0.639873 0.653878 0.608002 0.639491 0.640019 0.642645 0.647156 0.657839 0.622201 0.635866 0.639895 0.638000 0.640214 0.622067 0.639895 0.652924 0.640500 0.646379 0.640040 0.629644 0.629644 0.629644 0.629644 0.633807 0.664976 0.661507 0.636362 0.659164 0.650884 0.621461 0.635531 0.631511 0.632156 0.617068 0.627811 0.638189 0.638000 0.625345 0.632841 0.632841 0.628676 0.656562 0.615881 0.644318 0.644964 0.640865 0.644964 0.633579 0.646159 0.647701 0.640962 0.642737 0.640786 0.668553 0.645057 0.625615
0.611099 0.663458 0.641268 0.642114 0.644129 0.625489 0.626846 0.641252 0.623889 0.643030 0.638828 0.660627 0.635160 0.642040 0.639382 0.622201 0.649531 0.639895 0.626846 0.639347 0.619346 0.639895 0.642431 0.612005 0.637455 0.632841 0.629644 0.657494 0.665539 0.665539 0.650884 0.663269 0.642652 0.645426 0.634756 0.626853 0.671767 0.632841 0.660387 0.642912 0.640251 0.663458 0.648968 0.635471 0.613438 0.633969 0.645313 0.632683 0.637696 0.641488 0.642387 0.628402 0.631686 0.625009 0.641198 0.674538 0.626435 0.626435 0.665809 0.640786 0.640529 0.633413 0.623154
0.638000 0.629052 0.649912 0.633082 0.639431 0.625489 0.609924 0.635594 0.606335 0.611963 0.630350 0.629221 0.635160 0.639170 0.659576 0.616750 0.632151 0.638072 0.611099 0.639347 0.638000 0.638000 0.665051 0.654384 0.622521 0.640500 0.638572 0.641120 0.636728 0.640497 0.635073 0.634358 0.627053 0.631242 0.641550 0.638802 0.626853 0.626853 0.632678 0.614362 0.639388 0.668752 0.650839 0.633727 0.613159 0.628452 0.641106 0.637696 0.629344 0.629344 0.667723 0.633969 0.633969 0.615954 0.638399 0.676621 0.634153 0.640471 0.658472 0.668785 0.617955 0.637248 0.630850
0.673404 0.642387 0.623465 0.606621 0.614158 0.608902 0.638810 0.640214 0.686684 0.640343 0.643011 0.613988 0.638000 0.622561 0.622561 0.676143 0.660867 0.644642 0.609924 0.627336 0.645139 0.637328 0.635186 0.665051 0.642128 0.645341 0.619852 0.633803 0.614571 0.629644 0.614571 0.630153 0.632547 0.649572 0.640026 0.638802 0.621330 0.668070 0.668070 0.660447 0.609907 0.640019 0.640528 0.631606 0.606906 0.658585 0.664044 0.633969 0.639138 0.639138 0.652874 0.633969 0.617840 0.658010 0.647185 0.651624 0.641323 0.618195 0.658472 0.634153 0.634873 0.633525 0.662554
0.634266 0.625372 0.606621 0.606621 0.646568 0.640572 0.638000 0.638810 0.667887 0.680416 0.636121 0.636121 0.638000 0.636570 0.641252 0.638000 0.632841 0.632841 0.638000 0.638000 0.633760 0.637328 0.637328 0.636570 0.625466 0.629644 0.633686 0.668070 0.643564 0.658682 0.614571 0.632841 0.635795 0.635795 0.618363 0.633802 0.644805 0.641550 0.626853 0.640019 0.628567 0.616018 0.604594 0.620236 0.606906 0.644311 0.615344 0.612521 0.642826 0.641220 0.616268 0.639138 0.636878 0.620506 0.618912 0.651624 0.633807 0.640563 0.651566 0.632668 0.646307 0.646307 0.627251
0.632841 0.657494 0.627336 0.635570 0.631606 0.613893 0.613988 0.680416 0.840663 0.680416 0.662781 0.633723 0.618887 0.663458 0.610231 0.609907 0.632841 0.663458 0.612005 0.609907 0.631751 0.623663 0.649061 0.636570 0.632841 0.638166 0.638166 0.625466 0.668070 0.655747 0.663458 0.668070 0.632841 0.641007 0.612005 0.632841 0.617068 0.626853 0.632344 0.638000 0.639491 0.631175 0.633693 0.610446 0.623344 0.640222 0.624044 0.639669 0.606804 0.640786 0.658585 0.645921 0.648187 0.648187 0.613871 0.653878 0.636239 0.643505 0.640563 0.641808 0.648533 0.639507 0.629461
0.629644 0.612005 0.627336 0.637226 0.640764 0.639889 0.619346 0.621031 0.647911 0.636121 0.636453 0.641384 0.660754 0.641407 0.609924 0.627697 0.644482 0.612005 0.612005 0.639032 0.610446 0.617394 0.638000 0.635471 0.664545 0.632841 0.642912 0.668070 0.642912 0.616512 0.668070 0.657861 0.663458 0.663458 0.632841 0.643325 0.638000 0.641252 0.641252 0.641454 0.617721 0.659268 0.620755 0.665051 0.637226 0.659076 0.659076 0.631281 0.652791 0.634873 0.663879 0.641227 0.639669 0.643453 0.671767 0.653878 0.640344 0.618195 0.629479 0.639285 0.637498 0.645486 0.629461
0.638000 0.612277 0.610446 0.626846 0.639032 0.638124 0.627336 0.630042 0.636428 0.634808 0.646036 0.643011 0.622838 0.612005 0.638774 0.612375 0.641101 0.640429 0.613988 0.646033 0.633377 0.624613 0.635471 0.633969 0.640343 0.632841 0.638655 0.671767 0.671767 0.671767 0.638696 0.638000 0.640871 0.639491 0.632841 0.650217 0.625466 0.641252 0.639873 0.668659 0.634575 0.656486 0.668502 0.640429 0.634389 0.642912 0.647725 0.641404 0.652791 0.633796 0.653334 0.638370 0.643293 0.629370 0.639346 0.623224 0.644318 0.644244 0.638078 0.668718 0.633380 0.640441 0.616007
0.638000 0.637226 0.637226 0.637226 0.645563 0.649449 0.637226 0.627336 0.616962 0.670325 0.628350 0.626846 0.638000 0.612005 0.640500 0.643011 0.646445 0.623925 0.639895 0.607917 0.633377 0.637414 0.633969 0.633760 0.649521 0.638660 0.632841 0.671767 0.648416 0.638655 0.638655 0.642912 0.645210 0.641252 0.640500 0.668070 0.664053 0.668070 0.645148 0.633723 0.667897 0.606335 0.611166 0.675252 0.663458 0.646159 0.610571 0.671102 0.644024 0.618195 0.640129 0.640572 0.631979 0.651624 0.631985 0.665490 0.641040 0.633306 0.633306 0.632818 0.633817 0.637414 0.621401
0.638000 0.638000 0.637226 0.612394 0.649227 0.606621 0.637226 0.604745 0.636453 0.621031 0.626846 0.643169 0.638000 0.638000 0.631100 0.635186 0.641522 0.633764 0.642083 0.614552 0.627701 0.640913 0.640913 0.633969 0.639526 0.641955 0.639954 0.640391 0.633725 0.634137 0.634137 0.651109 0.615706 0.648416 0.633056 0.638000 0.663458 0.641252 0.638655 0.641252 0.634214 0.656486 0.646445 0.634973 0.645066 0.656562 0.643597 0.614619 0.618940 0.676143 0.676143 0.618195 0.617955 0.640572 0.641323 0.619852 0.634511 0.649799 0.640532 0.632818 0.626253 0.645670 0.651093
0.638000 0.638000 0.616662 0.612394 0.617731 0.638124 0.613230 0.643132 0.638353 0.714060 0.616445 0.635205 0.638000 0.638072 0.640129 0.640129 0.619492 0.611083 0.629344 0.646163 0.628833 0.639895 0.665051 0.643744 0.675824 0.614360 0.655293 0.613358 0.625466 0.674213 0.651602 0.638772 0.627971 0.646401 0.634830 0.617955 0.645899 0.663458 0.638655 0.663458 0.646445 0.625699 0.642912 0.642912 0.666499 0.632338 0.631985 0.629644 0.632547 0.640937 0.655443 0.640471 0.617955 0.649724 0.640931 0.648983 0.632934 0.640687 0.640786 0.637300 0.609988 0.643697 0.637226
0.638072 0.638000 0.610446 0.616218 0.614552 0.637226 0.639138 0.612375 0.636121 0.611900 0.664645 0.614552 0.622000 0.658976 0.623075 0.611762 0.606190 0.611083 0.628427 0.615304 0.639895 0.610446 0.615485 0.633473 0.675824 0.622838 0.639964 0.638690 0.668070 0.642912 0.642912 0.638772 0.633749 0.634510 0.634510 0.625660 0.622499 0.636478 0.644487 0.608524 0.632678 0.612005 0.660447 0.636139 0.614942 0.641511 0.666499 0.641198 0.647880 0.633945 0.668070 0.644780 0.618195 0.606804 0.638456 0.629644 0.654384 0.656486 0.635570 0.640258 0.639873 0.612277 0.612277
0.636121 0.636121 0.638748 0.617869 0.612394 0.637226 0.614343 0.648787 0.840663 0.728428 0.664645 0.638456 0.840663 0.618849 0.612045 0.611112 0.628164 0.637019 0.608756 0.639873 0.608316 0.606804 0.628833 0.639895 0.637328 0.623224 0.626853 0.626853 0.668070 0.668070 0.668070 0.642912 0.635338 0.627829 0.643325 0.668070 0.674538 0.648551 0.648551 0.617955 0.634043 0.655747 0.634670 0.646239 0.632151 0.625009 0.604646 0.606991 0.645611 0.636214 0.635913 0.668070 0.644964 0.633826 0.633826 0.629644 0.641507 0.649823 0.648606 0.656486 0.632291 0.634808 0.648285
0.638370 0.636121 0.840663 0.651348 0.840663 0.840663 0.675664 0.840663 0.707313 0.840663 0.653417 0.670252 0.643333 0.636871 0.612061 0.628617 0.617315 0.639429 0.641628 0.641628 0.630138 0.643731 0.633682 0.639895 0.652924 0.612005 0.642912 0.633803 0.656767 0.639635 0.668070 0.668070 0.633723 0.648403 0.644459 0.644340 0.640040 0.637880 0.636742 0.654249 0.620007 0.639441 0.634670 0.632077 0.634476 0.668070 0.667520 0.636570 0.634842 0.647831 0.633969 0.638000 0.642912 0.640898 0.620322 0.629644 0.641507 0.648968 0.656486 0.620027 0.634316 0.622118 0.627625
0.651960 0.627146 0.840663 0.840663 0.840663 0.840663 0.648787 0.634506 0.664822 0.606963 0.840663 0.638000 0.640469 0.651808 0.614900 0.686669 0.619621 0.613448 0.630595 0.632873 0.621181 0.643731 0.668446 0.614158 0.611288 0.639032 0.642912 0.671767 0.656767 0.658018 0.668070 0.668070 0.616435 0.668070 0.668070 0.644340 0.668070 0.648490 0.633945 0.665030 0.640429 0.662446 0.632873 0.645208 0.658836 0.640500 0.633969 0.667048 0.667048 0.636998 0.633969 0.642928 0.647554 0.629644 0.626976 0.662554 0.630399 0.608013 0.606519 0.618448 0.639083 0.628544 0.644874
0.643453 0.639491 0.840663 0.840663 0.840663 0.638304 0.627146 0.672355 0.623465 0.684208 0.640931 0.612005 0.639873 0.631455 0.614900 0.608803 0.621072 0.632896 0.632873 0.625340 0.639701 0.638499 0.658487 0.664898 0.612068 0.649910 0.675252 0.627829 0.654652 0.840663 0.638907 0.638907 0.664879 0.641252 0.644459 0.663458 0.633387 0.668070 0.632547 0.636041 0.618451 0.635477 0.623275 0.618451 0.626216 0.639822 0.648968 0.648906 0.667048 0.622838 0.635981 0.636985 0.617282 0.619852 0.625997 0.630399 0.633817 0.659245 0.659245 0.620113 0.632291 0.606986 0.614668
0.615954 0.627849 0.618870 0.680416 0.638000 0.627146 0.840663 0.840663 0.622561 0.665528 0.647006 0.639873 0.641384 0.611802 0.620817 0.630595 0.619201 0.639429 0.606986 0.634287 0.653697 0.665051 0.630205 0.630205 0.634214 0.638000 0.626846 0.651065 0.675252 0.631176 0.640869 0.638748 0.641252 0.655747 0.643325 0.626853 0.628676 0.639099 0.638473 0.614942 0.635888 0.622574 0.632338 0.640330 0.647034 0.651952 0.648968 0.660686 0.643234 0.664002 0.632873 0.632873 0.636985 0.627420 0.617955 0.620429 0.633817 0.612092 0.612092 0.659245 0.632291 0.639432 0.615582
0.634568 0.638810 0.619388 0.625372 0.672355 0.627146 0.840663 0.840663 0.840663 0.648772 0.619195 0.641252 0.626846 0.672751 0.639956 0.615911 0.646490 0.649332 0.647627 0.640443 0.618915 0.639622 0.639895 0.632293 0.638000 0.638000 0.840663 0.840663 0.631700 0.667390 0.639895 0.634757 0.641252 0.614411 0.619384 0.651851 0.632098 0.606335 0.619852 0.614942 0.655274 0.618451 0.618451 0.618451 0.633671 0.613358 0.613358 0.633671 0.618451 0.618451 0.625699 0.628080 0.639561 0.633056 0.630399 0.633383 0.640344 0.636428 0.607579 0.629071 0.616962 0.606987 0.682905
0.611945 0.608013 0.625333 0.631281 0.639895 0.662592 0.636121 0.840663 0.636121 0.840663 0.840663 0.638000 0.658976 0.638124 0.649821 0.618849 0.635630 0.639429 0.647627 0.632896 0.640126 0.633235 0.639895 0.659574 0.639347 0.622679 0.663458 0.638000 0.639895 0.634915 0.650288 0.639895 0.663458 0.675252 0.663458 0.663458 0.664952 0.633803 0.637083 0.655274 0.640221 0.639776 0.629644 0.618451 0.655976 0.655976 0.618451 0.647471 0.624613 0.636985 0.650194 0.643505 0.637675 0.641334 0.668718 0.639669 0.630101 0.633029 0.614317 0.607917 0.610942 0.669293 0.602985
0.686636 0.609407 0.609407 0.612907 0.629439 0.686488 0.618369 0.840663 0.840663 0.840663 0.680416 0.638000 0.639032 0.643868 0.633859 0.632873 0.610069 0.611220 0.631526 0.626061 0.629344 0.666858 0.653748 0.634261 0.619346 0.625548 0.622521 0.622521 0.638000 0.670064 0.665029 0.622319 0.639895 0.638655 0.635923 0.655747 0.617871 0.617652 0.638730 0.647731 0.644162 0.655274 0.644162 0.619156 0.627002 0.655976 0.635477 0.651127 0.647655 0.619778 0.650194 0.640129 0.640482 0.617955 0.622287 0.622287 0.622287 0.612092 0.633029 0.622823 0.646234 0.679692 0.653187
0.686636 0.609407 0.638810 0.612907 0.645754 0.631281 0.628833 0.840663 0.680416 0.638000 0.649910 0.629968 0.622571 0.637982 0.606988 0.646490 0.635902 0.606986 0.625340 0.625024 0.625024 0.609924 0.635902 0.629344 0.652924 0.612005 0.638000 0.663458 0.640687 0.617652 0.655293 0.645944 0.652924 0.654056 0.645426 0.641308 0.617871 0.655510 0.636410 0.629644 0.629644 0.639776 0.638995 0.619156 0.628171 0.633329 0.636298 0.626976 0.634736 0.651127 0.623392 0.630399 0.651498 0.624956 0.633383 0.640344 0.611398 0.635086 0.614317 0.637624 0.615908 0.624717 0.650044
0.613412 0.613826 0.612945 0.634444 0.619741 0.650065 0.638000 0.633143 0.616018 0.620593 0.612518 0.615241 0.613296 0.626368 0.613230 0.609407 0.614187 0.641628 0.640106 0.632873 0.628948 0.633522 0.635902 0.629344 0.639895 0.612005 0.645324 0.638000 0.633056 0.617652 0.616477 0.656896 0.632151 0.641976 0.636570 0.622860 0.622860 0.625559 0.633539 0.642711 0.634938 0.655274 0.654850 0.659164 0.668446 0.616007 0.634207 0.634922 0.630399 0.620429 0.641079 0.633817 0.633817 0.640344 0.668718 0.610942 0.610942 0.612092 0.614317 0.640258 0.640258 0.606830 0.615265
