Example_Watersheds/WA_MashelWatershed/DataInputs/o_3_ChemistryPools/Mashel_1990_Pools/N_g_AgStem.asc
ncols         923
nrows         455
xllcorner     550005.67551598
yllcorner     5180549.8134422
cellsize      30
NODATA_value  -9999
[rows 378 to 404 of 455, columns 488 to 548 of 923]
9.514027 7.670688 15.957718 2.527041 0.701000 1.980794 0.638309 7.353309 1.743819 1.027310 2.779118 7.531888 1.371619 15.362840 20.195502 15.892147 15.892147 17.974887 19.683006 23.879081 13.553182 14.480205 3.922949 1.743819 0.455935 7.525714 0.455935 9.312511 8.380076 7.896590 8.676357 11.791968 11.937920 13.978137 13.359024 8.290001 8.290001 8.585455 9.642532 5.414027 8.980335 11.482571 15.838205 18.817748 15.043212 10.200646 16.426369 18.191679 16.494872 10.774231 6.666404 14.675364 12.595571 8.633920 25.945380 30.322297 26.924030 13.914054 13.202019 19.872929 19.872929
7.134652 9.186534 9.900830 7.727103 3.829713 8.796664 8.762272 2.352021 6.409638 1.133027 0.763691 3.693177 10.161787 23.577773 13.155550 7.202428 13.789546 22.475195 19.188649 10.911441 17.389256 12.511656 8.750811 2.916184 1.900648 1.900648 1.291897 0.455935 9.624996 5.724958 10.533229 8.676357 7.885280 8.911409 8.290001 10.042404 8.290001 8.392130 7.033123 7.670688 8.609681 8.991828 13.283374 18.817748 12.101501 20.704439 25.728056 9.144608 10.106282 8.003289 6.666404 16.656133 16.656133 18.853819 13.005116 26.240083 35.615296 19.733282 19.160630 18.197506 16.733844
9.174551 8.452452 12.421837 11.655377 9.312511 14.905392 7.185477 5.295670 11.381784 0.604114 1.282450 2.737075 0.455935 5.323816 15.844197 8.177460 22.441594 22.441594 17.203482 6.858648 8.664238 13.155550 21.278552 12.754687 14.899403 1.628724 1.743819 0.455935 2.695095 5.724958 8.307820 8.991828 5.719321 5.374532 8.410218 5.363256 8.980335 6.701584 8.796664 10.350577 13.931852 11.015724 16.290270 11.655377 9.084771 9.084771 18.209160 11.838652 10.106282 12.194488 10.993770 16.494872 10.545745 10.006984 17.454707 16.881683 11.972977 11.844489 16.881683 19.171838 8.154968
9.753693 8.452452 11.458764 9.174551 14.126838 0.893376 12.451766 14.658837 11.381784 0.455935 1.743819 1.211140 5.578103 1.063110 2.958490 7.873971 0.752293 5.301298 9.252484 7.681968 19.003722 23.025141 19.211063 11.721020 3.016762 0.609813 5.476176 4.533112 3.206006 3.355437 9.264484 8.627859 7.550418 14.510077 10.664803 8.239341 4.864095 8.392130 14.905392 16.972313 13.848819 12.392316 10.873022 9.695166 18.493016 16.656133 8.003289 9.695166 13.978137 18.191679 9.900830 6.999316 13.318255 17.577119 10.250615 23.190318 16.420698 6.375025 19.183045 16.881683 6.864269
10.012886 4.981947 1.772457 9.049320 5.284418 8.031359 14.653328 4.798795 5.090038 1.158668 8.104381 1.599814 0.944713 0.490130 0.809285 0.678204 2.415294 2.068740 2.278913 12.547610 16.830709 19.962138 25.012819 7.715817 3.339964 1.329542 8.452452 8.476605 0.925973 0.925973 5.141377 12.211931 7.568959 13.789546 6.053420 11.004747 4.787921 7.482525 10.520718 17.239735 13.848819 11.026701 14.351436 17.484466 24.749661 17.496371 13.429592 9.695166 19.845001 18.925986 13.494314 14.201221 10.476952 12.811579 10.250615 16.494872 16.494872 18.877871 14.184054 9.473186 25.993733
9.514027 2.352021 3.983448 6.813204 8.410218 10.834603 2.039344 2.264278 2.700339 2.831758 2.700339 17.957064 13.033639 6.363494 1.128723 1.063110 2.166605 4.619696 5.453564 13.155550 22.730215 22.730215 8.664238 9.730277 6.742669 8.722167 2.647940 1.310748 2.695095 2.254519 2.210581 13.103290 13.155550 13.789546 6.830552 5.164222 6.898004 13.022200 12.264274 16.290270 16.494872 11.879516 15.175084 16.392342 9.695166 18.075167 24.361509 17.974887 33.502262 33.502262 27.331248 19.465498 16.233571 18.853819 20.704439 12.194488 9.270485 18.877871 14.063915 20.258202 26.722909
2.054044 2.995559 9.514027 10.834603 3.655265 10.834603 1.753371 4.749880 0.455935 4.695592 4.456910 4.641368 13.033639 11.222662 11.222662 1.815310 0.455935 0.455935 0.455935 8.177460 13.155550 19.683006 13.016505 8.177460 6.619549 11.222662 2.142156 2.249639 3.324494 1.348279 1.263512 8.991828 12.896944 14.388207 8.494728 7.653772 8.036974 29.224386 12.959564 7.710174 17.957064 14.382077 19.098989 12.673564 7.997676 8.132481 15.507902 26.857781 29.116539 35.855759 18.406229 12.124741 16.034325 17.974887 16.632231 16.949655 16.261920 10.211749 17.751766 10.873022 12.439793
4.598034 10.834603 10.206197 6.789678 12.891252 3.682284 10.785207 2.049144 1.366958 5.192803 3.634546 7.494859 5.095738 7.027487 1.514330 1.781990 0.484431 0.455935 3.242046 5.985108 11.679241 15.158019 29.004266 13.016505 4.959242 2.873940 2.054044 2.969076 3.634546 4.143046 2.642706 3.868066 15.844197 15.844197 25.012819 5.815260 5.803961 23.339837 23.957575 20.252502 18.191679 9.390646 15.180772 7.544240 7.997676 34.238384 35.615296 35.855759 23.778362 23.303303 21.703603 12.124741 23.656394 28.396149 35.139893 11.762801 11.879516 22.212601 17.751766 8.739352 4.959242
11.978821 6.277118 7.482525 13.406065 10.306145 10.306145 11.559990 5.232862 0.581317 0.455935 0.893376 6.099203 6.801439 9.055071 2.556151 1.743819 0.455935 1.786755 16.290270 8.104381 1.905375 14.548648 14.995256 15.844197 6.248368 8.138103 8.138103 9.455690 3.016762 0.893376 29.392852 18.763717 6.145040 7.134652 7.603044 9.026318 17.282042 23.339837 29.392852 17.173280 13.300814 9.695166 23.235512 20.252502 30.571133 17.968946 16.774075 24.649174 14.006726 17.565852 16.140456 17.239735 35.855759 35.855759 18.267417 16.494872 9.204512 5.255777 7.857011 18.359952 19.359086
10.595838 8.859753 6.601994 4.722728 8.997575 3.682284 1.436495 4.847761 0.455935 0.455935 1.018273 0.626911 1.287175 10.311699 2.700339 0.455935 0.455935 5.397095 5.397095 1.748596 15.118206 10.378350 18.533391 22.730215 29.004266 9.947990 9.765420 6.317403 0.695301 2.005026 3.417365 4.143046 1.976091 0.455935 6.173715 17.052540 29.392852 29.392852 19.020534 10.779719 12.613563 12.970951 17.844233 19.900856 35.855759 12.679567 15.158019 32.239501 12.165422 7.451712 26.037534 31.770944 35.139893 22.241697 11.797802 12.559597 14.029600 10.993770 10.993770 27.223229 22.654996
3.190567 6.346204 6.601994 10.552003 4.722728 8.301804 1.657580 2.647940 0.455935 0.455935 0.455935 0.455935 0.455935 0.871828 3.515530 0.455935 0.638309 2.716077 1.748596 16.650157 8.228087 9.824262 14.741467 25.865072 18.533391 25.865072 12.896944 5.284418 0.893376 5.922750 16.471743 29.392852 1.282450 6.789678 3.587950 9.619151 19.582599 14.201221 17.282042 12.386493 14.382077 11.559990 17.149123 20.828698 11.252108 13.347328 22.637639 17.968946 12.165422 19.845001 11.791968 35.139893 7.873971 25.745153 11.500430 12.559597 32.271558 30.317010 24.612671 29.349205 20.115485
4.192396 8.859753 6.456018 11.458764 10.552003 6.982419 2.352021 4.847761 4.782484 0.763691 0.695301 1.604636 0.455935 3.164841 4.842318 0.455935 2.831758 2.747580 2.916184 5.476176 14.144001 5.561095 15.940044 29.004266 15.844197 18.533391 26.261836 8.138103 2.689851 12.101501 12.101501 23.156422 29.392852 6.807321 1.473253 2.210581 11.043168 19.582599 8.194333 9.467354 5.945414 11.559990 8.627859 9.525700 5.651734 5.934080 14.774516 13.364903 10.445715 25.290346 21.511499 34.238384 8.025744 14.063915 8.278741 22.654996 25.993733 25.993733 33.765792 35.028450 28.162356
7.242967 6.456018 9.531538 8.410218 6.248368 6.537694 1.464085 1.172778 0.893376 0.832108 0.455935 4.560152 0.455935 3.164841 10.289485 5.374532 0.455935 0.473033 0.569919 3.355437 14.144001 14.647819 14.647819 11.932078 23.567072 18.533391 21.516847 12.246824 13.896259 13.724380 11.059634 30.609837 23.121099 1.366958 4.874988 3.994462 5.301298 26.240083 20.763330 14.069635 4.825992 8.585455 8.894187 9.959785 4.581795 14.603744 12.469729 9.126650 22.935678 18.853819 18.853819 11.334607 8.149346 13.091680 11.099099 18.602475 29.134609 20.663294 35.028450 32.498787 27.223229
6.473505 11.054145 9.312511 6.456018 6.719186 8.627859 1.464085 0.893376 4.706444 0.893376 1.454903 0.455935 0.455935 0.518626 5.922750 5.922750 0.530025 0.455935 0.587017 2.637472 7.580509 23.957575 12.252641 14.995256 25.630417 25.865072 25.865072 18.145068 16.887347 14.103955 7.538064 33.253427 33.647224 3.644904 2.570699 3.994462 23.339837 15.507902 19.900856 15.507902 6.392328 6.836170 13.617969 7.544240 8.940121 11.305134 9.126650 11.364090 15.712431 8.290001 10.311699 4.913882 8.149346 25.330215 24.247998 32.271558 25.993733 27.025306 35.615296 32.498787 27.928968
12.019737 9.312511 5.719321 6.248368 9.514027 8.410218 1.772457 1.772457 2.171493 10.400570 11.655377 0.893376 0.455935 1.848555 1.872257 2.695095 2.695095 0.972561 8.416249 19.149423 15.455654 18.533391 10.922418 13.172974 7.681968 24.559743 17.329778 18.498803 15.940044 13.062657 8.020130 26.485128 30.781315 23.339837 23.339837 1.427270 1.107071 14.614763 25.993733 22.559194 8.500770 15.043212 12.703496 4.777049 9.671769 11.305134 10.400570 14.719433 8.819600 2.847569 6.259865 3.381234 6.909253 24.492860 33.647224 35.028450 24.612671 35.139893 35.139893 22.654996 35.139893
10.894975 7.659410 12.334099 6.398097 3.758629 10.834603 2.679368 15.595013 12.113121 15.760330 4.942224 1.334232 0.455935 0.455935 1.418031 2.637472 4.495283 0.972561 7.681968 13.103290 23.957575 29.392852 24.055938 9.270485 7.681968 20.434978 29.392852 29.392852 20.434978 17.389256 16.403684 15.007243 21.799854 29.392852 8.494728 2.073638 4.390575 4.614280 19.822658 19.115801 8.205583 12.124741 13.022200 9.549052 5.758798 12.124741 3.048596 7.038759 13.190401 3.360596 9.549052 17.802682 12.392316 29.392852 29.392852 28.298859 24.612671 24.612671 35.139893 23.470736 22.654996
10.834603 10.834603 10.501956 6.398097 15.420829 11.721020 0.893376 15.670539 23.778362 15.742366 4.942224 4.847761 1.040801 1.801039 6.087752 0.455935 4.241825 17.023298 7.681968 7.681968 21.680032 20.628032 25.012819 18.533391 16.887347 18.209160 12.553603 24.697856 21.137487 12.541616 20.224001 6.526015 17.000637 29.392852 29.392852 2.009930 4.970592 0.455935 15.455654 18.446727 17.239735 10.295038 14.735959 1.881727 7.817451 12.822960 10.211749 10.595838 8.087525 7.191127 5.510120 8.362001 3.939436 29.224386 23.235512 23.235512 24.612671 7.414776 21.278552 21.944213 13.659251
10.834603 4.815111 14.791665 8.819600 16.380999 20.072530 8.997575 14.388207 18.631263 12.931098 4.346428 1.772457 1.366958 1.080799 0.478732 9.420709 0.547122 13.476659 11.122622 12.392316 19.498957 18.446727 26.261836 18.968099 18.533391 17.389256 17.257865 18.533391 8.756541 9.174551 11.010235 7.873971 15.386010 26.261836 29.392852 8.188708 0.495830 0.455935 6.317403 3.016762 18.365736 15.754342 22.695497 8.267482 7.851358 10.178440 7.402473 8.154968 9.918512 7.191127 3.117690 3.479347 13.364903 15.260416 6.432730 11.458764 10.715021 3.252347 12.936791 5.397095 0.455935
7.676328 13.406065 12.783132 12.783132 9.695166 14.195498 14.983270 11.548074 20.675049 21.973442 24.821921 0.893376 1.080799 0.854323 0.455935 4.787921 8.750811 13.736226 29.392852 18.446727 16.256250 18.446727 18.648537 8.098762 13.103290 29.392852 29.392852 23.121099 8.756541 8.104381 24.198942 24.198942 19.320392 16.830709 27.637206 29.311664 17.052540 1.810555 1.590165 1.413406 5.968092 16.341304 8.664238 22.817020 16.494872 10.664803 14.510077 8.020130 11.070611 4.258318 2.647940 4.258318 12.171235 0.775090 6.053420 7.390175 16.494872 5.436614 5.436614 7.952784 0.455935
12.334099 9.174551 9.174551 11.655377 7.676328 17.000637 14.284062 11.548074 14.708416 14.424994 6.179452 2.049144 1.080799 0.854323 0.455935 6.041982 18.533391 24.425970 18.859832 11.949605 18.446727 26.261836 19.962138 19.962138 11.655377 29.392852 26.261836 21.638788 13.155550 17.746132 19.683006 20.502428 17.974887 16.392342 29.392852 29.392852 19.582599 2.932042 1.201571 0.916550 1.244518 13.523745 9.660073 18.706123 14.510077 8.500770 17.599653 29.392852 23.121099 23.795149 3.443184 3.443184 0.455935 0.455935 0.455935 2.873940 0.455935 0.455935 0.455935 0.455935 0.455935
12.334099 7.631222 9.312511 11.275671 10.834603 8.368025 13.931852 15.624058 10.938884 9.965683 11.655377 1.753371 0.455935 0.592716 0.455935 0.455935 6.695718 14.995256 29.392852 29.392852 18.859832 11.625556 10.627173 29.311664 26.261836 29.392852 18.763717 12.252641 12.607565 16.697972 19.683006 10.938884 15.808247 19.962138 21.468711 29.392852 19.498957 12.334099 5.521442 0.455935 1.115758 7.316486 5.267241 13.190401 19.766799 16.887347 10.317253 29.392852 29.392852 29.392852 18.877871 5.758798 0.455935 0.455935 0.455935 0.455935 0.455935 0.455935 0.455935 0.455935 0.455935
15.140956 12.661561 7.941564 8.573347 10.834603 1.772457 20.072530 17.118933 14.983270 20.060260 16.709928 2.684609 0.893376 0.893376 0.849909 0.827620 2.695095 9.589935 21.769554 29.392852 23.957575 16.318621 17.282042 18.907941 18.533391 29.392852 12.726246 11.738932 16.830709 21.278552 19.683006 16.398013 15.808247 19.962138 16.830709 16.830709 27.123158 10.768743 13.955268 12.060669 1.027310 2.308169 1.301330 11.488523 22.519995 21.099418 17.605287 6.999316 12.800200 11.387683 13.500200 3.531042 0.478732 0.592716 0.455935 0.455935 0.455935 0.455935 0.455935 0.455935 0.455935
18.377305 12.661561 8.149346 8.452452 6.456018 8.773734 2.689851 14.058196 21.121173 11.631519 20.127106 2.684609 0.893376 0.455935 0.455935 0.893376 3.278105 8.911409 21.769554 17.915486 15.706445 22.066990 24.409083 22.066990 19.962138 29.392852 17.582752 17.582752 19.384893 15.754342 18.133416 13.155550 25.312397 16.830709 19.962138 16.830709 25.012819 10.768743 11.661342 8.188708 3.283258 1.324849 3.720430 0.455935 22.519995 13.435474 29.311664 16.762748 9.455690 16.057904 6.909253 4.258318 1.394870 0.455935 0.455935 0.455935 0.455935 0.530025 0.455935 0.455935 0.455935
20.810869 15.647297 12.661561 9.312511 6.456018 7.625586 3.334807 10.156236 3.334807 7.676328 7.225036 1.334232 2.674127 1.464085 0.455935 6.311646 16.028431 20.422718 23.957575 29.392852 29.392852 19.054158 13.736226 11.222662 16.830709 17.684159 13.155550 17.826424 13.155550 15.844197 14.480205 19.683006 16.830709 12.487695 22.218420 29.392852 23.795149 9.724424 9.724424 24.919324 25.012819 2.415294 2.210581 9.525700 9.936197 13.062657 14.155444 10.106282 29.224386 8.603623 7.710174 9.408694 5.204243 0.907092 0.455935 0.598415 0.455935 0.530025 0.455935 0.455935 0.455935
14.899403 15.647297 11.240328 8.149346 8.951609 5.284418 11.559990 8.773734 6.813204 12.334099 11.548074 2.990260 4.755313 1.527959 1.133027 0.467334 14.018163 13.335698 25.122075 18.950050 29.392852 22.759148 10.721302 16.046114 13.335698 24.355562 15.455654 16.921333 15.844197 15.844197 13.016505 17.490418 14.642310 14.642310 17.185360 18.446727 23.795149 5.335080 16.380999 16.380999 12.896944 25.012819 2.493058 1.427270 3.587950 4.324378 7.439395 17.185360 20.252502 17.490418 12.822960 10.106282 2.386101 0.478732 0.632610 0.644008 2.497914 0.455935 0.455935 0.455935 0.455935
15.886152 12.661561 9.174551 7.941564 7.941564 11.536161 6.053420 5.572433 3.983448 15.152331 13.884397 9.174551 7.834403 0.935360 0.893376 0.467334 1.848555 18.267417 24.009648 18.950050 22.066990 23.969147 10.721302 17.734864 21.866534 27.196900 16.199447 19.571448 23.957575 18.533391 13.523745 17.282042 17.282042 17.383307 13.155550 18.533391 13.016505 18.446727 6.225382 14.001008 25.012819 25.012819 17.300048 1.748596 1.590165 4.942224 17.684159 6.578599 8.597566 8.025744 10.595838 9.531538 0.907092 1.427270 3.851622 1.695969 0.666805 0.455935 0.455935 0.455935 0.455935
9.174551 14.899403 9.174551 7.941564 8.664238 9.514027 9.514027 3.742251 3.983448 21.811976 17.112896 10.233957 6.971157 2.332536 0.809522 0.478732 5.781374 14.664346 12.896944 11.655377 19.616054 29.392852 20.968854 18.631263 18.631263 23.121099 13.155550 19.320392 14.642310 29.224386 23.957575 11.393582 8.194333 10.400570 9.204512 10.911441 18.446727 18.446727 5.335080 10.900464 19.582599 18.950050 12.896944 8.188708 1.834317 1.628724 1.459496 0.884801 9.210506 5.696780 12.822960 20.017323 13.178783 9.026318 4.225340 5.385812 2.429884 0.455935 0.455935 0.455935 0.455935
