Example_Watersheds/WA_MashelWatershed/DataInputs/o_3_ChemistryPools/Mashel_1990_Pools/N_g_BgStem.asc
ncols         923
nrows         455
xllcorner     550005.67551598
yllcorner     5180549.8134422
cellsize      30
NODATA_value  -9999
[rows 28 to 55 of 455, columns 567 to 629 of 923]
0.919909 0.929289 0.919909 1.627183 1.436098 1.384106 1.221052 0.932807 1.785402 1.864597 3.323902 2.219571 2.763560 1.234492 1.864597 1.161129 1.276082 1.296867 1.161129 1.276082 1.276082 1.023025 0.606235 1.763404 4.562123 3.259866 0.986189 0.795148 0.795148 1.808638 1.047949 3.148916 2.921258 2.642554 0.397990 0.419669 0.548128 0.369141 0.576258 0.387025 0.333247 0.474463 0.223152 0.218051 0.407788 0.349501 0.234616 0.134066 0.134066 0.207803 0.201099 0.221128 0.592358 0.134066 0.134066 0.259576 0.134066 0.134066 0.134066 0.232156 0.134066 0.134066 0.134066
0.926944 0.525203 1.851898 0.958884 0.826764 0.460977 1.828217 1.646441 1.665731 1.454784 0.957698 1.748708 2.490107 1.849360 1.892571 3.091145 2.521623 1.296867 0.808706 1.276082 1.276082 0.922254 1.050323 1.296867 1.652867 0.986189 1.469767 1.091919 0.606235 2.224511 1.202744 2.941527 4.148372 2.864684 0.452608 0.189369 0.223152 0.471363 0.474463 0.226237 0.226237 0.481027 0.438893 0.302556 0.268948 0.448403 0.564391 0.477687 0.222885 0.196072 0.231264 0.186017 0.134066 0.147473 0.134066 0.134066 0.134066 0.134066 0.226237 0.134066 0.152500 0.134066 0.275048
2.729132 0.847282 1.674744 2.729132 2.729132 2.579880 1.374224 4.145614 3.611876 1.665731 1.811085 1.327480 2.095623 2.950406 2.563404 2.738054 1.326254 0.826764 1.112249 1.276082 1.161129 1.088351 0.654490 0.795148 0.562228 1.543158 1.469767 0.931634 0.547041 1.012337 2.642554 1.615644 1.615644 1.581129 0.629733 0.382615 0.224156 0.246669 0.296009 0.334277 0.429315 0.459934 0.360396 0.369141 0.474463 0.786102 0.489915 0.474463 0.226237 0.317570 0.225155 0.162555 0.253181 0.264815 0.230066 0.553560 0.230066 0.142445 0.211154 0.237968 0.237968 0.134066 0.234425
1.896389 1.565199 1.331157 3.001245 0.662351 2.579880 1.655439 1.800076 3.414172 2.003434 1.674744 1.759739 2.095623 2.950406 2.057856 1.070519 1.376694 2.482562 1.205184 1.944060 1.945296 1.360645 1.122010 0.950581 0.950581 0.477687 0.562228 0.562228 0.977875 0.892953 1.503538 1.457280 1.996002 1.017094 1.172152 2.514033 0.330145 0.343462 0.273028 0.564391 0.347496 0.564391 0.342449 0.385924 0.344473 0.363328 0.454705 0.369141 0.216182 0.258518 0.191044 0.134066 0.134066 0.170935 0.236292 0.406702 0.192720 0.373933 0.134066 0.134066 0.134066 0.134066 0.134066
2.558336 1.468518 0.843771 1.912946 0.974313 1.050323 1.487268 0.552474 0.846112 0.992129 3.867880 1.759739 2.349288 2.562137 2.003434 1.205184 2.047719 2.047719 0.671326 1.276082 1.285860 1.845552 1.284637 1.257734 1.119569 0.624095 1.276082 1.276082 0.531772 0.456799 0.783839 0.408872 0.385924 1.432378 0.616195 0.588073 0.319685 0.397990 0.290742 0.346490 0.474463 0.353489 0.504302 0.227135 0.227135 0.420745 0.287863 0.332215 0.339399 0.134066 0.219082 0.144121 0.134066 0.134066 0.268948 0.134066 0.446296 0.134066 0.134066 0.174286 0.225155 0.134066 0.231264
1.950239 1.333610 2.541873 3.599082 0.752129 0.752129 2.578612 0.675809 0.666840 0.671326 0.832403 2.375635 2.749529 3.940143 2.419163 1.296867 1.296867 0.536143 0.994505 2.047719 1.845552 1.314003 1.221052 1.257734 0.932807 1.307881 0.624095 0.795148 0.877724 0.830147 0.783839 0.179314 0.582709 0.999259 0.541597 0.419669 0.419669 0.362353 2.908680 0.539417 0.400173 0.278055 0.394710 0.400173 0.219082 0.134066 0.224561 0.331181 0.134066 0.134066 0.134066 0.134066 0.134066 0.134066 0.134066 0.134066 0.237968 0.231032 0.134066 0.219082 0.401264 0.134066 0.134066
1.916769 1.916769 1.276082 0.976688 3.728700 1.256510 1.039638 0.755530 0.636492 0.671326 0.976688 2.175636 3.940143 3.044656 0.603039 2.164351 1.296867 1.276082 0.767993 1.166027 1.296867 0.700421 1.467269 1.276082 0.589145 0.731706 0.941095 0.826764 1.202744 1.202744 1.655439 0.535051 0.349501 0.471363 0.673568 0.315448 0.413201 1.670880 0.230066 0.397990 0.394710 0.381511 0.380406 0.411038 0.292710 0.167583 0.134066 0.134066 0.134066 0.134066 0.134066 0.134066 0.134066 0.134066 0.134066 0.134066 0.134066 0.134066 0.134066 0.194396 0.134066 0.257458 0.134066
1.050323 1.519827 1.276082 1.023025 2.031259 1.296867 1.296867 1.188091 0.562228 0.414281 1.174603 1.518573 1.960128 1.910398 1.735210 1.732757 1.175828 1.349557 1.604432 1.276082 1.426181 1.426181 0.813223 1.043199 1.590938 0.562228 1.779290 0.477687 1.858247 0.926944 0.374886 0.474463 0.673568 0.486585 0.457845 0.779314 0.615066 0.418593 0.268948 0.300381 0.222143 0.730571 0.300381 0.342449 0.312250 0.144121 0.134066 0.134066 0.134066 0.213872 0.134066 0.134066 0.134066 0.134066 0.134066 0.222885 0.134066 0.202775 0.134066 0.134066 0.134066 0.134066 0.134066
1.618207 0.795148 0.795148 0.795148 1.276082 1.444804 0.562228 0.562228 0.779314 1.276082 0.653367 2.047719 1.855707 0.928116 1.166027 1.984864 1.276082 1.043199 1.845552 1.109810 1.882393 1.882393 2.086892 1.161129 1.252838 1.161129 0.562228 0.477687 1.032517 0.351499 0.791756 0.673568 0.673568 0.159204 0.457845 0.352495 0.594497 0.556814 0.222885 0.447350 0.369141 0.369141 0.238923 0.417517 0.369141 0.231264 0.134066 0.189369 0.134066 0.134066 0.134066 0.134066 0.134066 0.134066 0.134066 0.134066 0.134066 0.134066 0.134066 0.134066 0.152500 0.134066 0.296009
0.795148 0.795148 1.276082 1.276082 0.914048 0.914048 0.795148 0.918737 1.202744 1.174603 0.551389 1.344649 1.241828 0.928116 2.045186 2.381680 2.548204 1.296867 0.968378 1.934176 1.882393 2.078144 2.549470 0.876553 2.766112 1.161129 2.091881 1.002825 1.528476 0.792887 0.463061 2.914969 1.652867 1.652867 0.266888 0.334277 0.539417 0.371063 0.466181 0.387025 0.351499 0.249940 0.229095 0.369141 0.229588 0.240039 0.389225 0.154176 0.134066 0.134066 0.134066 0.218051 0.134066 0.157528 0.134066 0.344473 0.211154 0.167583 0.144121 0.134066 0.134066 0.134066 0.169259
1.565199 0.795148 0.779314 0.813223 0.795148 1.499782 0.795148 1.202744 1.202744 1.461025 1.411318 0.823380 1.629749 1.628466 1.748708 1.782957 2.516562 1.812308 1.032517 2.602439 2.454914 1.174603 2.148068 0.958884 1.381635 1.381635 1.161129 2.978327 0.536143 0.653367 0.447350 4.078476 0.835785 0.878895 0.431450 0.487696 0.473430 0.224156 0.281032 0.329108 0.474463 0.206127 0.134066 0.157528 0.513121 0.334277 0.311181 0.242262 0.206127 0.134066 0.134066 0.134066 0.134066 0.134066 0.134066 0.226237 0.184341 0.197748 0.144121 0.224561 0.134066 0.134066 0.134066
1.673456 1.565199 0.813223 0.795148 1.202744 0.795148 1.202744 1.202744 1.028957 0.829020 2.130575 0.795148 1.276082 1.167251 1.276082 1.646441 1.940353 2.535543 2.850904 1.301761 1.202744 5.006694 3.770037 1.813532 3.144988 3.281921 0.922254 1.219831 1.996002 2.645062 1.049136 4.078476 0.411038 0.474463 0.580560 0.220108 0.192720 0.199424 0.281032 0.245572 0.274040 0.134066 0.169259 0.335305 0.530678 0.530678 0.375976 0.362353 0.235554 0.331181 0.144121 0.134066 0.134066 0.207803 0.144121 0.180989 0.285928 0.134066 0.194396 0.213872 0.134066 0.134066 0.292710
1.882393 1.347103 0.562228 0.508715 0.918737 0.918737 1.390287 0.562228 1.284637 1.202744 0.562228 0.795148 0.562228 1.276082 1.251614 1.400180 2.219571 2.535543 2.430046 2.409490 3.569826 1.996002 1.651582 3.135826 3.144988 5.006694 3.566011 2.588659 2.921258 1.464771 4.114324 0.519717 0.339399 0.428247 0.209479 0.169259 0.499883 0.499883 0.241153 0.170935 0.285928 0.134066 0.134066 0.170935 0.216182 0.356461 0.331181 0.358432 0.194396 0.144121 0.134066 0.134066 0.134066 0.372022 0.194396 0.400173 0.253181 0.236292 0.134066 0.134066 0.217014 0.144121 0.134066
1.492272 1.882393 1.882393 0.517520 0.517520 0.536143 0.779314 0.562228 0.680290 1.072896 0.562228 0.795148 1.023025 0.589145 1.789070 1.072896 0.589145 2.437333 1.584807 1.789070 3.221680 0.794017 1.411318 3.794153 2.681370 1.224716 2.530480 2.824852 1.202744 2.104357 2.104357 3.169874 0.554645 0.380406 0.474463 0.280042 0.360396 0.360396 0.474463 0.372022 0.180989 0.134066 0.134066 0.201099 0.342449 0.134066 0.134066 0.196072 0.231032 0.139094 0.134066 0.269973 0.167583 0.283979 0.448403 0.493242 0.253181 0.364301 0.364301 0.192720 0.353489 0.363328 0.236292
2.430046 1.234492 1.586033 0.552474 0.525203 0.517520 1.039638 0.795148 1.686182 1.897662 1.516066 1.355711 0.954139 1.978678 3.144988 2.130575 2.738054 1.266307 3.144988 4.562123 3.770037 2.824852 2.824852 1.352012 2.906164 3.333987 1.337288 1.239382 1.080028 2.158083 2.269478 2.725310 2.397398 0.380406 0.451558 0.280042 0.474463 0.159204 0.216182 0.134066 0.182665 0.134066 0.134066 0.134066 0.274040 0.134066 0.142445 0.412120 0.174286 0.174286 0.134066 0.172610 0.337355 0.339399 0.407788 0.264815 0.396898 0.157528 0.325984 0.134066 0.349501 0.191044 0.134066
1.909124 0.642121 1.851898 1.673456 1.882393 0.553560 1.276082 2.027462 2.738054 1.684957 1.716815 4.562123 1.790293 3.144988 2.955481 4.562123 2.130575 2.991039 5.006694 3.307519 5.006694 5.006694 4.114324 5.006694 4.520557 2.795091 0.830147 1.989814 1.080028 2.725310 0.830147 1.123231 0.422892 0.407788 0.578410 0.346490 0.382615 0.346490 0.134066 0.154176 0.134066 0.134066 0.134066 0.134066 0.170935 0.311181 0.557897 0.144121 0.217014 0.135742 0.134066 0.282017 0.396898 0.218051 0.179314 0.537235 0.149149 0.391421 0.236292 0.172610 0.144121 0.175962 0.134066
1.909124 2.148068 1.000447 1.624618 1.491021 1.327480 1.327480 0.932807 0.961257 0.998070 1.077650 4.562123 3.770037 3.770037 2.955481 1.224716 1.147668 3.585088 5.006694 2.367172 4.562123 1.441063 2.368381 2.892333 1.664444 0.783839 2.873479 2.892333 2.991039 1.501034 0.830147 0.979063 0.744190 0.474463 0.474463 0.698187 0.378192 0.327027 0.341434 0.419669 0.400173 0.134066 0.157528 0.201099 0.234616 0.678050 0.139094 0.229588 0.134066 0.134066 0.134066 0.332215 0.346490 0.134066 0.283000 0.306884 0.598771 0.342449 0.372022 0.194396 0.144121 0.149149 0.134066
1.586033 0.630860 1.058637 1.272417 1.412556 3.671155 1.501034 0.783839 1.813532 1.729077 3.259866 3.165943 4.114324 3.083627 2.181908 0.982625 0.986189 1.144000 0.998070 1.080028 0.830147 2.027462 4.137343 2.593670 1.619489 0.944651 0.944651 3.606717 5.006694 2.811210 3.144988 0.758930 0.875382 0.711583 0.608364 0.636492 0.515322 0.396898 2.616224 0.220108 0.303641 0.134066 0.134066 0.311181 0.211750 0.549216 0.139094 0.134066 0.139094 0.154176 0.134066 0.134066 0.215972 0.134066 0.154176 0.134066 0.144121 0.154176 0.304724 0.197748 0.170935 0.134066 0.134066
1.838011 1.276082 1.650297 2.241523 2.403444 2.858402 1.813532 1.834338 2.029993 4.562123 1.453536 2.826092 2.740604 3.396254 3.531345 1.981153 0.783839 2.027462 0.481027 0.864842 0.783839 0.830147 1.599524 0.784971 2.062926 1.719267 0.581635 0.931634 5.006694 2.738054 0.635366 0.995693 0.875382 0.609428 0.405616 0.562228 0.573026 0.371063 0.573026 0.220108 0.372022 0.251024 0.371063 0.260630 0.235554 0.552474 0.552474 0.331181 0.134066 0.273028 0.134066 0.232940 0.134066 0.134066 0.419669 0.134066 0.175962 0.144121 0.297105 0.275048 0.134066 0.362353 0.134066
1.838011 1.183185 0.873039 2.602439 2.403444 2.824852 2.824852 1.789070 1.806191 0.986189 2.991039 2.991039 1.814755 2.535543 1.501034 2.458683 0.830147 0.652243 0.481027 0.671326 0.639870 1.080028 1.599524 2.738054 0.524107 0.319685 1.474765 3.822113 2.365963 0.678050 1.125673 1.046761 0.783839 0.851964 0.352495 0.471363 0.758930 0.783839 0.783839 0.489915 0.403442 0.310109 0.633113 0.350501 0.277056 0.137418 0.134066 0.212830 0.154176 0.273028 0.340417 0.170935 0.134066 0.266888 0.134066 0.213872 0.134066 0.134066 0.134066 0.134066 0.134066 0.214925 0.265853
1.624618 2.312922 1.586033 1.586033 2.434883 2.824852 2.315517 2.175636 1.789070 2.458683 2.091881 2.458683 4.562123 2.558336 2.271909 1.814755 2.078144 1.511054 2.668852 1.765847 1.123231 0.717158 1.227159 1.813532 0.496564 0.312250 2.507718 4.036006 3.481904 0.593428 0.593428 0.626350 0.874210 0.557897 0.807577 0.640996 0.560064 0.518619 1.091919 0.794017 0.351499 0.474463 0.372022 0.372022 0.317570 0.186017 0.149149 0.477687 0.330145 0.137418 0.340417 0.264815 0.373933 0.222143 0.167583 0.244472 0.134066 0.134066 0.134066 0.196072 0.134066 0.170935 0.223152
2.859658 1.890026 2.131825 3.464873 1.468518 3.770037 0.878895 0.795148 0.801929 1.695981 1.835562 3.756627 3.259866 2.246384 0.830147 1.914220 4.562123 3.144988 0.986189 0.780445 1.137888 0.421819 0.830147 0.830147 3.705674 2.409490 4.058569 3.481904 2.729132 1.251614 0.914048 0.704888 0.557897 0.601973 0.842601 2.448634 0.560064 0.474463 3.154154 0.434645 0.240039 0.332215 0.567632 0.372022 0.416439 0.224156 0.300381 0.209479 0.596635 0.134066 0.134066 0.149149 0.678050 0.528489 0.665718 0.321792 0.212830 0.279050 0.134066 0.134066 0.134066 0.355472 0.236292
2.705167 2.019871 1.452288 2.921258 3.905262 1.817202 0.998070 0.736247 0.801929 2.328498 3.756627 2.725310 4.036006 2.676362 1.599524 1.599524 1.599524 2.203244 5.006694 0.675809 0.671326 0.469293 0.612808 2.146818 3.889769 4.123625 2.676362 2.725310 0.830147 1.061013 0.351499 0.482139 0.562228 0.651119 1.051511 0.452608 0.514222 0.281032 0.333247 0.230066 0.365273 0.474463 0.474463 0.419669 0.230066 0.332215 0.491025 0.554645 0.689244 0.434645 0.363328 0.581635 0.149149 0.287863 0.278055 0.180989 0.144121 0.155852 0.134066 0.134066 0.134066 0.134066 0.134066
1.584807 2.019871 1.763404 1.863327 1.207624 1.419986 0.646621 0.646621 1.088351 0.746459 1.946532 1.996002 2.776322 1.476015 1.159904 2.991039 0.873039 2.048986 3.481904 1.996002 2.676362 0.830147 2.942795 4.036006 3.786138 3.209376 0.830147 1.763404 1.061013 0.388125 0.531772 0.792887 1.345876 0.649995 0.760063 0.760063 0.533958 0.519717 0.412120 1.117129 0.727182 0.791756 0.354482 0.514222 0.419669 0.235554 0.590216 0.567632 0.733977 0.364301 0.363328 0.575181 0.187693 0.267919 0.278055 0.134066 0.236292 0.134066 0.134066 0.134066 0.134066 0.134066 0.189369
1.789070 0.553560 2.073070 0.841431 1.814755 1.056262 1.050323 0.693717 0.385924 0.922254 0.891781 0.918737 0.888267 1.573775 0.876553 0.986189 1.599524 1.499782 2.993590 3.705674 0.784971 2.882277 2.842219 4.562123 3.705674 4.562123 0.830147 0.830147 0.699304 0.616195 0.611678 0.482139 0.698187 0.332215 0.798539 0.604105 0.594497 0.578410 0.474463 0.634240 0.727182 0.477687 0.202775 0.362353 0.332215 0.581635 0.676929 0.567632 0.453657 0.317570 0.442071 0.671326 0.903499 0.134066 0.354482 0.137418 0.211750 0.222885 0.354482 0.624095 0.134066 0.216182 0.214925
1.390287 1.296867 2.557069 0.830147 1.080028 2.360993 1.934176 0.961257 0.660106 0.896468 0.773654 0.673568 0.888267 2.722761 1.503538 1.405129 1.080028 2.048986 1.716815 1.716815 2.725310 3.770037 1.289528 4.562123 3.786138 2.991039 3.705674 0.973126 0.726069 0.726069 0.585929 0.443128 0.407788 0.332215 0.349501 0.584856 0.340417 0.594497 0.423965 0.624095 0.870697 0.310109 0.140770 0.345483 1.265082 1.625901 0.779314 0.779314 0.634240 0.917564 0.945837 1.290751 0.274040 0.355472 0.155852 0.283979 0.292710 0.334277 0.231264 0.231264 0.134066 0.306884 0.197748
0.580560 1.161129 2.073070 1.447298 0.550302 2.360993 1.679897 1.224716 0.671326 2.663845 0.976688 0.976688 0.813223 1.541935 3.209376 2.376844 1.765847 2.993590 1.716815 4.562123 3.892344 3.219219 2.059123 2.993590 1.668305 1.716815 0.678050 0.367211 0.717158 0.796278 0.562228 0.603039 0.281032 0.328068 0.357447 0.976688 0.428247 0.315448 0.486585 0.486585 0.505406 0.237968 0.513121 0.743056 0.827892 0.654490 0.735112 0.397990 0.646621 0.465142 0.419669 1.177054 0.671326 0.489915 0.140770 0.140770 0.314384 0.317570 0.231264 0.280042 0.165907 0.221128 0.262729
0.579485 1.715589 2.535543 3.727421 3.727421 2.543139 3.330205 3.426975 2.813690 1.516066 0.830147 0.443128 1.085973 2.130575 2.480048 1.062201 0.830147 0.986189 1.650297 2.037588 2.832294 3.281921 3.795484 1.668305 0.986189 1.080028 0.796278 0.699304 0.530678 0.717158 0.639870 0.639870 0.426108 0.230066 0.414281 0.395804 0.626350 0.411038 0.523010 0.373933 0.230066 1.713137 0.446296 0.494350 0.827892 0.627478 0.654490 0.750995 0.957698 1.052698 0.340417 1.177054 0.345483 0.354482 0.134066 0.134066 0.283979 0.222143 0.262729 0.134066 0.239643 0.392518 0.238923
