Example_Watersheds/WA_MashelWatershed/DataInputs/o_3_ChemistryPools/Mashel_1990_Pools/N_g_root_3.asc
ncols         923
nrows         455
xllcorner     550005.67551598
yllcorner     5180549.8134422
cellsize      30
NODATA_value  -9999
[rows 56 to 83 of 455, columns 630 to 692 of 923]
0.076239 0.013495 0.009149 0.224381 0.542758 0.255377 0.249380 0.166269 0.115865 0.012009 0.009149 0.214606 0.014182 0.015325 0.009149 0.076239 0.076239 0.095708 0.035138 0.009149 0.009149 0.009149 0.009149 0.009149 0.009149 0.009149 0.010179 0.010179 0.031291 0.012352 0.009149 0.189992 0.194946 0.247389 0.086460 0.549083 0.119716 0.068275 0.009836 0.048576 0.252227 0.142753 0.105288 0.105288 0.009149 0.015897 0.085102 0.545933 0.453634 0.495174 0.489499 0.240438 0.120826 0.087826 0.080186 0.086915 0.129292 0.076674 0.013381 0.058045 0.158046 0.056414 0.112193
0.013267 0.009149 0.009149 0.013495 0.542533 0.240627 0.249380 0.206666 0.206666 0.110699 0.367862 0.249913 0.096651 0.110699 0.009149 0.009149 0.077985 0.009149 0.016126 0.009149 0.009149 0.009149 0.009149 0.009149 0.009149 0.009149 0.010636 0.011665 0.251416 0.086915 0.109708 0.090119 0.174845 0.150620 0.166910 0.581116 0.581116 0.489387 0.195499 0.009149 0.086915 0.153077 0.153077 0.011208 0.095237 0.365475 0.387531 0.265552 0.135073 0.574280 0.337538 0.220914 0.058045 0.010751 0.019529 0.136829 0.097597 0.119716 0.136829 0.058045 0.146361 0.212327 0.242823
0.009149 0.009149 0.014525 0.453753 0.455286 0.149397 0.250682 0.012695 0.063065 0.252776 0.241743 0.009149 0.120270 0.113694 0.058868 0.009149 0.009836 0.009149 0.009149 0.009149 0.009149 0.009149 0.009149 0.009149 0.009149 0.009149 0.009149 0.015440 0.157421 0.088283 0.198272 0.227866 0.097123 0.125310 0.218613 0.502179 0.595548 0.543030 0.195499 0.136242 0.157421 0.176448 0.023318 0.019529 0.181287 0.365475 0.290794 0.381327 0.290794 0.136829 0.365274 0.063920 0.058045 0.218039 0.021778 0.021778 0.102862 0.168837 0.100936 0.206666 0.165630 0.096179 0.068275
0.009149 0.009149 0.354823 0.295380 0.009149 0.018795 0.435396 0.139185 0.287943 0.063920 0.009492 0.009149 0.009149 0.009149 0.013838 0.009149 0.009149 0.009149 0.009149 0.009149 0.009149 0.009149 0.009149 0.010179 0.009149 0.010751 0.009149 0.015096 0.125310 0.242999 0.242999 0.227866 0.323750 0.044855 0.490443 0.009149 0.009149 0.290794 0.427071 0.132747 0.053215 0.099977 0.168837 0.034484 0.021020 0.471024 0.386189 0.103345 0.103345 0.132169 0.041973 0.073675 0.047821 0.058045 0.196052 0.114775 0.159927 0.136829 0.116412 0.216892 0.009149 0.009149 0.009149
0.009149 0.015096 0.009149 0.295380 0.277357 0.362835 0.058868 0.133327 0.256598 0.296503 0.009492 0.009149 0.009149 0.014639 0.009149 0.009149 0.009149 0.081962 0.009149 0.009149 0.009149 0.010179 0.013152 0.016126 0.009149 0.009149 0.104801 0.306854 0.125310 0.242107 0.112193 0.023318 0.573689 0.315393 0.508719 0.009149 0.009149 0.509830 0.295757 0.119716 0.119716 0.107735 0.279800 0.240438 0.192188 0.476479 0.279393 0.253702 0.308852 0.009149 0.027310 0.014525 0.050101 0.031919 0.112193 0.154932 0.009149 0.037809 0.015440 0.009378 0.009149 0.009149 0.009149
0.115865 0.009492 0.012809 0.019529 0.183451 0.022544 0.266773 0.195499 0.098071 0.099977 0.103345 0.015440 0.009836 0.022544 0.009149 0.009149 0.009149 0.009149 0.009149 0.009149 0.050872 0.010751 0.009149 0.009149 0.009149 0.156174 0.146966 0.125310 0.242999 0.112193 0.227866 0.603799 0.582493 0.593926 0.590185 0.202175 0.037133 0.041973 0.145154 0.059697 0.049336 0.238433 0.279800 0.215748 0.424117 0.595902 0.300265 0.129292 0.013038 0.009149 0.009149 0.009149 0.039176 0.083751 0.015668 0.009149 0.009149 0.085554 0.038490 0.009149 0.009149 0.009149 0.009149
0.076674 0.168837 0.013038 0.009149 0.040564 0.272879 0.213465 0.014296 0.227866 0.026495 0.104801 0.033835 0.016354 0.015942 0.050872 0.009149 0.012352 0.009149 0.010179 0.010179 0.010179 0.010751 0.025689 0.215748 0.215748 0.166269 0.125310 0.455580 0.222068 0.428641 0.558267 0.502275 0.542616 0.563229 0.553008 0.202175 0.108227 0.244038 0.084201 0.119716 0.014868 0.143352 0.238688 0.586606 0.505057 0.553008 0.093365 0.039176 0.009950 0.009149 0.016354 0.009149 0.009149 0.013838 0.073675 0.031919 0.017353 0.009149 0.056414 0.013038 0.009149 0.009149 0.009149
0.252000 0.176448 0.107735 0.061370 0.100456 0.212327 0.183993 0.014296 0.141560 0.084651 0.009149 0.009149 0.009149 0.032552 0.050872 0.012923 0.009149 0.009149 0.010179 0.009149 0.010636 0.010179 0.026495 0.211759 0.081517 0.534633 0.591485 0.576019 0.451267 0.573204 0.524707 0.578183 0.578271 0.560968 0.545422 0.253093 0.058868 0.136829 0.059697 0.009836 0.071854 0.033191 0.241559 0.422103 0.422103 0.367862 0.009149 0.009149 0.035138 0.014525 0.009149 0.009149 0.050872 0.009149 0.089659 0.145154 0.197716 0.086915 0.083303 0.009836 0.009149 0.009149 0.009149
0.252000 0.227866 0.105776 0.108720 0.308321 0.123059 0.197161 0.116412 0.009149 0.009149 0.016126 0.014753 0.036463 0.009149 0.011094 0.050872 0.016126 0.010179 0.032552 0.009149 0.009149 0.009149 0.307002 0.145757 0.234893 0.471345 0.543380 0.508094 0.578793 0.524707 0.502603 0.578271 0.545295 0.545422 0.365475 0.208359 0.109214 0.031291 0.012352 0.013953 0.009149 0.037133 0.034484 0.009149 0.138005 0.056414 0.009149 0.009492 0.011094 0.073675 0.014525 0.009149 0.015249 0.009149 0.009149 0.009149 0.017353 0.133908 0.043403 0.009149 0.009149 0.027310 0.009149
0.328339 0.298506 0.107244 0.119716 0.013953 0.043403 0.070951 0.170061 0.009149 0.009149 0.033191 0.044126 0.009149 0.013838 0.050872 0.009149 0.059697 0.009149 0.009149 0.009149 0.024890 0.009149 0.125310 0.319485 0.323004 0.501959 0.540095 0.573191 0.488541 0.524707 0.553008 0.583319 0.560968 0.132169 0.141560 0.108227 0.112193 0.276543 0.035798 0.013953 0.017353 0.009149 0.009149 0.009149 0.009149 0.009149 0.009149 0.009149 0.086915 0.010407 0.179670 0.092433 0.033835 0.009149 0.017353 0.022544 0.022544 0.009149 0.112692 0.015942 0.014525 0.009149 0.009149
0.238433 0.009149 0.207794 0.114775 0.077110 0.015554 0.013838 0.017353 0.050872 0.050872 0.031919 0.044126 0.009149 0.009149 0.009149 0.009149 0.009149 0.009149 0.009149 0.204978 0.225541 0.225541 0.293644 0.367862 0.507800 0.542285 0.501534 0.595989 0.502165 0.508382 0.553008 0.553008 0.276543 0.084651 0.087370 0.112193 0.016126 0.180208 0.112193 0.050872 0.009836 0.009149 0.009149 0.009149 0.009149 0.009149 0.009149 0.009149 0.009149 0.010293 0.013495 0.021778 0.009378 0.013038 0.015440 0.015942 0.013495 0.023318 0.009149 0.022544 0.009149 0.011894 0.009149
0.102379 0.361805 0.013495 0.010979 0.077110 0.072762 0.016126 0.017353 0.039176 0.098547 0.031919 0.009149 0.009149 0.009149 0.009149 0.040564 0.040564 0.009149 0.009149 0.357385 0.144552 0.478084 0.575681 0.561855 0.488541 0.578630 0.554692 0.499746 0.518555 0.562005 0.367862 0.267994 0.105288 0.009149 0.136829 0.035798 0.010522 0.112193 0.080186 0.104801 0.009149 0.009149 0.009149 0.009149 0.009149 0.009149 0.009149 0.009149 0.009149 0.009149 0.013495 0.031919 0.013038 0.022544 0.056414 0.009149 0.009149 0.023318 0.016643 0.009149 0.014067 0.010865 0.138595
0.096651 0.015783 0.016011 0.009149 0.009378 0.084651 0.168837 0.042686 0.015942 0.010751 0.022544 0.189992 0.015440 0.009149 0.010293 0.146966 0.396299 0.052429 0.078423 0.252776 0.112193 0.571866 0.561855 0.540095 0.540095 0.490971 0.549657 0.553008 0.437965 0.251769 0.454863 0.229032 0.123620 0.172182 0.010979 0.033191 0.087826 0.187258 0.087370 0.009149 0.010751 0.009836 0.009149 0.009149 0.010407 0.009149 0.009149 0.010407 0.009149 0.010064 0.016011 0.095708 0.015897 0.031919 0.009149 0.009149 0.076674 0.025689 0.039176 0.112193 0.112193 0.501279 0.009149
0.009149 0.009149 0.011551 0.016011 0.050872 0.013152 0.073675 0.033835 0.085102 0.009149 0.076239 0.201616 0.320243 0.261482 0.199941 0.146966 0.212327 0.248551 0.132747 0.105776 0.293644 0.561928 0.561855 0.540095 0.451267 0.451267 0.553008 0.542955 0.537751 0.193841 0.249380 0.247832 0.215177 0.157421 0.262703 0.009149 0.121940 0.381870 0.193290 0.116412 0.124182 0.369231 0.009836 0.009149 0.050872 0.017353 0.010407 0.111196 0.021778 0.077985 0.012237 0.009149 0.014982 0.014982 0.010979 0.009149 0.035138 0.033191 0.043403 0.143951 0.270029 0.010636 0.009149
0.009149 0.009149 0.033835 0.050872 0.036463 0.015096 0.119716 0.016126 0.085102 0.078423 0.307880 0.297423 0.236661 0.296318 0.293644 0.132747 0.229032 0.229032 0.252776 0.526762 0.579151 0.583522 0.582037 0.554505 0.542957 0.542955 0.313580 0.112193 0.561104 0.295380 0.557119 0.253800 0.262703 0.412650 0.239280 0.400067 0.281835 0.489499 0.354419 0.116412 0.239670 0.155553 0.015325 0.050872 0.370392 0.370392 0.261075 0.229032 0.079303 0.218613 0.009149 0.009149 0.009149 0.010293 0.010979 0.009149 0.015783 0.009149 0.098547 0.418097 0.130439 0.010636 0.009149
0.009149 0.009149 0.242645 0.063065 0.009149 0.088283 0.009149 0.098547 0.015942 0.075517 0.075517 0.286314 0.239280 0.242107 0.258633 0.190540 0.297240 0.239084 0.217465 0.599184 0.555626 0.502132 0.550757 0.501974 0.544184 0.448542 0.262703 0.287943 0.505679 0.583472 0.335936 0.493498 0.550307 0.442776 0.588614 0.419216 0.476479 0.394554 0.393388 0.219187 0.072762 0.135073 0.154932 0.010293 0.372826 0.277764 0.300609 0.229032 0.119162 0.037809 0.009149 0.009149 0.014296 0.009149 0.097597 0.015096 0.009149 0.009149 0.136242 0.278578 0.241003 0.009149 0.009149
0.015554 0.175913 0.012352 0.012352 0.104315 0.012695 0.050872 0.033835 0.064780 0.009264 0.361598 0.179132 0.179132 0.254156 0.190540 0.261075 0.338340 0.193841 0.207794 0.599184 0.489810 0.566500 0.583426 0.376959 0.494546 0.452383 0.262703 0.426345 0.559950 0.559950 0.548699 0.543296 0.451148 0.489937 0.557857 0.524300 0.536971 0.401799 0.202175 0.248970 0.009149 0.009149 0.168837 0.358026 0.509980 0.248831 0.409881 0.155553 0.201057 0.027310 0.009264 0.016011 0.020271 0.044126 0.015249 0.009149 0.009149 0.009149 0.494546 0.362835 0.124182 0.141560 0.010064
0.009149 0.374484 0.012123 0.009149 0.090119 0.012695 0.244543 0.012466 0.009149 0.302297 0.252338 0.308055 0.179132 0.239280 0.363654 0.296688 0.542885 0.367862 0.562106 0.590241 0.513106 0.540877 0.540877 0.323004 0.125310 0.503683 0.250430 0.148788 0.345162 0.584918 0.589725 0.262703 0.545166 0.431398 0.543146 0.518307 0.560499 0.185623 0.308587 0.242645 0.097123 0.009149 0.120826 0.399778 0.401222 0.187803 0.253300 0.145757 0.113694 0.113694 0.087826 0.015325 0.009492 0.076674 0.131591 0.095237 0.009149 0.550303 0.494546 0.009149 0.017353 0.031291 0.366076
0.009149 0.012923 0.184536 0.240816 0.248831 0.070951 0.035798 0.009149 0.009149 0.193290 0.244875 0.272879 0.203855 0.242999 0.242999 0.501181 0.488494 0.352001 0.509420 0.010751 0.550237 0.492657 0.445660 0.262703 0.145757 0.562099 0.243175 0.241925 0.107244 0.590855 0.437644 0.231956 0.549810 0.410576 0.525413 0.567169 0.451148 0.441814 0.189992 0.488588 0.170591 0.009149 0.009149 0.451856 0.560828 0.176984 0.164355 0.360348 0.123620 0.176448 0.079744 0.015325 0.176984 0.543030 0.249514 0.013838 0.563411 0.021020 0.010865 0.009149 0.009149 0.014182 0.010636
0.009149 0.009149 0.009149 0.009492 0.209490 0.239280 0.360974 0.011894 0.009149 0.302955 0.299568 0.272879 0.194393 0.386995 0.367862 0.543508 0.240816 0.484505 0.189992 0.253402 0.142156 0.494337 0.505679 0.262703 0.191639 0.457739 0.059697 0.416068 0.245688 0.295569 0.437644 0.557119 0.542360 0.437965 0.514126 0.578445 0.530881 0.492026 0.363654 0.489000 0.439569 0.123620 0.009149 0.243350 0.145757 0.129292 0.166910 0.247978 0.179670 0.125310 0.131591 0.108227 0.548546 0.202734 0.021020 0.010979 0.009149 0.009149 0.011094 0.009149 0.009149 0.009149 0.009149
0.012923 0.009149 0.256191 0.010293 0.009149 0.357385 0.317704 0.197716 0.293237 0.302955 0.247686 0.261482 0.246164 0.257412 0.196606 0.300951 0.240816 0.581026 0.367862 0.428217 0.227866 0.396299 0.367862 0.084651 0.009149 0.066517 0.066517 0.613569 0.555626 0.520312 0.451267 0.248266 0.365676 0.501834 0.449823 0.457126 0.489000 0.190540 0.250682 0.372549 0.250682 0.009149 0.009149 0.112193 0.195499 0.237842 0.260668 0.196052 0.149397 0.112193 0.041266 0.140370 0.252559 0.598811 0.598811 0.044126 0.012466 0.010407 0.009149 0.009149 0.013381 0.009149 0.009149
0.009721 0.009149 0.009149 0.242823 0.040564 0.319991 0.247240 0.095708 0.092898 0.253197 0.309646 0.284686 0.179132 0.561885 0.292830 0.525324 0.547526 0.585693 0.585693 0.561138 0.375035 0.399199 0.227866 0.123620 0.604195 0.580075 0.589424 0.587353 0.571969 0.589722 0.215177 0.247978 0.453139 0.506396 0.324247 0.417422 0.244543 0.362012 0.585328 0.553008 0.545358 0.591573 0.586415 0.344760 0.176448 0.581966 0.581966 0.513786 0.521287 0.561526 0.243867 0.548752 0.053215 0.138595 0.013267 0.044126 0.241743 0.009149 0.044855 0.240056 0.009836 0.009149 0.009149
0.094299 0.009149 0.009149 0.097597 0.016643 0.308321 0.252114 0.056414 0.322254 0.254156 0.241375 0.241375 0.386726 0.578731 0.601767 0.586828 0.592012 0.583871 0.501816 0.549412 0.475196 0.542471 0.398331 0.347976 0.590090 0.605811 0.565832 0.587353 0.292830 0.020271 0.010407 0.310965 0.431398 0.248409 0.324247 0.453740 0.417422 0.603799 0.548927 0.596352 0.597218 0.550757 0.582743 0.542471 0.282650 0.303604 0.584187 0.567503 0.501488 0.244207 0.173246 0.111694 0.009950 0.109214 0.010064 0.011094 0.032552 0.009149 0.009149 0.012237 0.009149 0.009149 0.009149
0.181287 0.009149 0.009149 0.009149 0.242645 0.203855 0.322504 0.125876 0.131014 0.363654 0.290386 0.248551 0.322754 0.578731 0.583111 0.578809 0.578091 0.501780 0.524707 0.523338 0.475196 0.582765 0.578183 0.590090 0.547369 0.542758 0.484184 0.562960 0.277764 0.310438 0.310438 0.086460 0.100936 0.376410 0.462030 0.283464 0.176984 0.094768 0.590090 0.589813 0.550757 0.507977 0.565189 0.527885 0.358663 0.558753 0.594145 0.253093 0.192739 0.041266 0.201616 0.103830 0.010407 0.088741 0.009149 0.009149 0.030649 0.037133 0.037133 0.078423 0.014639 0.009149 0.009149
0.086460 0.023318 0.009149 0.251296 0.340745 0.252114 0.277764 0.207794 0.135657 0.097123 0.329936 0.108720 0.508210 0.567838 0.543030 0.557527 0.543030 0.587861 0.470061 0.449503 0.274914 0.454366 0.415615 0.415615 0.299393 0.241559 0.224381 0.488588 0.563009 0.211759 0.155553 0.145757 0.520906 0.471345 0.437965 0.524707 0.484505 0.190540 0.439890 0.578183 0.561873 0.557857 0.587836 0.509262 0.371439 0.413794 0.583624 0.204978 0.077110 0.242467 0.242467 0.046327 0.011208 0.016240 0.009149 0.009149 0.014182 0.037133 0.011551 0.078423 0.009149 0.009149 0.016011
0.013610 0.049336 0.010064 0.238886 0.490759 0.489998 0.330735 0.235481 0.136242 0.394845 0.239476 0.561348 0.502165 0.578952 0.503253 0.503253 0.497674 0.549412 0.470061 0.476479 0.356742 0.298147 0.095708 0.227866 0.112193 0.176984 0.149397 0.292422 0.424568 0.277764 0.214035 0.145757 0.247686 0.369231 0.406111 0.492236 0.561968 0.501289 0.439890 0.604456 0.584656 0.592709 0.415842 0.480010 0.252883 0.247240 0.014639 0.331135 0.444699 0.548168 0.123620 0.139185 0.012809 0.009836 0.009149 0.014639 0.016126 0.009149 0.012352 0.009149 0.009149 0.009149 0.009149
0.032552 0.013724 0.091505 0.081517 0.333134 0.453740 0.363654 0.457739 0.392804 0.244038 0.178594 0.585382 0.590185 0.596972 0.542391 0.451267 0.446621 0.549412 0.389878 0.293644 0.107244 0.567503 0.566402 0.317192 0.112193 0.369620 0.293644 0.248409 0.499539 0.359508 0.360348 0.123059 0.584734 0.561368 0.359929 0.563667 0.550945 0.396590 0.401799 0.562052 0.560029 0.560029 0.594170 0.250302 0.274507 0.153077 0.037133 0.239476 0.454941 0.215748 0.153694 0.015554 0.016240 0.018070 0.009836 0.010407 0.081962 0.017353 0.009149 0.009149 0.009149 0.009149 0.009149
0.054007 0.035798 0.010865 0.244207 0.018795 0.203855 0.327939 0.542015 0.345162 0.402664 0.454260 0.504109 0.548084 0.607038 0.540095 0.471666 0.542247 0.541855 0.583319 0.277764 0.453662 0.548835 0.507621 0.547526 0.542955 0.453753 0.284686 0.284686 0.593380 0.594170 0.553008 0.294051 0.545295 0.542963 0.564321 0.587836 0.582037 0.453753 0.528157 0.561679 0.601287 0.595405 0.259447 0.404677 0.143352 0.122499 0.132747 0.078423 0.097123 0.168837 0.014753 0.013038 0.026495 0.119716 0.119716 0.011894 0.009149 0.009149 0.014753 0.009149 0.009149 0.009149 0.009149
