Example_Watersheds/WA_MashelWatershed/DataInputs/o_3_ChemistryPools/Mashel_1990_Pools/N_g_Det_BgStem_3.asc
ncols         923
nrows         455
xllcorner     550005.67551598
yllcorner     5180549.8134422
cellsize      30
NODATA_value  -9999
[rows 392 to 419 of 455, columns 252 to 314 of 923]
0.358178 0.508854 0.684768 0.500004 0.523801 0.712710 0.712710 0.747977 0.687458 0.609334 0.817075 0.959423 0.837093 0.524895 1.001299 0.989316 0.917816 0.634922 0.243354 0.271563 0.551261 1.011752 0.768535 0.768535 0.712710 0.696213 0.572654 0.374761 0.619259 0.879910 1.008764 0.655708 0.989198 0.627443 0.627443 0.627443 0.627443 0.589074 0.672799 0.583711 0.883833 0.911302 1.010036 0.506764 0.188391 0.275681 0.711519 0.207920 0.208192 0.263004 0.483935 0.483935 0.781303 0.591899 0.986987 0.184162 0.201924 0.912748 0.693346 0.248607 0.207920 0.256210 0.276500
0.522421 0.595608 0.579538 0.773583 0.451922 0.916790 0.916790 0.750319 0.817075 0.630610 0.779078 0.943844 0.857855 0.475351 0.560662 0.888582 0.888582 0.755645 0.886264 0.243354 0.607419 0.733058 0.733058 0.733058 0.904512 0.471014 0.480397 0.685676 0.771517 0.582426 1.018435 0.627443 0.627443 0.627443 0.627443 0.627443 0.627443 0.947284 0.601644 0.255225 0.180980 0.911302 0.264602 0.264602 0.207920 0.183387 0.182079 0.182305 0.249510 0.300584 0.263004 0.687164 0.834654 0.436425 0.550995 0.186422 0.207920 0.207920 0.181174 0.343408 0.343408 0.233630 0.207920
0.338780 0.301119 0.340963 0.563594 0.773583 0.723899 0.577111 0.916790 0.916790 0.857273 0.733058 0.753203 0.736738 0.474225 0.311738 0.528499 0.633041 0.552580 0.477792 0.760723 0.607419 0.773583 0.609334 0.733642 0.672799 0.471014 0.592905 0.685676 0.751939 0.751939 1.020247 0.627443 0.627443 0.627443 0.627443 0.627443 1.091303 0.627443 0.627443 0.952687 0.317973 0.366088 0.353012 0.205714 0.195193 0.188210 0.440842 0.468696 0.309472 0.526717 0.424375 0.683231 0.376586 0.432607 0.510679 0.186422 0.219379 0.195193 0.440842 0.598222 0.341733 0.551261 0.207920
0.424764 0.838021 0.193422 0.381320 0.205419 0.592152 0.562271 0.723899 0.773583 0.676773 0.340343 0.185860 0.353352 0.474225 0.483199 0.482310 0.452550 0.479751 0.534879 0.683849 0.534879 0.758256 0.577111 0.969444 0.591899 0.764997 0.547208 0.672142 0.980223 0.604043 0.786525 0.627443 0.627443 0.627443 1.078627 0.819034 0.627443 1.055849 0.730968 0.627443 0.648492 0.261668 0.952347 0.464312 0.490368 0.627443 0.406580 0.484666 0.591392 0.729403 0.719725 0.877877 0.376586 0.446800 0.566701 0.566701 0.682607 0.404272 0.286374 0.308901 0.225992 0.193856 0.298202
0.211165 0.225361 0.198716 0.335297 0.185672 0.543863 0.630610 0.630610 0.857273 0.681345 0.341733 0.301652 0.466839 0.474225 0.657238 0.317973 0.639191 0.475351 0.683849 0.886638 0.886638 0.802332 0.802690 0.868342 0.630610 1.019850 0.927338 0.952687 0.987064 0.627443 0.627443 0.627443 0.627443 0.627443 0.287414 0.305700 0.627443 1.017189 0.730968 0.952722 0.989077 0.797067 0.627443 0.228713 0.627443 0.627443 0.627443 0.627443 0.627443 0.627443 0.627443 0.627443 0.627443 0.679740 0.551261 0.380099 0.508624 0.341733 0.250783 0.308901 0.186160 0.272538 0.393035
0.186767 0.195390 0.267374 0.200062 0.206185 0.338780 0.773583 0.653901 0.857273 0.341733 0.250387 0.337197 0.337197 0.185783 0.416134 0.397821 0.186828 0.629613 0.617814 0.605464 0.686869 0.809037 0.753203 0.789169 0.630610 0.943844 1.010036 1.017864 0.985852 1.087298 0.888971 0.627443 0.627443 0.606586 0.333918 0.797848 0.950084 0.750647 0.601644 0.779828 0.779828 0.627443 0.627443 0.627443 0.627443 0.627443 0.627443 0.627443 0.627443 0.627443 0.627443 0.627443 0.627443 0.561469 0.509771 0.414071 0.387811 0.243144 0.195000 0.188221 0.181885 0.303106 0.295386
0.188041 0.381320 0.192506 0.200062 0.245479 0.245479 0.417373 0.943844 0.659869 0.749990 0.773583 0.868342 0.556815 0.339564 0.364634 0.303106 0.649952 0.629613 0.543863 0.683849 0.614071 0.672471 0.712710 0.749990 0.885672 0.609334 0.557094 0.806470 0.627443 0.806799 0.627443 0.627443 0.627443 1.092305 0.515596 0.733931 0.989294 0.733058 0.798619 0.256642 0.787396 0.627443 0.627443 0.627443 0.627443 0.627443 0.627443 0.627443 0.627443 0.627443 0.627443 0.627443 0.627443 0.642395 0.410479 0.404272 0.387811 0.207920 0.308901 0.236742 0.508624 0.341733 0.297854
0.489670 0.193751 0.183050 0.340808 0.433712 0.268495 0.480611 1.019133 0.916790 0.916790 0.797067 0.340343 0.379690 0.341733 0.447655 0.537232 0.470320 0.524895 0.712710 0.746251 0.616587 0.793434 0.753203 0.707808 0.707808 0.653901 0.943844 0.729739 0.627443 0.627443 0.990956 0.627443 0.627443 0.878421 0.715592 1.010036 0.916790 0.917711 0.602087 0.988670 0.627443 0.627443 0.627443 0.627443 0.627443 0.627443 0.627443 0.627443 0.627443 0.627443 0.627443 0.627443 0.627443 0.274646 0.454616 0.654449 0.286523 0.289669 0.308901 0.835400 0.479751 0.291571 0.350142
0.332989 0.472400 0.183540 0.364472 0.187120 0.193422 0.302579 0.454206 0.773174 0.530750 0.321139 0.301652 0.364634 0.391379 0.362833 0.530502 0.469511 0.469511 0.644883 0.712710 0.712710 0.626536 0.733058 0.666014 0.653901 0.857273 0.836356 0.650972 0.627443 0.627443 0.627443 0.627443 0.627443 0.839205 0.922377 1.010036 0.623874 0.609334 0.737281 0.833622 0.627443 0.627443 0.627443 0.627443 0.627443 0.627443 0.627443 0.627443 0.627443 0.627443 0.627443 0.627443 0.627443 0.400700 0.465793 0.260590 0.334686 0.206894 0.222664 0.193832 0.363491 0.341733 0.229273
0.452550 0.749326 0.193751 0.182972 0.858425 0.462381 0.724907 0.454206 0.940817 0.940817 0.572938 0.330955 0.530254 0.467254 0.305187 0.182865 0.362833 0.580598 0.801608 0.837093 0.733058 0.626536 0.891480 0.609334 0.609334 0.878225 0.935934 0.627443 0.627443 0.988416 0.627443 0.627443 0.627443 0.627443 0.714742 0.916790 0.657238 0.916790 0.625482 0.527229 0.627443 0.627443 0.627443 0.627443 0.627443 0.627443 0.627443 0.627443 0.627443 0.627443 0.627443 0.627443 0.627443 0.345649 0.734219 0.498756 0.207920 0.260590 0.250783 0.269030 0.363491 0.341733 0.302711
0.452550 0.249750 0.594635 0.623874 0.592905 0.536766 0.261802 0.187058 0.739389 0.805804 0.303761 0.452550 0.287710 0.303106 0.301119 0.308901 0.211384 0.475351 0.657238 0.605464 0.857855 0.712710 0.874564 0.917444 0.709997 0.347847 0.982513 0.627443 0.627443 0.946429 0.948077 0.627443 1.097039 0.627443 0.627443 0.728800 0.829970 0.537464 0.537232 0.829062 0.627443 0.627443 0.627443 0.627443 0.627443 0.627443 0.627443 0.627443 0.627443 0.627443 0.627443 0.627443 0.850006 0.345649 0.199519 0.689195 0.689195 0.557650 0.521864 0.416961 0.276194 0.469308 0.341733
0.499755 0.261802 0.790474 0.793847 0.245697 0.371699 0.441711 0.249510 0.290215 0.739389 0.739389 0.193751 0.268495 0.250179 0.237785 0.308901 0.201579 0.630857 0.474225 0.968137 0.801971 0.801971 0.811450 0.909104 0.773989 0.713880 0.679415 0.377420 0.321275 0.627443 0.987064 0.745089 1.097039 0.627443 0.944532 0.607970 0.719367 0.773583 0.773583 0.829062 0.627443 0.627443 0.627443 0.627443 0.627443 0.627443 0.627443 0.627443 0.627443 0.627443 0.627443 0.627443 0.627443 0.965399 0.438867 0.603183 0.734219 0.607695 0.453588 0.516177 0.416134 0.679415 0.638865
0.307979 0.257502 1.077739 0.937806 0.294069 0.598222 0.260455 0.260455 0.414071 0.390263 0.843312 0.193751 0.298663 0.298663 0.308901 0.205419 0.326998 0.411687 0.245672 0.665662 0.837559 0.753203 0.659123 0.733058 0.784838 0.713880 0.694928 0.333145 0.556535 0.838935 0.627443 0.627443 0.627443 0.627443 1.067148 0.705551 0.771517 0.659869 0.712710 0.952713 1.011234 1.011234 1.098471 0.737246 0.627443 0.627443 0.627443 0.627443 0.627443 0.627443 0.627443 0.627443 0.627443 0.399556 0.434625 0.496478 0.628855 0.280053 0.761788 0.506058 0.676773 0.773583 0.341733
0.477132 1.077739 1.086481 0.828754 0.294069 0.773174 0.773174 0.474225 0.878225 0.513543 0.200449 0.302579 0.477352 0.245870 0.201827 0.338780 0.427876 0.299641 0.597045 0.646405 0.733058 0.733058 0.692266 0.712710 0.803750 0.740427 0.684157 0.341733 0.748317 0.702886 0.627443 0.627443 0.627443 0.627443 0.627443 0.627443 0.988670 0.537232 0.828130 0.738083 0.871355 0.627443 0.627443 0.627443 0.627443 0.627443 0.627443 0.627443 0.627443 0.627443 0.627443 0.627443 1.100997 0.541295 0.422018 0.206894 0.197803 0.280053 0.817472 0.628855 0.628855 0.763176 0.342193
0.627443 0.561469 0.627443 0.627443 0.907252 0.993998 0.877168 0.722187 0.878225 0.414071 0.711819 0.535117 0.187018 0.190677 0.452550 0.230844 0.416961 0.375117 0.538388 0.472859 0.753203 0.712710 0.733058 0.693078 0.857855 0.857855 0.983370 0.773583 0.771098 0.627443 0.627443 0.627443 0.627443 0.627443 0.627443 0.342040 0.988670 0.916790 0.733058 0.915899 0.627443 0.869656 0.627443 0.627443 0.627443 0.627443 0.627443 0.627443 0.627443 0.627443 0.627443 0.627443 0.956186 0.956186 0.545268 0.186160 0.308901 0.188252 0.302315 0.734219 0.824159 0.866992 0.749990
1.055849 0.640806 0.592152 0.581908 0.850732 0.452550 0.267374 0.845782 0.252884 0.401834 0.773174 0.738083 0.394127 0.308901 0.206058 0.230844 0.303106 0.353352 0.353352 0.464099 0.633041 0.917001 0.753203 0.799001 0.626536 0.857855 0.744480 0.915601 0.627443 0.627443 0.627443 0.627443 0.627443 0.627443 1.082241 0.627443 0.674099 0.645495 0.600973 1.002940 0.989267 0.627443 0.799990 0.627443 1.086202 1.086202 0.884907 0.627443 0.627443 0.627443 0.627443 0.627443 0.627443 1.039600 0.308901 0.308901 0.308901 0.239233 0.308901 0.239233 0.210596 0.829670 0.602308
0.848515 0.640806 0.328453 0.627443 0.667062 1.025527 0.668786 0.500252 0.252884 0.308901 0.308901 0.525167 0.790042 0.552842 0.197780 0.186649 0.191749 0.182982 0.375117 0.836818 0.375117 0.879910 0.834905 0.656475 0.834905 0.739389 0.515304 0.649952 1.105857 1.103936 0.983013 0.974809 0.627443 0.949261 0.627443 0.627443 0.909964 0.690610 0.568969 0.341733 0.845782 0.627443 0.627443 0.627443 0.835400 0.799990 1.086066 0.627443 0.627443 0.627443 0.627443 0.627443 0.695959 0.244565 0.308901 0.308901 0.230569 0.308901 0.308901 0.308901 0.308901 0.829670 0.522421
0.899399 0.784304 0.912748 0.698007 0.634690 0.550728 0.933437 0.627443 0.950272 0.659123 0.877168 0.693613 0.632562 0.572654 0.476911 0.205419 0.408235 0.268495 0.536297 0.300584 0.197906 0.477132 0.589854 0.515887 0.534879 0.649079 0.362172 0.950084 0.627443 0.968137 0.985478 1.067726 1.081098 0.844562 0.952731 0.627443 0.950084 0.684768 0.738871 0.872181 0.845782 1.091630 0.627443 0.627443 0.627443 0.878421 0.986526 0.627443 0.627443 0.627443 0.627443 0.627443 0.627443 0.433712 0.227611 0.308901 0.308901 0.308901 0.243354 0.308901 0.308901 0.250018 0.519333
0.627443 0.952590 0.627443 0.327264 0.589854 1.019336 0.627443 0.362998 0.255473 0.587761 0.685676 0.730048 0.790042 0.908200 0.219722 0.211384 0.570940 0.419008 0.342499 0.300584 0.199761 0.243773 0.243773 0.492666 0.772763 0.627833 0.666714 0.185639 0.601421 0.984694 0.472630 0.428647 0.338937 0.844562 0.238785 0.694668 0.469308 0.469308 0.684768 0.922377 1.017220 0.989267 0.627443 0.776461 0.627443 0.935448 0.797848 0.627443 0.627443 0.627443 0.627443 0.627443 0.627443 0.834143 0.426124 0.308901 0.308901 0.308901 0.308901 0.184265 0.308901 0.198289 0.684157
0.627443 0.627443 0.627443 0.627443 0.619734 1.019336 0.342040 0.424957 0.228993 0.570206 0.803750 0.658748 0.790042 0.597282 0.597282 0.760723 0.597282 0.603183 0.615087 0.595849 0.510679 0.566446 0.437980 0.648197 0.768101 0.544988 0.319636 0.419008 0.374405 0.426516 0.411887 0.243144 0.199519 0.199519 0.222681 0.289669 0.469308 0.509998 0.773583 1.016468 0.627443 0.987667 0.987667 0.627443 0.627443 0.627443 1.013361 0.627443 0.627443 0.627443 1.050834 1.019689 0.952743 0.694928 0.691993 0.791332 0.228900 0.308901 0.308901 0.308901 0.308901 0.237179 0.471940
0.627443 0.627443 0.952746 0.627443 0.568719 1.014384 0.627443 0.822749 0.509313 0.722187 0.698007 0.843732 0.637881 0.626010 0.760187 0.689481 0.643647 0.698007 0.948572 0.657238 0.550728 0.438646 0.353691 0.744480 0.626536 0.857273 0.214300 0.417784 0.252884 0.253656 0.408646 0.257288 0.192113 0.186260 0.393946 0.308901 0.391379 0.738871 0.617570 0.802690 0.861809 0.627443 0.627443 0.627443 0.627443 0.627443 1.019152 0.627443 0.627443 0.799990 0.627443 1.019689 1.092040 1.010644 0.569465 0.721560 0.592152 0.181745 0.308901 0.182271 0.515887 0.515887 0.381320
0.627443 0.627443 0.627443 0.627443 0.627443 0.555428 0.627443 0.627443 0.749326 0.722187 0.708125 0.889413 0.877168 0.559849 0.987667 0.838480 0.908506 0.689481 0.739131 0.637881 0.517333 0.246848 0.598688 0.744480 0.631349 0.306465 0.306465 0.299641 0.207195 0.346827 0.268495 0.308901 0.255639 0.196399 0.255721 0.250179 0.586474 0.738871 0.891984 0.836356 0.627443 0.627443 0.627443 0.627443 0.627443 0.627443 0.627443 0.627443 0.627443 0.627443 0.627443 0.627443 0.627443 0.627443 0.627443 0.690188 0.690188 0.847049 1.023788 1.081098 0.544427 0.748992 0.424375
0.627443 0.627443 0.627443 0.627443 0.627443 0.627443 0.627443 0.627443 0.708125 0.722187 0.744480 0.538617 0.707170 0.943844 0.832820 0.986526 0.908506 0.690889 0.690889 0.720081 0.697287 0.801243 0.215469 0.416755 0.716980 0.571223 0.259832 0.237985 0.308354 0.190651 0.308901 0.370233 0.255721 0.197961 0.326597 0.250179 0.353352 1.001299 0.262604 0.732764 1.016468 0.627443 0.627443 0.627443 0.627443 0.627443 0.627443 0.627443 0.627443 0.627443 0.927927 1.086202 0.627443 0.627443 0.674502 0.627443 0.690188 1.055849 1.092243 0.627443 0.878421 0.600973 0.424375
0.627443 0.627443 0.627443 0.627443 0.627443 0.627443 0.627443 0.627443 0.877168 0.877168 0.877168 0.877168 0.275681 0.707170 0.744480 0.882402 0.822027 0.874564 0.562537 0.744120 0.753824 0.759917 0.789169 0.801243 0.751619 0.544988 0.332989 0.632079 0.507930 0.306465 0.574347 0.425928 0.265407 0.189178 0.663525 0.288569 0.322232 0.335297 0.235598 0.337038 1.055849 0.627443 0.627443 0.627443 0.627443 0.627443 0.627443 0.627443 0.627443 0.760775 0.627443 0.627443 0.627443 0.627443 0.690188 0.627443 0.627443 0.627443 0.690188 0.760775 0.627443 0.627443 1.044943
0.627443 0.627443 0.627443 0.627443 0.627443 0.627443 0.627443 0.627443 0.627443 0.889413 0.587496 0.265824 0.495584 0.515887 0.599840 0.889413 0.790042 0.792180 0.699075 0.699075 0.933437 0.621124 0.744120 0.843732 0.567209 0.330481 0.322093 0.632079 0.410276 0.265302 0.265302 0.654992 0.636971 0.205714 0.198346 0.653901 0.195975 0.202195 0.492666 0.553884 0.833884 0.627443 0.627443 0.627443 0.627443 0.627443 0.627443 0.627443 0.627443 0.627443 0.627443 1.003909 0.627443 0.690188 0.627443 0.627443 0.627443 0.627443 0.627443 0.627443 0.627443 0.988274 0.988971
0.627443 0.627443 0.627443 0.627443 0.627443 0.627443 0.627443 0.627443 0.627443 0.627443 0.800875 0.206756 0.507698 0.515887 0.692808 0.877168 0.673776 0.459312 0.673452 0.843732 0.933437 0.843732 0.691443 0.691443 0.183711 0.523801 0.540718 0.187361 0.298663 0.365283 0.597754 0.628346 0.372245 0.311504 0.497496 0.732172 0.737550 0.878225 0.846973 0.834654 0.627443 0.627443 0.627443 0.627443 0.627443 0.627443 0.627443 0.627443 0.627443 0.627443 0.627443 0.988326 1.011752 0.627443 0.627443 0.627443 0.627443 0.627443 0.627443 0.627443 0.627443 0.627443 0.627443
0.627443 0.627443 0.627443 0.627443 0.627443 0.627443 0.627443 0.627443 0.627443 0.627443 0.627443 0.898540 0.315190 0.193220 0.532226 0.532226 0.755045 0.758817 0.720081 0.527229 0.362337 0.519049 0.910242 0.877168 0.186091 0.235686 0.372063 0.341117 0.422216 0.311973 0.783098 0.859791 0.541870 0.626797 0.758256 0.768968 0.809655 0.851089 0.869222 1.033695 0.627443 0.627443 0.627443 0.627443 0.627443 0.627443 0.627443 0.627443 0.627443 0.627443 0.721560 0.867896 1.011752 1.058637 1.105330 0.627443 0.627443 0.627443 0.627443 0.627443 0.627443 0.627443 0.627443
0.627443 0.627443 0.627443 0.627443 0.627443 0.627443 0.627443 0.627443 0.627443 0.627443 0.627443 0.627443 0.627443 0.679089 1.062598 0.391749 0.234260 0.456646 0.623874 0.430172 0.198235 0.725572 0.363819 0.588813 0.298663 0.402584 0.362006 0.466003 0.740048 0.611208 0.688332 0.859791 0.330640 0.644883 0.673126 0.193999 0.638538 0.869222 0.828443 0.877877 0.831142 0.627443 0.627443 0.627443 0.627443 0.627443 0.627443 0.627443 0.627443 0.627443 0.627443 0.972537 0.627443 0.627443 0.627443 0.627443 0.627443 0.627443 0.627443 0.627443 0.768618 0.627443 0.627443
