Example_Watersheds/WA_MashelWatershed/DataInputs/o_3_ChemistryPools/Mashel_1990_Pools/N_g_Det_root_1.asc
ncols         923
nrows         455
xllcorner     550005.67551598
yllcorner     5180549.8134422
cellsize      30
NODATA_value  -9999
[rows 392 to 419 of 455, columns 0 to 62 of 923]
2.891542 2.891542 2.873410 2.762287 2.640479 2.499182 5.714323 2.861823 2.688651 2.780729 2.636825 2.643497 2.651223 2.815543 2.580625 2.466932 3.312651 3.436875 2.464884 3.243692 3.726732 4.637711 3.312651 3.312651 3.312651 3.312651 2.854944 3.312651 3.312651 3.312651 2.400461 2.467666 2.915169 2.372573 2.604519 2.409985 3.312651 2.817951 3.312651 3.312651 4.223630 3.312651 3.312651 4.223630 3.312651 3.850957 2.492335 2.699088 2.593057 2.666586 2.704881 2.561343 2.773714 2.902526 2.712737 2.778623 2.778623 3.312651 2.579329 2.411844 3.312651 3.312651 3.312651
2.668024 2.891129 2.786024 2.720466 4.136748 2.928499 4.927568 2.755502 2.924381 2.689637 2.792181 2.847572 2.598319 2.583151 2.820418 2.787439 2.764504 2.455390 3.312651 2.880636 2.880636 3.312651 4.927568 3.873468 2.772458 2.452893 3.312651 2.818699 3.312651 5.507282 3.804715 3.873468 4.321889 2.453777 2.911799 2.409985 2.622833 5.300241 3.312651 3.312651 3.312651 3.312651 3.312651 3.312651 2.541582 3.312651 3.312651 3.312651 3.312651 4.761936 3.312651 4.223630 2.405693 3.312651 3.312651 2.616392 2.545203 2.411844 3.312651 3.312651 3.312651 2.411844 2.411844
3.312651 2.604447 5.548690 2.594544 2.464884 5.093201 2.667391 2.650680 2.575897 3.220000 2.748196 2.574257 2.603707 2.603707 2.577875 2.690555 3.443352 2.469122 3.312651 3.312651 3.312651 3.312651 3.231998 4.381257 2.577189 3.804715 3.052328 2.578214 2.464826 3.312651 2.434157 2.710607 3.443352 3.408173 2.447954 3.519691 3.312651 3.561100 3.312651 2.411844 2.411844 4.261349 4.439451 3.312651 3.312651 3.312651 3.312651 3.312651 3.312651 2.447149 3.312651 3.312651 3.312651 3.312651 3.312651 3.312651 3.312651 3.312651 3.312651 3.312651 3.312651 2.411844 3.312651
3.312651 2.449257 2.373441 2.416647 2.461232 2.461232 2.717624 3.312651 3.312651 2.464702 2.829615 2.632485 2.927671 2.668137 2.655724 5.051792 3.312651 3.643916 2.467147 4.761936 3.312651 3.312651 2.492985 2.514470 3.312651 3.312651 3.052328 2.739917 3.312651 3.312651 4.472079 3.519691 3.312651 3.312651 3.312651 2.487667 3.312651 3.312651 3.312651 3.312651 3.312651 3.312651 3.312651 3.312651 3.312651 3.312651 3.312651 3.312651 3.312651 3.312651 3.312651 3.312651 3.312651 3.312651 2.411844 3.312651 3.312651 3.312651 3.312651 3.312651 3.312651 5.755731 2.379512
2.600704 2.561343 2.799328 2.869645 2.467050 3.312651 3.312651 3.643916 2.573376 2.591016 2.702340 2.792181 2.792181 3.312651 3.312651 3.312651 2.386293 3.312651 3.436875 2.483981 3.873468 2.445448 2.673400 5.258833 3.312651 3.312651 3.312651 3.312651 3.312651 3.312651 3.413793 3.312651 3.312651 4.016589 2.639539 4.472079 3.312651 2.686515 2.411844 3.312651 3.312651 3.312651 3.312651 3.312651 3.312651 3.312651 3.312651 3.312651 3.312651 3.312651 3.312651 3.312651 3.312651 3.312651 3.312651 3.312651 3.312651 3.312651 3.312651 3.312651 3.312651 2.452893 2.802762
2.632485 2.465317 2.512254 2.460572 3.478283 2.588866 4.140814 2.825377 2.604447 2.929150 2.640996 3.312651 3.312651 3.312651 4.886160 5.672915 4.927568 4.927568 2.679208 4.057997 2.635992 2.414472 2.466792 2.466792 2.929598 3.312651 2.397246 4.140814 4.347854 3.312651 2.658875 5.672915 3.312651 3.312651 3.312651 3.312651 3.312651 3.312651 3.312651 3.312651 3.312651 3.312651 3.312651 3.312651 3.312651 3.312651 3.312651 3.312651 3.312651 3.312651 3.312651 3.312651 3.312651 2.411844 2.411844 3.312651 3.312651 3.312651 3.850957 3.312651 2.742948 3.312651 2.832789
2.409985 2.499182 2.460572 4.596303 3.478283 2.466792 2.898886 2.464884 2.614022 2.614022 2.566993 2.694934 3.312651 5.424466 3.343930 3.478283 5.590098 4.439451 3.168969 3.312651 2.373441 2.577455 2.809095 2.653191 2.772458 4.306446 2.616223 3.312651 4.886160 3.312651 3.312651 4.347854 2.897869 4.472079 2.482718 3.312651 2.473384 2.473384 3.312651 3.312651 2.854944 3.312651 3.312651 2.891360 2.466950 3.312651 3.312651 3.312651 4.430670 3.312651 3.312651 2.708753 3.312651 3.312651 3.312651 2.517179 3.975181 3.312651 3.312651 3.312651 3.312651 2.589048 2.803059
2.929103 5.217425 5.217425 2.577919 2.589372 2.370225 2.395424 2.871183 2.427479 2.592969 2.513749 2.862301 3.312651 2.453873 2.765591 2.358211 2.580565 2.454014 4.552320 2.519609 2.577088 2.888180 2.656951 2.445448 2.618984 2.762419 2.399384 3.312651 4.513487 4.761936 3.312651 3.312651 3.312651 3.312651 3.312651 3.312651 3.804715 3.312651 3.312651 2.883838 3.312651 2.821323 3.312651 2.891360 3.312651 3.312651 3.768140 3.312651 3.312651 2.462613 2.812342 2.675969 2.635661 2.590702 2.772458 2.505279 2.865418 2.865418 3.312651 3.312651 3.312651 3.519691 4.057997
2.714413 2.675622 2.614022 2.774060 2.462033 2.459667 2.541582 2.716636 3.312651 3.312651 3.312651 4.968976 3.561100 4.389262 5.217425 3.312651 2.577015 2.743349 3.389493 2.606430 2.702340 2.702340 2.578580 2.897707 2.615723 2.918747 2.807455 2.617019 2.578215 4.761936 3.312651 3.312651 2.433054 3.312651 3.312651 2.856870 3.312651 2.423675 3.312651 2.512254 3.312651 4.430670 3.312651 3.602508 2.466304 3.307480 2.457100 2.465264 3.312651 3.312651 3.312651 2.486456 2.649877 2.889831 4.072688 2.480139 2.663156 2.466304 4.554895 3.312651 3.312651 3.809548 2.656593
2.464884 2.675622 2.578194 2.716266 2.370225 2.764987 2.465264 3.850957 3.312651 2.754285 4.720527 3.312651 3.643916 3.312651 3.312651 3.312651 3.312651 4.182222 3.312651 2.684474 2.915169 2.656951 2.414472 2.747404 2.689081 2.870053 2.588937 2.766393 2.604447 3.266170 3.312651 3.312651 3.312651 3.312651 2.367859 3.312651 3.052328 2.467666 3.312651 2.627896 3.892365 3.892365 2.492335 3.395467 2.456977 4.803344 3.873468 5.134609 3.382659 2.764987 2.466304 3.182183 3.266170 2.577091 4.072688 2.459667 2.432395 2.415858 3.312651 3.312651 3.933773 3.809548 2.704438
3.312651 2.483981 4.968976 2.574807 2.912501 3.312651 3.312651 2.627896 3.312651 3.312651 3.127507 2.821323 3.312651 3.312651 3.312651 3.312651 2.687388 2.672365 2.507350 2.891839 2.672684 2.594284 2.751756 2.576036 2.817776 2.891458 2.629683 2.722369 2.700027 2.466792 3.312651 2.697294 3.312651 2.450515 3.312651 2.482718 2.718807 3.312651 3.312651 3.312651 3.312651 3.395467 3.312651 5.507282 2.747397 2.372573 3.083311 5.134609 2.688162 2.851260 2.732841 2.569224 2.467121 2.648356 4.712825 4.660496 2.792181 2.810724 4.712825 3.561100 2.843881 2.843881 3.141632
3.312651 3.317048 3.312651 2.577458 2.880636 3.312651 3.312651 3.312651 3.312651 3.312651 2.641029 4.606995 3.312651 2.434877 2.431213 2.438470 2.686515 2.708247 2.874507 2.451727 2.761120 2.559447 2.773135 2.580230 2.613460 2.549497 2.549497 2.714857 2.614372 2.789802 2.496724 3.312651 3.312651 2.450515 2.577750 5.714323 2.438470 2.473384 3.312651 4.554895 4.140814 2.429355 3.312651 3.892365 5.383058 3.182183 5.507282 2.365477 3.354059 2.370486 2.488860 2.522253 2.397965 2.397965 2.925808 3.317048 2.889665 2.466950 3.312651 3.312651 3.312651 2.711162 4.761936
2.577455 2.806787 5.341649 3.312651 3.312651 3.312651 3.312651 2.439169 3.312651 3.312651 2.578244 2.407761 3.312651 2.675983 2.438470 2.891690 2.414472 2.611620 2.611620 2.810724 2.839523 2.890036 2.757602 2.599335 2.868911 2.455390 2.414472 2.606795 2.575607 2.414472 2.925122 2.780619 3.312651 2.578026 3.312651 4.596303 4.637711 3.561100 4.720527 3.312651 2.483981 3.312651 2.635992 2.640996 3.312651 4.886160 4.886160 4.596303 3.312651 3.312651 2.778415 2.453737 5.300241 2.969555 4.968976 2.452146 3.663689 2.461232 3.312651 3.312651 3.312651 3.643916 2.760725
3.312651 3.312651 3.312651 3.312651 3.312651 3.312651 3.312651 3.312651 2.434157 3.312651 3.312651 2.466792 3.519691 3.326313 3.941048 3.312651 2.651151 2.656951 2.414472 2.455390 2.635465 2.744399 2.747030 2.678127 2.674908 2.635661 2.614022 2.545541 2.746191 2.578139 3.312651 3.312651 3.312651 3.312651 3.517971 3.312651 3.312651 3.312651 3.312651 4.637711 3.312651 3.312651 4.712825 4.554895 2.593096 4.637711 2.464702 2.511279 3.312651 3.312651 3.352284 2.453737 2.577286 2.891887 2.464702 2.666811 2.458036 3.663689 3.312651 4.472079 3.312651 5.051792 3.231998
4.223630 3.312651 3.141632 3.141632 3.312651 3.312651 3.312651 3.312651 3.312651 3.312651 2.447954 2.889409 4.886160 2.467127 2.496724 5.300241 2.635661 2.635661 2.889831 2.405693 2.810512 2.727784 2.455390 2.891869 2.635661 2.833800 2.730081 2.885306 2.890720 2.891897 2.891897 3.312651 3.312651 3.312651 2.453737 3.685324 2.570763 3.643916 5.258833 2.397246 4.886160 3.368079 3.312651 3.312651 3.312651 3.312651 4.347854 3.517971 3.312651 2.683305 2.603964 2.494565 2.913863 2.486691 2.486691 2.903146 2.869645 2.928193 2.928193 5.383058 3.312651 3.312651 3.312651
3.312651 3.312651 3.312651 3.312651 3.312651 3.312651 3.312651 2.917051 3.312651 3.312651 3.312651 4.596303 4.182222 4.439451 5.507282 3.312651 2.635661 2.519609 2.836684 2.545541 2.582597 2.705506 2.705506 2.519609 2.577387 2.414472 2.655723 2.861823 2.781872 2.575455 2.586709 3.602508 3.685324 3.312651 4.140814 3.312651 3.312651 3.312651 5.176017 2.606532 3.312651 3.312651 3.312651 3.478283 5.093201 2.545203 3.312651 3.312651 3.312651 3.424120 3.424120 2.858624 5.465874 3.020130 2.658875 2.466589 2.561343 2.658152 2.840187 2.435874 3.312651 3.354059 3.312651
2.662732 3.312651 3.312651 3.312651 3.220000 3.312651 3.312651 3.312651 3.312651 3.312651 3.312651 5.755731 2.854944 3.307480 3.312651 3.312651 3.312651 2.449257 2.886707 2.635661 2.635661 2.674908 2.492335 2.640387 2.846422 2.727784 2.574975 2.593478 2.808724 2.594777 2.929635 5.258833 3.312651 3.312651 3.312651 3.312651 3.395467 3.643916 2.565285 2.384799 4.347854 5.217425 5.217425 4.057997 3.312651 4.265038 3.312651 3.312651 3.312651 5.879955 3.312651 3.312651 3.312651 3.352284 5.714323 2.466589 2.466304 2.855604 2.415858 2.466589 2.696051 2.665316 3.312651
3.312651 3.312651 3.312651 3.312651 3.312651 3.312651 2.390203 2.390203 3.312651 3.312651 2.762419 2.581952 3.312651 3.312651 3.312651 3.312651 2.545203 2.561343 2.602172 2.771237 2.678127 2.740038 2.370486 2.607840 2.850425 2.891007 2.750379 2.647108 2.610249 2.658152 2.602455 4.660496 3.312651 3.312651 3.312651 4.927568 5.051792 3.312651 2.759812 2.881865 4.712825 3.312651 3.312651 3.643916 3.312651 3.402250 3.312651 3.312651 2.674167 3.312651 3.433233 2.358223 2.924294 5.258833 2.399384 2.450515 2.927671 2.597255 2.748993 2.577745 2.708681 3.312651 3.312651
2.800017 3.312651 3.312651 3.312651 3.052328 4.223630 2.390727 4.761936 3.312651 2.470560 3.312651 3.312651 4.099405 3.312651 5.838547 3.312651 2.460473 2.561343 2.792181 2.667775 2.678127 2.434157 2.363076 2.605915 2.678127 2.500833 2.578066 2.578066 2.927899 2.900490 2.737550 2.457919 4.596303 3.395467 3.312651 2.706988 5.258833 3.312651 5.755731 2.426833 3.312651 4.712825 3.312651 2.574634 3.312651 3.312651 3.312651 4.199635 2.463311 4.389262 2.466589 2.835248 2.676310 2.463811 2.463811 2.781228 3.428828 3.098347 2.891247 3.424120 2.377216 2.669231 2.670407
2.742948 2.581952 3.312651 3.312651 3.312651 3.312651 2.390727 2.670433 3.312651 3.312651 2.621881 2.578215 2.840916 2.768766 2.560835 5.548690 3.312651 3.873468 2.414472 2.414472 2.928499 2.832789 2.574091 2.635661 2.591294 2.910353 2.594617 2.836684 2.891596 2.750509 2.414472 5.714323 3.312651 5.217425 4.472079 3.312651 2.471981 3.312651 2.426833 5.672915 3.892365 4.712825 4.637711 2.379512 3.312651 3.312651 3.312651 3.312651 2.643413 3.726732 3.312651 3.643916 2.891868 2.690173 3.975181 3.067971 3.354059 3.561100 2.495653 3.424120 3.317048 2.670407 3.276953
2.754971 2.891454 2.374903 3.312651 2.377216 2.731595 2.986717 2.775688 3.312651 2.458564 2.656951 2.656951 2.379512 2.661855 2.574091 2.524459 2.591360 2.577745 2.774870 2.577980 2.575579 2.460525 2.616115 2.616027 2.414472 2.414472 2.909795 2.836684 2.607658 2.885367 2.758493 5.714323 2.426833 3.395467 3.312651 3.312651 3.312651 3.312651 2.426833 3.312651 2.488860 3.312651 3.312651 2.635992 2.660534 3.312651 3.312651 3.312651 3.312651 4.712825 3.685324 4.057997 2.670407 3.312651 2.635992 4.199635 3.312651 4.140814 3.312651 4.596303 2.441994 5.714323 2.913863
2.603496 2.887035 2.490036 3.312651 3.312651 2.749655 2.804153 2.574719 2.686376 2.810724 2.928887 2.906490 2.784128 2.464702 3.020130 2.890036 2.424888 2.577745 2.451727 2.466792 2.800780 2.712566 2.466792 2.665821 2.414472 2.743349 2.891869 2.730081 2.661597 2.675622 2.587195 2.587195 2.582090 3.768140 2.795593 3.312651 3.312651 3.312651 3.312651 3.312651 2.460473 2.409811 3.312651 4.554895 3.312651 3.312651 5.258833 3.312651 3.312651 3.389493 2.464341 3.517971 3.231998 4.265038 2.906162 4.439451 3.207698 3.602508 4.140814 4.140814 2.742948 2.594652 2.689637
2.676971 2.609512 2.601461 2.765591 2.523187 2.783448 2.820186 2.888712 2.899576 2.714413 2.928887 2.373441 2.592784 2.656951 2.450515 2.891887 2.891839 2.414472 2.524052 2.414472 2.506472 2.575754 2.545541 2.545541 2.598408 2.414472 2.928887 2.922728 2.661039 2.584780 2.885367 2.836684 2.575602 2.553449 4.182222 4.712825 3.312651 3.312651 3.395467 3.312651 2.464884 2.517179 2.409985 3.020130 3.478283 4.321889 2.917051 2.757165 2.473384 3.312651 4.927568 4.927568 2.689894 3.312651 2.868911 5.176017 2.461326 2.739014 4.720527 3.317048 3.419108 2.456117 2.588866
2.592904 2.517813 2.756629 2.783311 2.495653 2.438470 2.891458 2.670436 2.513749 2.890223 2.578169 2.529685 2.890864 2.451727 2.593538 2.589005 2.589005 2.593057 2.749010 2.635661 2.678127 2.576036 2.602455 2.576036 2.805803 2.576628 2.463881 2.451727 2.451727 2.580625 2.577611 2.909795 2.492985 2.577980 2.860204 4.712825 3.312651 3.312651 3.312651 2.420859 2.438470 2.515860 2.409985 2.462695 2.576628 2.395090 4.199635 5.548690 2.358211 5.714323 2.446604 5.383058 2.606532 3.352284 5.424466 3.933773 2.456117 3.312651 3.312651 2.390727 2.720182 3.312651 3.312651
2.885351 2.812243 2.358223 2.893799 2.855604 2.637163 2.701175 2.585530 2.585530 2.578737 2.928887 2.785242 2.449257 2.885367 2.545541 2.414472 2.405693 2.451727 2.678127 2.549497 2.929407 2.576036 2.414472 2.553449 2.909795 2.909795 2.733098 2.670436 2.451727 2.581952 2.582190 2.381790 2.569224 2.825377 3.443352 3.443352 3.873468 3.643916 5.341649 2.434157 4.552320 2.409985 2.407761 2.467127 3.020130 2.437544 3.155452 4.136748 2.561343 2.739917 3.663689 2.462695 2.450515 3.141632 4.927568 3.312651 3.312651 2.758057 3.312651 3.312651 3.312651 3.312651 3.312651
2.763804 2.746265 2.747232 2.766589 2.578194 2.877728 2.627896 2.577685 2.925122 2.578737 2.576781 2.719216 2.574091 2.414472 2.545541 2.414472 2.451727 2.414472 2.582030 2.589005 2.577387 2.545541 2.577745 3.020130 2.656951 4.321889 2.927762 2.575754 2.575754 2.414472 2.451727 2.829085 2.747030 2.500833 2.524847 2.433054 5.838547 4.199635 3.643916 2.460572 2.409811 2.512254 2.409985 3.020130 2.821323 4.720527 5.714323 5.714323 2.466340 4.596303 2.898886 2.986717 2.358223 4.886160 5.010384 5.010384 3.312651 3.312651 3.312651 2.928499 3.312651 2.678127 3.312651
2.763804 2.891888 2.841906 2.790972 2.664804 2.585530 2.621881 2.656341 2.735373 2.740469 2.434877 2.509055 2.868911 3.020130 2.451727 2.451727 2.656951 2.414472 2.414472 2.635661 2.635661 2.414472 2.414472 2.414472 2.623779 3.312651 2.760725 2.690738 2.414472 2.414472 2.414472 2.581140 2.758764 2.599474 2.660475 2.578215 4.513487 4.927568 3.419108 2.460572 2.457100 2.465317 2.744775 2.581020 4.761936 3.083311 5.714323 2.604519 4.886160 4.140814 2.576228 3.312651 2.460525 2.840916 3.312651 3.312651 3.312651 3.433233 2.418776 3.312651 3.312651 3.436875 2.432395
2.777998 2.707407 2.696675 2.593387 2.668530 2.760571 2.422896 2.929355 2.582090 2.578252 2.843696 2.653835 2.653835 2.913425 2.656951 2.602455 2.575168 2.670436 2.635661 2.922728 2.577387 2.922728 2.471981 2.599241 2.746651 3.312651 2.578257 2.414472 2.590207 2.558485 2.888712 2.894797 2.758764 2.878779 2.923163 2.806787 2.430587 2.386293 2.662732 2.924294 2.588866 2.519028 2.596192 4.844752 2.462695 2.480139 2.687144 3.312651 2.753123 2.487667 2.524459 3.312651 3.443352 2.902526 5.217425 2.574945 4.552320 2.929103 2.517179 2.851260 3.312651 2.773112 2.588866
