Example_Watersheds/WA_MashelWatershed/DataInputs/o_3_ChemistryPools/Mashel_1990_Pools/N_g_leaf.asc
ncols         923
nrows         455
xllcorner     550005.67551598
yllcorner     5180549.8134422
cellsize      30
NODATA_value  -9999
[rows 135 to 161 of 455, columns 305 to 365 of 923]
0.200847 0.200847 0.200847 0.200847 0.200847 0.200847 0.200847 0.200847 2.860992 4.318527 0.200847 12.351739 0.200847 0.233485 0.200847 0.200847 5.847748 1.907040 1.561610 0.220932 1.585224 1.907040 0.200847 0.200847 13.253013 13.119396 13.123322 13.247227 0.200847 0.200847 13.066003 13.066003 12.989652 11.588609 8.852449 8.560475 2.860992 0.200847 1.705736 0.220932 0.200847 0.200847 12.972160 12.372998 13.016334 9.161436 0.200847 13.052651 15.127579 13.159785 13.216299 13.210022 12.993033 13.141347 13.187085 13.089120 13.868357 0.253570 0.200847 0.200847 0.200847
0.200847 0.200847 0.200847 0.200847 0.200847 0.200847 0.200847 1.561610 2.860992 0.200847 0.200847 0.200847 0.200847 1.705736 5.847748 2.091745 1.958997 1.561610 0.200847 0.200847 0.220932 0.336420 0.200847 0.200847 0.200847 13.142305 13.077834 13.206119 15.127579 13.197208 13.197030 13.192775 12.922912 13.005016 10.286940 0.200847 0.200847 0.200847 3.965707 0.220932 0.220932 0.200847 2.038157 13.342727 9.339032 13.156933 13.235131 13.010145 13.052651 18.033187 9.444685 13.251674 13.187085 13.358027 13.197030 13.093973 13.132493 13.090339 0.200847 0.200847 0.200847
0.283697 13.032402 0.200847 0.200847 0.200847 0.200847 0.200847 0.959229 1.705736 0.200847 11.012213 0.200847 2.426981 0.200847 2.064869 1.805083 0.200847 0.200847 0.200847 0.200847 0.200847 0.200847 0.200847 0.200847 13.221774 13.146874 13.052651 13.052651 13.153881 13.302083 13.111609 13.210022 13.190508 13.235131 11.056829 12.262835 0.200847 2.821206 2.821206 0.220932 0.220932 0.235996 2.569099 11.213757 1.248156 13.091836 13.332062 13.173336 13.242220 13.014827 13.128056 13.077834 13.078381 13.094827 13.061353 13.221774 12.354182 2.543947 0.200847 0.200847 0.200847
0.200847 0.200847 0.200847 0.200847 0.200847 0.200847 0.200847 2.256427 2.256427 0.200847 3.919116 0.200847 0.200847 0.200847 0.200847 6.563293 3.895920 0.200847 0.200847 0.200847 0.200847 0.200847 0.200847 0.200847 12.957431 13.251674 13.052651 13.161789 13.082925 13.178505 12.982267 12.756371 13.119396 13.235131 12.278096 0.200847 0.200847 0.200847 0.200847 0.200847 0.200847 0.200847 0.225953 0.200847 10.723445 13.340830 12.987078 13.130185 0.220932 13.156933 13.161789 13.187085 13.251674 13.136301 13.132285 12.377500 13.175832 0.266123 0.200847 0.261102 0.200847
0.200847 0.215911 0.200847 0.200847 0.248549 0.200847 1.561610 2.588092 0.200847 0.200847 0.200847 0.200847 0.200847 3.084587 6.685991 1.705736 0.200847 9.416087 0.200847 0.200847 6.598305 0.200847 2.821206 12.184097 13.140260 13.143208 13.226031 13.066003 13.066003 18.033187 13.142467 13.259532 12.865650 12.974104 13.192775 8.735085 0.200847 13.123772 0.256081 0.200847 0.200847 0.258591 0.225953 0.220932 13.150151 8.915546 13.158527 12.951868 0.200847 12.982527 13.010145 13.241213 13.136594 12.545013 5.002949 9.503039 9.503039 0.278676 0.200847 0.200847 0.200847
0.200847 0.200847 3.942378 7.127760 0.200847 0.200847 12.975764 0.200847 0.200847 0.200847 0.200847 1.730328 2.821206 0.200847 3.895920 1.705736 13.377263 0.200847 0.200847 0.200847 0.200847 0.200847 0.200847 6.756300 10.311771 11.056829 13.061444 13.256972 13.104999 13.206579 13.160555 13.067070 13.210001 13.150433 13.016334 12.756371 12.410587 1.290978 0.200847 0.200847 0.215911 0.200847 0.200847 0.200847 13.150151 0.200847 13.046386 0.200847 0.200847 0.200847 0.200847 0.200847 18.033187 12.402802 12.460441 12.982632 9.923690 0.200847 0.200847 0.200847 0.200847
12.975764 0.200847 13.191477 12.970166 0.200847 0.200847 12.943057 0.200847 0.200847 12.989226 6.685991 2.118784 2.118784 0.200847 0.200847 0.200847 0.248549 9.682446 2.011607 1.226990 13.207978 10.174850 2.762027 6.756300 13.043049 13.181614 13.216587 13.227638 11.031457 13.135559 13.160555 13.140006 13.227638 13.093812 12.275084 10.730741 9.090792 1.290978 0.200847 0.200847 0.200847 0.200847 0.200847 0.235996 1.705736 0.200847 0.200847 1.705736 7.359680 13.136544 13.141741 7.773686 13.163528 13.172996 13.269803 13.143822 13.152545 0.200847 0.200847 8.810024 0.200847
12.379720 13.210022 12.756371 13.125501 13.169204 13.169204 12.756371 12.528165 0.220932 13.169607 11.757733 9.797040 0.200847 0.200847 0.256081 0.200847 0.248549 11.685710 13.061889 13.251205 11.500181 9.339032 13.063834 13.155037 14.610734 13.216587 13.194377 12.977288 13.068564 13.119969 13.187085 13.210022 13.210022 13.150151 12.412482 12.441645 12.890933 13.119567 0.200847 1.855735 0.200847 0.200847 0.220932 0.200847 0.200847 0.235996 0.200847 0.200847 13.324200 13.303532 13.271775 13.123322 13.167518 13.203773 13.007173 13.226068 13.034981 13.119396 6.388767 13.222935 13.222935
13.143854 13.227638 13.142379 13.227638 11.166946 13.034937 13.170034 13.256611 11.685710 5.520040 12.580650 0.200847 0.200847 0.200847 0.200847 9.358404 10.858553 11.685710 13.162611 13.110985 8.369890 0.200847 12.628981 13.119396 13.303532 13.303532 13.136348 13.225110 12.372998 13.185715 12.974104 13.227638 13.287673 13.093812 13.143854 13.062243 12.906504 10.024496 0.200847 0.200847 0.200847 0.200847 0.200847 0.200847 0.200847 0.200847 0.200847 0.200847 13.324200 13.868357 10.738015 13.218093 13.197030 13.076428 18.033187 13.176203 13.137506 13.261140 13.114390 13.177867 13.107258
12.981938 13.143854 13.193210 10.137358 13.136301 13.227638 12.384099 11.685710 12.176813 5.520040 12.890933 0.256081 0.200847 11.482014 6.615825 12.933124 13.104445 7.900623 12.756371 13.210022 12.982740 12.925780 12.234754 9.319588 13.052651 13.210642 13.227638 13.225110 13.227638 12.976387 13.143854 13.227638 13.077429 11.967986 13.143854 13.157008 12.284058 0.200847 0.200847 1.705736 0.200847 0.200847 0.200847 0.200847 0.200847 0.235996 1.855735 2.145987 0.200847 13.259532 18.033187 18.033187 13.144547 13.222935 13.175703 10.738015 13.178873 13.868357 13.845804 13.106112 13.358027
12.655809 13.018424 13.325968 13.227638 13.147008 13.229782 13.178011 13.073640 10.774082 10.774082 12.756371 9.290287 0.200847 0.200847 11.488087 6.633353 11.196357 13.195003 13.138407 13.138407 12.982740 13.005724 12.718209 13.115439 13.211849 13.217714 13.060502 13.196196 12.938520 12.976387 13.227638 13.227638 13.227638 12.962719 13.099165 13.174971 9.454182 9.454182 7.038961 0.200847 0.200847 0.200847 0.200847 0.200847 0.200847 0.200847 0.200847 0.200847 13.178334 13.868357 13.235995 13.164510 13.089120 13.089120 13.245470 18.033187 13.105336 13.105336 13.241293 13.264828 13.173736
12.917195 12.917195 13.227638 9.090792 13.143854 13.143854 13.229782 13.178011 13.072804 13.305188 13.293481 0.200847 0.200847 0.200847 7.521121 7.828035 13.028864 13.024085 13.061077 13.177131 13.032280 13.210022 9.503039 8.504962 0.200847 0.200847 12.933606 13.136594 13.115002 13.115002 13.147008 13.227638 13.187085 13.164619 13.099165 13.005012 11.867842 13.254993 0.200847 0.200847 0.200847 0.200847 0.271144 0.200847 0.200847 13.180215 6.703555 6.353969 13.232119 13.006978 13.156255 13.102444 13.089120 18.033187 13.057281 13.127818 13.066747 13.066747 13.121999 13.105336 13.202964
13.227638 12.103309 13.143854 13.143854 13.173863 13.115002 12.756371 13.255066 12.783032 13.078700 13.290736 8.504962 0.200847 0.200847 8.549408 2.091745 13.226204 13.163528 13.132346 13.263905 12.545013 0.200847 13.339187 13.303532 12.756371 0.200847 0.200847 0.200847 0.200847 0.200847 13.227638 13.227638 13.251674 13.377263 13.198705 13.068564 12.981938 11.506201 0.200847 0.200847 0.200847 0.243528 0.351483 0.235996 0.351483 13.180215 11.369644 13.155543 13.129066 13.123493 13.206705 13.029516 13.206833 13.197213 13.037973 13.195003 13.077834 13.202558 13.147285 13.266849 13.013284
13.227638 13.227638 12.974104 13.143854 12.372998 12.541676 12.909738 13.165672 13.163847 13.257041 12.938020 0.200847 0.200847 0.200847 0.200847 0.200847 10.656403 13.074206 3.780944 13.246981 13.226031 13.290736 0.200847 0.200847 12.756371 0.200847 0.200847 0.200847 0.200847 0.200847 13.166572 13.156933 13.182811 13.115002 11.757733 2.485138 12.945869 0.200847 0.200847 0.200847 0.200847 0.200847 11.190516 12.441645 12.396750 11.382415 13.358027 13.088556 13.220273 13.156836 13.336382 13.178873 13.261140 13.052651 13.274913 13.012153 13.062464 13.004499 13.118488 13.056574 13.294190
12.906542 13.147008 12.974104 13.143854 13.229782 12.756371 12.756371 0.263612 0.200847 13.046465 12.824395 12.408671 0.200847 6.598305 0.200847 0.233485 12.346791 13.059091 13.134313 12.924653 12.344287 13.268986 13.216587 13.025794 0.200847 0.200847 0.200847 13.210022 13.115002 13.235131 13.186414 13.170147 13.282470 13.282470 13.014352 0.200847 0.200847 0.200847 0.200847 13.159502 13.249469 13.123772 13.157402 13.067510 10.816686 13.145000 13.235927 13.253159 13.058903 13.253782 13.181697 13.052651 13.039556 13.868357 13.242075 13.113464 13.062464 13.196783 13.171710 13.080065 13.202213
13.129778 13.136301 13.135880 13.229782 12.913973 11.685710 13.146421 12.346791 7.828035 11.518187 9.631329 0.200847 0.261102 0.200847 0.200847 6.371364 12.051144 9.029536 9.720708 12.972160 13.346250 0.200847 0.200847 13.145419 13.211476 13.161330 9.656902 0.200847 13.074206 11.757733 13.034937 13.177131 13.218740 13.088633 12.969498 0.200847 0.200847 2.645470 12.253434 13.103873 13.035805 12.909738 13.157402 13.276187 13.225591 13.186872 13.004499 13.047014 13.156627 13.253782 13.191814 13.190661 13.059141 13.308746 13.090499 13.133408 13.253057 13.089120 13.052651 13.062464 13.066973
12.752974 12.976212 13.227638 13.073640 11.685710 13.360189 7.809910 9.171456 10.011921 13.032402 12.384099 0.261102 0.200847 0.200847 0.200847 0.200847 7.288160 0.200847 0.200847 0.770057 8.820657 0.200847 2.514461 12.531567 0.200847 12.906504 12.973371 0.200847 13.074206 13.119433 13.227638 13.251674 12.963118 0.256081 2.064869 0.643221 12.328835 9.231196 12.998421 13.028195 13.966088 13.029516 13.145620 13.210642 13.323892 13.323892 13.238676 13.180581 13.167247 13.151378 13.010383 13.099445 13.187523 13.004499 10.570770 13.051402 12.878572 0.200847 11.482014 13.363635 0.200847
12.752974 13.099176 13.229782 12.590029 7.809910 7.809910 10.631972 9.171456 12.262835 12.959016 12.959016 13.291257 7.181147 0.200847 0.200847 0.200847 6.826752 0.200847 6.844387 0.200847 0.200847 3.402498 0.271144 0.200847 6.738709 13.163819 12.870020 13.034183 13.162409 13.183302 13.097053 13.209706 0.200847 9.241089 0.200847 0.200847 13.185279 11.733833 11.733833 13.243174 13.094020 18.033187 13.128056 13.051402 13.235995 13.102444 13.206026 13.140452 13.170552 13.156627 13.238730 13.152692 13.219830 12.623167 10.187333 13.277265 3.645173 0.200847 0.200847 0.200847 0.200847
12.957465 13.095013 13.095013 11.983213 13.143854 13.136301 11.451379 12.818190 13.069221 13.073640 12.959016 0.256081 0.200847 0.225953 0.200847 0.200847 0.200847 0.200847 0.200847 0.200847 0.200847 0.200847 0.200847 0.200847 12.184097 13.162611 12.250260 13.169607 13.147008 13.251674 13.251674 13.151505 12.972160 0.200847 8.593566 0.200847 7.003504 13.168058 13.202964 13.243174 13.117324 18.033187 13.102444 13.099857 13.190046 13.261688 13.206026 13.104354 13.059448 13.170471 13.271944 12.467846 12.830543 12.623167 0.200847 0.200847 0.200847 3.965707 3.690163 0.243528 0.200847
11.749778 12.922912 13.122938 13.159564 13.136301 13.075242 13.143854 9.631329 12.284058 13.253513 13.034183 5.621671 0.200847 0.200847 0.200847 9.911057 0.200847 0.200847 0.286208 0.200847 0.200847 0.200847 0.200847 0.200847 0.200847 12.976387 13.309226 0.200847 12.614324 13.032402 13.251953 11.960354 12.972160 11.867842 5.847748 12.416212 13.301034 12.396750 13.235927 13.368828 13.012555 13.067070 13.241213 13.130772 12.937746 13.078232 18.033187 13.101908 13.232119 12.997138 7.306026 7.145547 13.136348 8.670147 0.200847 0.200847 0.323867 0.200847 0.200847 0.200847 1.705736
11.207978 0.200847 12.372998 13.143854 13.136301 0.200847 12.976212 12.947711 13.127843 13.084531 12.514394 5.621671 0.256081 0.200847 0.200847 13.166247 7.449281 0.200847 0.256081 0.200847 0.200847 1.681307 0.200847 8.724307 8.493805 13.041190 13.093812 13.282470 13.119396 13.013111 13.154216 13.109884 13.179581 0.200847 3.002346 0.218422 12.992833 9.847786 11.056829 13.140972 13.040348 13.269786 13.269786 12.987078 13.052651 13.062464 13.181271 13.157402 13.109760 13.085419 4.963964 0.200847 0.200847 0.200847 0.200847 1.705736 1.755083 0.200847 0.200847 1.705736 0.200847
0.200847 0.200847 12.805606 0.200847 0.200847 0.200847 0.213400 0.213400 13.121415 0.331398 3.209950 5.160018 0.200847 0.200847 0.200847 13.326571 0.200847 0.770057 0.200847 0.200847 11.369644 12.058632 12.281087 0.200847 11.634130 13.306635 12.756371 13.868357 13.133408 9.260822 13.143854 13.254496 12.718209 13.127843 13.127843 0.200847 13.274913 13.267566 1.073403 12.339217 13.168591 12.957204 13.262482 12.987078 13.145620 13.229943 13.177531 13.242075 13.106273 12.396750 4.963964 0.200847 0.200847 0.200847 2.091745 2.821206 0.200847 0.200847 0.200847 0.200847 1.705736
10.361347 0.200847 0.200847 12.892938 10.986268 12.972160 7.377582 0.200847 12.789554 13.136301 12.982887 0.200847 0.200847 7.431343 13.090339 0.200847 0.200847 0.849473 0.233485 3.209950 11.118824 8.369890 11.056829 13.217714 13.151378 12.968813 12.980250 13.144509 13.195611 13.069925 13.085444 13.073640 13.171539 13.073640 13.210022 13.286433 13.274913 13.116950 11.088082 13.135968 13.242241 13.009524 13.145000 13.050392 13.356728 13.043049 13.043049 13.106273 13.089384 13.172879 0.311314 0.200847 0.200847 0.200847 0.200847 0.200847 0.283697 0.200847 0.200847 0.200847 0.200847
12.900805 0.200847 0.200847 12.982527 13.148868 3.803806 7.252453 8.516101 12.789554 12.514394 8.852449 12.961766 0.200847 11.482014 11.611512 0.200847 2.011607 1.248156 2.011607 0.200847 12.948899 7.521121 12.272052 13.060502 13.097885 11.298130 11.757733 12.564695 11.685710 13.158324 12.880671 13.227638 13.178319 13.181371 13.144071 13.179372 13.177802 9.300072 13.214924 13.078132 13.201230 13.093812 13.148057 12.919377 6.985788 13.295469 13.295469 13.060502 13.303532 13.164510 1.102637 0.200847 0.200847 0.200847 0.200847 0.200847 0.200847 0.200847 0.200847 0.200847 1.705736
3.337715 0.200847 1.468789 6.423601 13.005724 6.703555 9.797040 10.249641 12.590029 12.253434 13.162285 13.162285 0.200847 0.200847 0.200847 11.914313 0.200847 0.770057 0.301271 0.200847 12.957431 5.909999 12.975907 3.316254 12.929782 13.220530 12.962719 12.250260 13.168816 12.682007 13.207232 12.917595 12.933124 13.142379 13.165514 13.164609 9.961546 13.178011 13.178011 13.034937 13.144621 12.946708 13.119681 13.229057 13.093895 13.039253 11.155039 13.060502 13.113333 13.219152 1.561610 0.200847 0.200847 1.561610 0.200847 2.860992 2.821206 8.448998 0.200847 0.200847 1.705736
5.682989 1.290978 13.046465 13.046465 6.809125 6.035265 0.200847 12.860419 7.828035 10.262081 12.978532 13.302940 12.489670 0.348973 1.378578 0.200847 0.200847 0.256081 0.200847 5.540309 12.301458 13.136015 0.200847 13.085928 13.004997 5.520040 13.173736 12.906504 13.111132 13.166572 13.022062 13.022062 12.969282 13.227638 12.947711 13.075621 13.329851 9.567273 13.091004 13.225591 13.144621 13.279413 13.100105 13.253092 13.276200 13.129330 13.172787 13.247227 11.291522 0.200847 0.200847 1.958997 0.200847 0.200847 1.561610 0.200847 1.705736 1.705736 1.705736 1.705736 0.200847
13.161964 13.063834 12.970817 7.377582 4.107082 8.670147 13.075151 12.742695 2.543947 11.749778 12.756371 11.190516 12.489670 11.106589 7.503148 0.200847 0.200847 0.200847 0.200847 5.540309 12.945869 4.963964 0.200847 12.132854 7.991560 13.129871 13.019529 13.163528 13.145419 13.129496 13.124352 13.139439 13.210642 13.192775 13.086608 12.982887 10.074728 13.052651 13.052651 13.164510 13.135559 13.193728 13.266324 13.161343 13.114283 13.068169 13.245413 13.201886 0.200847 0.200847 0.200847 0.200847 0.200847 0.200847 0.200847 0.200847 1.705736 0.200847 0.200847 1.705736 1.705736
