Example_Watersheds/WA_MashelWatershed/DataInputs/o_3_ChemistryPools/Mashel_1990_Pools/N_g_Det_root_3.asc
ncols         923
nrows         455
xllcorner     550005.67551598
yllcorner     5180549.8134422
cellsize      30
NODATA_value  -9999
[rows 308 to 335 of 455, columns 378 to 440 of 923]
0.633883 0.619614 0.643080 0.617173 0.611193 0.623579 0.628164 0.622124 0.645899 0.615241 0.616217 0.682905 0.678561 0.619170 0.681967 0.673371 0.682945 0.618325 0.610069 0.633793 0.606946 0.618325 0.610231 0.675252 0.675252 0.606986 0.634113 0.641861 0.612722 0.625336 0.648590 0.641608 0.633760 0.644731 0.629644 0.629644 0.619121 0.629644 0.614773 0.633990 0.618940 0.633383 0.632590 0.619351 0.646690 0.640898 0.629439 0.612477 0.638540 0.638540 0.618159 0.615446 0.649675 0.618992 0.684598 0.617094 0.612204 0.609871 0.680259 0.611632 0.685133 0.622319 0.608803
0.634025 0.641253 0.650944 0.640647 0.643744 0.636157 0.614220 0.636560 0.645899 0.655192 0.628197 0.614048 0.641976 0.606246 0.638402 0.673371 0.606246 0.680417 0.662955 0.625340 0.611288 0.623046 0.612582 0.613029 0.625594 0.640485 0.640443 0.640429 0.622801 0.620221 0.663658 0.663658 0.636769 0.633942 0.629644 0.608337 0.639067 0.629644 0.614773 0.614773 0.659574 0.613159 0.607160 0.619351 0.606540 0.641145 0.637226 0.609730 0.667966 0.615816 0.621718 0.658789 0.681397 0.606972 0.645414 0.620917 0.616764 0.615304 0.619696 0.646401 0.608021 0.623465 0.622571
0.639526 0.641253 0.649061 0.631721 0.638599 0.640309 0.633966 0.613296 0.616446 0.616218 0.612257 0.611272 0.612394 0.606496 0.608760 0.625591 0.638016 0.650249 0.668417 0.636560 0.606986 0.611561 0.668502 0.615205 0.633544 0.622319 0.637498 0.665005 0.634347 0.618912 0.618912 0.621070 0.623527 0.662074 0.621031 0.632430 0.632430 0.629644 0.629644 0.636105 0.618688 0.651735 0.660458 0.631446 0.620710 0.668502 0.612394 0.609730 0.609730 0.610889 0.615302 0.680989 0.616865 0.617309 0.645414 0.635222 0.671901 0.680763 0.629851 0.642515 0.616379 0.623465 0.645328
0.629772 0.629772 0.667223 0.638456 0.633969 0.655284 0.636257 0.635389 0.622585 0.668474 0.625335 0.612061 0.610446 0.620331 0.620331 0.616980 0.633487 0.611561 0.606952 0.624561 0.612945 0.633988 0.634113 0.609633 0.629489 0.636932 0.681121 0.632430 0.632430 0.623275 0.653000 0.630850 0.668570 0.672096 0.641323 0.644620 0.662261 0.633886 0.619747 0.637283 0.618688 0.668570 0.642208 0.617282 0.614220 0.650388 0.612582 0.623344 0.616962 0.652502 0.619287 0.622124 0.613068 0.614899 0.635143 0.615354 0.615354 0.641268 0.620592 0.633377 0.650795 0.619941 0.626656
0.621359 0.640829 0.629968 0.622836 0.643080 0.638819 0.620694 0.612233 0.621286 0.637402 0.632620 0.647150 0.610446 0.623327 0.660568 0.619203 0.681274 0.661941 0.608016 0.624561 0.634287 0.634287 0.647791 0.617094 0.636606 0.683950 0.606817 0.613288 0.638000 0.628833 0.624251 0.634051 0.607510 0.650836 0.625699 0.612254 0.617034 0.618912 0.637399 0.637399 0.633721 0.660568 0.610305 0.620106 0.640054 0.639669 0.667863 0.636362 0.635579 0.617091 0.631599 0.626656 0.676194 0.613402 0.612609 0.622872 0.639614 0.646581 0.634956 0.611371 0.634105 0.620592 0.640344
0.631281 0.627231 0.615291 0.611227 0.612257 0.638819 0.641827 0.663298 0.634456 0.644120 0.634113 0.633969 0.680159 0.684965 0.685369 0.643533 0.683438 0.608845 0.615064 0.624561 0.613296 0.625340 0.635838 0.640439 0.631599 0.685059 0.606987 0.616446 0.638194 0.642322 0.610587 0.629851 0.668886 0.618912 0.643030 0.622801 0.628340 0.643868 0.634893 0.667198 0.667198 0.639714 0.681446 0.628514 0.637325 0.629576 0.633377 0.651591 0.668774 0.645057 0.620434 0.626656 0.617674 0.638604 0.681307 0.686488 0.619407 0.652120 0.634956 0.627336 0.621359 0.618325 0.670489
0.645241 0.635749 0.654146 0.641628 0.649027 0.649027 0.642711 0.632841 0.662900 0.640019 0.628252 0.637498 0.623678 0.625359 0.610718 0.682905 0.612842 0.620941 0.620941 0.622752 0.635510 0.617731 0.638942 0.631204 0.613230 0.606246 0.636947 0.642149 0.634562 0.615899 0.649042 0.640171 0.606519 0.606519 0.651320 0.633811 0.661151 0.618209 0.640106 0.607431 0.632990 0.639714 0.612722 0.615344 0.637325 0.616314 0.629461 0.648223 0.618195 0.619450 0.632935 0.620331 0.636947 0.615908 0.650928 0.648606 0.624291 0.619741 0.611954 0.611963 0.611963 0.620917 0.613224
0.637697 0.623450 0.612945 0.642200 0.650194 0.639353 0.664545 0.632841 0.609907 0.647771 0.604646 0.606804 0.682817 0.647791 0.617219 0.686669 0.612842 0.624561 0.611736 0.648119 0.633487 0.634287 0.621292 0.631204 0.606641 0.606641 0.649332 0.655420 0.638264 0.613535 0.615499 0.623889 0.628285 0.637455 0.615304 0.620936 0.617453 0.635491 0.623776 0.637091 0.606496 0.609049 0.606494 0.639283 0.650051 0.640344 0.641280 0.618912 0.618195 0.624956 0.606695 0.686072 0.638604 0.616446 0.639956 0.646330 0.637038 0.647110 0.661047 0.623508 0.616570 0.618159 0.613305
0.612030 0.635343 0.612945 0.643080 0.667198 0.684878 0.639895 0.654457 0.654457 0.647771 0.630511 0.637226 0.628544 0.619492 0.676876 0.609407 0.626368 0.622000 0.624561 0.634204 0.613296 0.682722 0.651315 0.638942 0.634204 0.656486 0.611323 0.637402 0.625335 0.622801 0.606958 0.615785 0.619258 0.633143 0.626580 0.653787 0.673729 0.629370 0.616432 0.613847 0.607510 0.635253 0.647679 0.658168 0.632934 0.644230 0.615250 0.650287 0.631967 0.619351 0.627900 0.611954 0.638604 0.641029 0.621316 0.646330 0.643533 0.640670 0.670001 0.627849 0.616266 0.614672 0.613305
0.617523 0.638125 0.619287 0.639895 0.613653 0.666560 0.665624 0.637880 0.639786 0.639786 0.640406 0.621070 0.617721 0.630538 0.665330 0.679021 0.642020 0.622752 0.620941 0.646568 0.615636 0.609109 0.609399 0.638249 0.658168 0.617091 0.630051 0.614461 0.620456 0.641038 0.619621 0.604895 0.681442 0.620159 0.625613 0.640810 0.632668 0.632668 0.642722 0.639855 0.633883 0.627701 0.635081 0.632672 0.614158 0.651357 0.617282 0.633614 0.631967 0.648187 0.648285 0.605945 0.623344 0.606972 0.617674 0.678587 0.610573 0.639947 0.610714 0.634167 0.626344 0.620592 0.606887
0.612907 0.633095 0.633095 0.646654 0.652924 0.680159 0.614331 0.638222 0.632841 0.664517 0.640500 0.634769 0.682350 0.680159 0.613831 0.619911 0.634204 0.622000 0.622000 0.643926 0.615636 0.622000 0.606540 0.615304 0.612387 0.634893 0.639714 0.614461 0.643731 0.643731 0.624303 0.619029 0.638604 0.630780 0.633540 0.639432 0.639382 0.633796 0.652619 0.646624 0.658168 0.648768 0.620804 0.619450 0.624956 0.665809 0.664764 0.609049 0.637024 0.624677 0.624425 0.646220 0.615265 0.614875 0.606972 0.667536 0.612122 0.612122 0.642826 0.606496 0.641117 0.640581 0.605645
0.648906 0.625339 0.635389 0.640219 0.626627 0.681378 0.614331 0.646060 0.633490 0.632841 0.638748 0.619783 0.680159 0.680159 0.602419 0.621650 0.616662 0.618369 0.611720 0.616304 0.617948 0.609640 0.623579 0.604646 0.650661 0.637732 0.608463 0.668706 0.636172 0.623783 0.623939 0.634144 0.668718 0.620917 0.628076 0.640608 0.626423 0.639669 0.634155 0.627625 0.662272 0.649724 0.606621 0.640529 0.629824 0.629824 0.634137 0.661892 0.664764 0.656828 0.656828 0.610536 0.628622 0.651565 0.618063 0.606621 0.639213 0.668502 0.682556 0.606496 0.612255 0.673989 0.649332
0.634174 0.647115 0.613765 0.643681 0.628285 0.646301 0.666075 0.634025 0.635450 0.666472 0.647482 0.684310 0.659863 0.613159 0.681172 0.649227 0.650525 0.612525 0.628452 0.638540 0.613993 0.639244 0.643708 0.653425 0.658168 0.619741 0.623447 0.620592 0.640608 0.640608 0.627401 0.643054 0.648768 0.637038 0.618912 0.606496 0.634144 0.650747 0.635102 0.647034 0.606838 0.606838 0.641691 0.640529 0.676462 0.633721 0.633416 0.620592 0.639391 0.613893 0.637251 0.606102 0.628622 0.618787 0.648122 0.637226 0.612394 0.667273 0.673989 0.629759 0.613938 0.633797 0.616524
0.638748 0.621642 0.640572 0.637328 0.656362 0.645519 0.645519 0.620694 0.665624 0.633969 0.673151 0.610231 0.600475 0.644718 0.647791 0.642200 0.615265 0.612387 0.604646 0.608798 0.614838 0.606519 0.659863 0.658168 0.678561 0.658168 0.637732 0.662272 0.634568 0.611873 0.661230 0.643054 0.611220 0.611220 0.606641 0.660750 0.627598 0.634144 0.631686 0.649391 0.640230 0.634155 0.618802 0.637913 0.667048 0.626435 0.643702 0.661162 0.668446 0.641323 0.634857 0.609506 0.617721 0.639302 0.623878 0.624872 0.634808 0.637684 0.611816 0.636163 0.624956 0.624956 0.646401
0.632841 0.640497 0.633969 0.634261 0.644524 0.646149 0.629644 0.636570 0.638604 0.661573 0.673151 0.630850 0.682556 0.649074 0.622885 0.622811 0.634261 0.612387 0.640443 0.611927 0.668193 0.618209 0.627336 0.623447 0.678561 0.620592 0.620592 0.649266 0.633365 0.609209 0.607510 0.643856 0.611371 0.631686 0.639701 0.637675 0.646624 0.630511 0.612068 0.640174 0.636384 0.666720 0.647679 0.640330 0.633826 0.625489 0.625489 0.638748 0.634214 0.610942 0.633831 0.617453 0.668502 0.623895 0.638810 0.654042 0.649332 0.629601 0.623344 0.666319 0.611099 0.631526 0.636478
0.635500 0.668085 0.642970 0.634261 0.668886 0.642397 0.644178 0.640687 0.617721 0.633969 0.633969 0.635789 0.610231 0.622319 0.681357 0.617432 0.606621 0.663658 0.619203 0.617355 0.616829 0.635857 0.650585 0.644269 0.616170 0.623808 0.619852 0.640638 0.630538 0.650077 0.639714 0.635925 0.640215 0.635081 0.606496 0.635205 0.633544 0.617309 0.637227 0.625387 0.650747 0.658472 0.653022 0.656828 0.640687 0.640687 0.638743 0.640786 0.606804 0.638338 0.617472 0.621720 0.597157 0.617058 0.612255 0.615787 0.649332 0.635622 0.612141 0.606804 0.651687 0.606728 0.605645
0.636625 0.638843 0.631848 0.644304 0.621642 0.639895 0.663458 0.656825 0.642815 0.637328 0.637328 0.632841 0.640500 0.635981 0.613296 0.617582 0.659972 0.662272 0.634287 0.658168 0.631455 0.635508 0.645208 0.641268 0.620592 0.632500 0.619852 0.618195 0.631041 0.620804 0.606804 0.620804 0.653000 0.641066 0.634873 0.635205 0.640529 0.649006 0.649006 0.673404 0.652615 0.635756 0.666858 0.668570 0.670584 0.652144 0.630101 0.629601 0.648553 0.640150 0.628197 0.654200 0.628932 0.641120 0.641189 0.619793 0.645921 0.648715 0.609730 0.629851 0.612277 0.674919 0.621650
0.640391 0.616776 0.641252 0.641252 0.638000 0.640500 0.632626 0.635763 0.636688 0.632841 0.645139 0.638000 0.629546 0.619621 0.613296 0.620941 0.661398 0.634105 0.627625 0.631540 0.635598 0.635508 0.623808 0.664970 0.634842 0.644667 0.645637 0.606621 0.631041 0.656486 0.656486 0.612582 0.637226 0.633952 0.617055 0.635771 0.631686 0.639244 0.625024 0.641522 0.638930 0.642737 0.650866 0.646885 0.641111 0.652144 0.627625 0.633696 0.633228 0.612320 0.631845 0.655284 0.650381 0.637474 0.633383 0.609730 0.627310 0.620755 0.620755 0.647894 0.606621 0.659268 0.617131
0.632841 0.641243 0.642083 0.637328 0.639895 0.653735 0.621918 0.635763 0.656456 0.642712 0.668070 0.620593 0.628922 0.614778 0.646490 0.633682 0.652924 0.623077 0.638730 0.645611 0.617466 0.623678 0.629644 0.619852 0.632151 0.626435 0.619351 0.646301 0.633517 0.645057 0.653787 0.670743 0.643512 0.634254 0.658040 0.649799 0.640482 0.633625 0.673404 0.667048 0.652144 0.618537 0.629824 0.641111 0.632882 0.640215 0.611220 0.632125 0.628514 0.646490 0.638942 0.633344 0.641628 0.659475 0.653787 0.622605 0.637251 0.606237 0.638981 0.624588 0.606621 0.636947 0.633987
0.643080 0.613600 0.623469 0.650836 0.639514 0.649061 0.620561 0.656456 0.640500 0.640019 0.638000 0.635920 0.619597 0.613288 0.614435 0.658254 0.667223 0.634922 0.629644 0.629644 0.629644 0.629644 0.637283 0.634041 0.638696 0.645057 0.638748 0.673175 0.622499 0.669507 0.617721 0.606621 0.628080 0.656099 0.633721 0.670584 0.607160 0.635570 0.640180 0.667048 0.640687 0.634137 0.634137 0.641111 0.641521 0.634830 0.637226 0.640786 0.647482 0.636868 0.617315 0.634113 0.642831 0.626885 0.633793 0.606094 0.627143 0.622319 0.618177 0.629601 0.633087 0.635920 0.678459
0.639244 0.641291 0.632225 0.639281 0.651127 0.665304 0.658775 0.658775 0.632818 0.636905 0.638249 0.606987 0.660157 0.606519 0.648050 0.652661 0.646970 0.633426 0.629644 0.629644 0.629644 0.629644 0.617955 0.640040 0.634958 0.645057 0.649027 0.667991 0.645189 0.606790 0.683778 0.611885 0.628080 0.641111 0.641111 0.647655 0.640687 0.612277 0.640529 0.671767 0.666858 0.653383 0.660630 0.658990 0.654401 0.672657 0.619346 0.668502 0.635340 0.623579 0.642149 0.645838 0.637402 0.634113 0.668502 0.627310 0.628197 0.629601 0.613438 0.629898 0.637694 0.621650 0.621650
0.629387 0.642426 0.638473 0.624873 0.642466 0.641001 0.642645 0.673078 0.649808 0.639957 0.655420 0.606987 0.643355 0.632539 0.640786 0.639655 0.637283 0.629644 0.629644 0.638730 0.642426 0.633579 0.612582 0.634703 0.639267 0.637226 0.636172 0.636172 0.643030 0.685963 0.676860 0.618628 0.616879 0.644162 0.632178 0.626435 0.656828 0.633235 0.620277 0.656828 0.606621 0.641468 0.614875 0.644780 0.606621 0.633837 0.635471 0.608016 0.626328 0.608016 0.638000 0.640157 0.653787 0.664002 0.651591 0.607917 0.659863 0.633696 0.629461 0.629246 0.627336 0.640099 0.629898
0.640123 0.633286 0.606496 0.645203 0.634956 0.640670 0.625372 0.661766 0.639957 0.639855 0.634261 0.610691 0.644888 0.606760 0.622370 0.670313 0.629644 0.638730 0.622092 0.642426 0.638525 0.661326 0.614447 0.656486 0.606804 0.644708 0.613288 0.614875 0.619774 0.686653 0.641529 0.606540 0.643267 0.639622 0.647640 0.649799 0.621910 0.639479 0.634254 0.641521 0.623465 0.627336 0.643357 0.644780 0.619450 0.635081 0.635081 0.636615 0.628252 0.610069 0.633969 0.639855 0.672588 0.606519 0.628252 0.604594 0.632632 0.635630 0.626289 0.646066 0.618870 0.640215 0.612582
0.631009 0.649910 0.638988 0.646734 0.641280 0.630116 0.637091 0.617056 0.638370 0.667048 0.635925 0.635925 0.640597 0.633292 0.632756 0.619671 0.657066 0.629644 0.638572 0.623186 0.658040 0.640500 0.614447 0.647792 0.641314 0.637226 0.622124 0.610976 0.675860 0.686653 0.605584 0.623465 0.606621 0.641521 0.655930 0.637597 0.621910 0.674053 0.668446 0.668446 0.633124 0.630218 0.647911 0.639873 0.668070 0.642912 0.627336 0.617309 0.616662 0.619201 0.606958 0.624303 0.613081 0.606519 0.662592 0.660568 0.647792 0.611471 0.618195 0.621650 0.610231 0.634113 0.681413
0.640563 0.610231 0.645500 0.645500 0.633544 0.618195 0.640608 0.614978 0.646905 0.669069 0.640608 0.666888 0.633401 0.672096 0.649818 0.619671 0.648968 0.641306 0.658207 0.614552 0.668502 0.668502 0.617721 0.617721 0.606602 0.650605 0.625339 0.629048 0.613095 0.648587 0.610536 0.610536 0.641628 0.663150 0.658207 0.634254 0.637131 0.629479 0.634510 0.640680 0.633517 0.643651 0.634769 0.634137 0.621330 0.624872 0.654149 0.630857 0.627625 0.606519 0.637120 0.617309 0.618329 0.637402 0.625336 0.614980 0.618920 0.617955 0.617955 0.642495 0.629344 0.683434 0.606887
0.634973 0.639491 0.634214 0.612394 0.627336 0.638604 0.658472 0.633796 0.639669 0.640832 0.666385 0.648070 0.637328 0.666574 0.628964 0.615706 0.667863 0.644682 0.640572 0.628833 0.653787 0.666290 0.621720 0.620710 0.625432 0.680763 0.629601 0.616372 0.637548 0.628922 0.626328 0.633892 0.635253 0.636558 0.639283 0.643668 0.642712 0.633723 0.638000 0.613893 0.641252 0.619142 0.624133 0.668070 0.661162 0.638872 0.632779 0.630857 0.635340 0.617309 0.635340 0.614664 0.622319 0.604594 0.634011 0.625336 0.640215 0.637402 0.615566 0.617955 0.617955 0.629344 0.636440
0.638748 0.638748 0.606804 0.606804 0.610446 0.627336 0.606621 0.606804 0.606804 0.613143 0.638000 0.637131 0.661507 0.613815 0.634575 0.657861 0.636495 0.634829 0.637058 0.636638 0.639895 0.612582 0.612582 0.666536 0.660568 0.606804 0.629601 0.674919 0.612842 0.606986 0.641384 0.640500 0.666189 0.636558 0.630686 0.663458 0.664345 0.630686 0.621070 0.638000 0.641252 0.631048 0.626885 0.626885 0.648131 0.626682 0.612980 0.637684 0.686518 0.614664 0.608463 0.619129 0.649449 0.637402 0.606804 0.640215 0.632083 0.615911 0.624325 0.617955 0.648551 0.612477 0.651776
0.668502 0.668502 0.619793 0.606804 0.617721 0.617721 0.614552 0.610231 0.610231 0.610446 0.653787 0.640500 0.640823 0.668502 0.609301 0.632935 0.610883 0.610883 0.606986 0.636638 0.647701 0.637226 0.668502 0.610976 0.610231 0.640321 0.655025 0.614821 0.605978 0.637548 0.631118 0.645608 0.627997 0.631165 0.668070 0.668070 0.668070 0.639635 0.638000 0.639491 0.668070 0.628617 0.628617 0.618720 0.628617 0.633292 0.634711 0.616278 0.633988 0.636770 0.606877 0.628850 0.631350 0.652924 0.634113 0.614517 0.653878 0.669318 0.632424 0.636879 0.662272 0.625591 0.653425
