Example_Watersheds/WA_MashelWatershed/DataInputs/o_3_ChemistryPools/Mashel_1990_Pools/N_g_Det_AgStem.asc
ncols         923
nrows         455
xllcorner     550005.67551598
yllcorner     5180549.8134422
cellsize      30
NODATA_value  -9999
[rows 280 to 307 of 455, columns 248 to 309 of 923]
10.298931 7.624143 7.624143 7.624143 7.624143 7.624143 7.624143 11.050873 7.624143 10.739718 9.853119 4.323158 5.102804 5.102804 9.831602 9.462235 7.624143 7.624143 7.624143 7.624143 7.624143 7.624143 7.624143 7.624143 7.624143 7.624143 7.624143 7.624143 7.624143 7.624143 7.624143 7.624143 7.624143 4.174157 9.720782 7.624143 7.624143 7.624143 7.624143 7.624143 7.624143 8.767764 7.624143 7.624143 7.734579 11.581723 7.624143 9.720782 7.624143 13.125432 7.624143 7.624143 7.624143 7.624143 7.624143 7.624143 4.140040 3.886672 3.444593 5.433377 6.255491 5.864908
11.560217 7.386412 7.624143 7.624143 7.624143 7.624143 7.624143 11.050873 11.050873 11.050873 5.185552 8.275691 10.440924 4.174157 8.379776 7.431202 7.624143 7.624143 7.624143 7.624143 7.624143 7.624143 7.624143 7.624143 7.624143 7.624143 7.624143 7.624143 7.624143 7.624143 7.624143 7.624143 7.624143 7.624143 7.624143 7.624143 7.624143 7.624143 7.624143 7.624143 7.624143 7.624143 11.543805 11.036991 10.930839 9.339575 7.624143 7.624143 9.816084 7.624143 9.010691 11.050399 11.050399 4.448316 9.544614 4.140040 4.140040 3.503097 3.552964 3.381154 3.629313 7.386412
5.705347 11.030703 8.488362 10.979040 7.624143 7.624143 7.624143 7.624143 12.640201 8.453703 9.853119 7.624143 9.026070 10.991120 6.512262 12.817144 7.624143 7.624143 7.624143 7.624143 7.624143 7.624143 7.624143 7.624143 7.624143 7.624143 7.624143 7.624143 7.624143 7.624143 7.624143 7.624143 7.624143 6.239639 10.970376 7.624143 7.624143 7.624143 7.624143 7.624143 7.624143 7.624143 12.777137 11.002101 11.017962 7.624143 7.624143 7.624143 7.624143 7.624143 5.743793 3.569944 3.569944 5.249055 6.127462 10.936208 7.194967 4.124498 3.378236 6.603967 4.891331 7.386412
9.378432 7.448557 7.624143 7.624143 7.624143 7.624143 7.624143 7.624143 7.624143 7.624143 7.624143 7.624143 11.050873 11.548012 5.000035 9.614402 7.624143 7.624143 7.624143 7.624143 7.624143 7.624143 7.624143 7.624143 7.624143 7.624143 7.624143 7.624143 7.624143 7.624143 7.624143 7.624143 7.624143 7.624143 7.624143 7.624143 7.624143 7.624143 7.624143 7.624143 7.624143 7.624143 12.777137 5.173623 9.458243 9.458243 12.756792 12.770439 7.624143 7.624143 5.093288 5.249055 4.546983 6.127462 7.182754 8.516845 7.042538 3.392989 4.013591 4.223196 4.174157 7.386412
10.223105 6.342164 7.624143 7.624143 7.624143 7.624143 7.624143 7.624143 7.624143 7.624143 7.624143 7.624143 7.624143 7.624143 11.050873 7.624143 12.584321 7.624143 7.624143 7.624143 7.624143 7.624143 7.624143 7.624143 7.624143 7.624143 7.624143 7.624143 7.624143 7.624143 7.624143 7.624143 7.624143 7.624143 7.624143 7.624143 12.343425 12.343425 7.624143 7.624143 7.624143 7.624143 7.624143 7.624143 12.673660 6.920354 13.292793 8.577161 7.624143 8.386557 3.962026 7.687484 6.737133 9.961294 6.251547 4.312386 3.402139 4.126454 5.249055 3.942455 3.660716 7.386412
10.223105 9.316835 9.316835 7.624143 7.624143 7.624143 7.624143 7.624143 7.624143 7.624143 7.624143 7.624143 7.624143 11.050873 11.050873 4.395046 7.624143 7.624143 7.624143 7.624143 7.624143 7.624143 7.624143 7.624143 7.624143 7.624143 7.624143 7.624143 7.624143 7.624143 7.624143 7.624143 7.624143 7.624143 7.624143 7.624143 7.624143 8.195953 7.624143 6.025063 11.036991 7.624143 7.624143 12.218655 7.624143 9.831602 7.624143 10.101989 7.624143 7.624143 6.070736 9.084660 5.740640 9.961294 6.251547 4.126454 4.362983 5.631593 6.251547 3.502215 4.105283 4.686209
3.409228 8.940703 6.436255 7.624143 7.624143 7.624143 7.624143 7.624143 7.624143 7.624143 7.624143 7.624143 7.624143 7.624143 11.050873 12.841690 12.823321 7.624143 7.624143 7.624143 7.624143 7.624143 7.624143 7.624143 7.624143 7.624143 7.624143 7.624143 7.624143 7.624143 7.624143 7.624143 7.624143 7.624143 7.624143 7.624143 5.465097 7.624143 12.185164 6.025063 7.624143 7.624143 7.624143 7.624143 7.047195 12.838371 7.624143 7.624143 7.624143 7.624143 7.624143 5.414490 8.502745 7.964818 4.941481 4.667622 7.285831 9.961294 6.554041 3.442516 4.288571 5.864908
6.456729 4.336632 7.624143 7.624143 7.624143 7.624143 7.624143 7.624143 7.624143 7.624143 7.624143 7.624143 7.624143 7.624143 7.624143 7.624143 7.624143 7.624143 7.624143 7.624143 7.624143 7.624143 7.624143 7.624143 7.624143 7.624143 7.624143 7.624143 7.624143 7.624143 7.624143 7.624143 7.624143 7.624143 7.624143 8.644816 7.909936 11.046136 10.489545 5.999707 7.624143 7.624143 7.624143 7.624143 9.272041 7.624143 7.624143 7.719444 12.811243 11.569364 8.816555 8.822377 4.140040 5.740640 3.739887 5.496115 8.251181 7.234829 4.388711 4.126454 4.124498 4.653465
7.964818 5.366781 9.402117 7.624143 7.624143 7.624143 7.624143 7.624143 7.624143 7.624143 7.624143 7.624143 7.624143 7.624143 7.624143 7.624143 12.689251 7.624143 7.624143 9.119763 7.624143 7.624143 7.624143 7.624143 7.624143 7.624143 7.624143 7.624143 7.624143 6.286600 7.624143 7.624143 7.624143 7.624143 7.624143 7.624143 7.494629 5.112256 5.896897 8.535207 9.160350 7.624143 7.624143 11.002101 9.696525 7.624143 7.624143 7.624143 11.072308 8.822377 7.624143 11.051241 11.047232 4.877507 9.248526 5.358134 9.084660 7.234829 4.382338 4.126454 4.122539 4.122539
8.611623 7.386412 7.386412 3.519543 11.050873 6.915236 6.190896 7.624143 7.624143 11.566535 11.048207 7.624143 3.984306 11.043576 11.011891 6.452661 5.786972 7.676755 7.624143 9.140266 7.624143 7.624143 7.616034 7.624143 7.009444 7.624143 8.156882 7.624143 7.018989 4.161030 6.539038 5.928188 4.354269 8.979109 7.624143 9.133478 10.456549 9.684524 9.388046 4.024478 7.621673 7.624143 7.903699 11.002101 9.180014 12.452068 11.044878 10.578498 7.624143 7.624143 7.624143 7.624143 8.816555 8.816555 11.051241 8.816555 4.140040 7.349137 8.595520 3.768219 5.002625 7.624143
5.366781 5.340636 6.239639 5.411745 8.473696 3.770736 3.486626 5.966320 5.536382 7.624143 5.352332 4.399248 4.174157 4.174157 5.411745 4.902650 3.660716 3.591291 3.591291 8.611623 8.539719 8.774727 12.322530 10.494554 10.595087 12.218655 8.412212 7.624143 12.767765 4.161030 4.328492 3.481413 6.190896 7.426813 5.496115 5.973816 10.456549 10.578498 10.274949 7.390981 4.174157 11.050399 5.536382 4.061488 11.398043 11.026013 11.026013 5.366781 3.677058 5.381040 7.624143 7.624143 7.624143 7.624143 7.624143 8.816555 5.239522 11.520901 7.784634 7.789507 6.849762 8.595520
6.667326 7.386412 4.949643 6.239639 3.850628 6.667326 7.687484 5.616266 5.536382 5.411745 5.411745 4.493301 4.417940 3.660716 7.386412 7.386412 3.579759 7.386412 7.386412 7.713887 10.805624 7.404569 10.494554 7.240019 11.584729 11.566535 11.942018 7.624143 9.053669 3.698700 6.207342 6.137408 8.251181 7.624143 7.624143 12.786656 7.624143 7.624143 7.624143 11.734864 5.468578 6.003362 7.386412 7.818247 7.386412 7.624143 9.406714 8.899833 6.088065 8.591416 7.624143 7.624143 7.624143 7.624143 7.624143 7.624143 10.262473 7.774814 7.682131 5.002625 5.369648 8.595520
7.386412 7.386412 5.682309 5.682309 9.040997 3.778232 5.340636 3.850628 8.611623 8.287758 8.997387 6.985274 3.409228 4.108559 5.283427 4.434262 5.625488 6.638413 5.411745 8.034497 9.230400 10.781825 7.624143 12.838371 12.008025 8.100652 7.624143 7.624143 7.624143 4.867097 3.393502 4.157246 4.444323 7.624143 7.624143 7.624143 7.624143 12.673660 10.353225 7.473988 6.255491 7.624143 5.411745 8.611623 9.803882 11.008812 7.624143 8.899833 5.619349 12.286353 7.624143 7.624143 7.624143 7.624143 7.624143 11.050873 7.624143 8.595520 11.757490 7.074763 5.613174 6.247590
8.940703 7.070212 11.560217 6.350987 7.457114 6.576142 4.949643 8.502745 7.789507 7.964818 10.332478 9.180014 3.621391 7.682131 9.105862 4.891331 4.877507 4.908272 11.560217 11.484795 5.999707 9.816084 9.816084 7.624143 5.852733 10.925347 7.624143 7.624143 11.995886 12.348720 7.386412 6.278897 7.494629 7.624143 7.624143 7.624143 12.499188 5.594444 10.483808 4.174157 6.255491 7.593235 4.174157 7.494629 7.624143 7.624143 7.624143 8.816555 7.729442 8.822377 8.822377 7.624143 7.624143 7.624143 7.624143 7.624143 7.624143 7.624143 11.049790 8.672031 5.591292 5.295698
9.965586 8.287758 7.808763 5.436936 6.714257 10.332478 9.672292 9.933574 4.495793 9.277804 4.174157 3.389371 3.621391 5.283427 7.719096 7.719096 4.174157 4.281111 5.375359 11.560217 7.624143 12.029676 11.023451 11.185533 11.566535 12.770439 7.624143 7.624143 9.816084 10.407705 7.624143 7.624143 7.624143 7.624143 7.624143 11.040478 3.785641 3.984306 4.520440 5.496115 6.255491 7.386412 7.386412 4.174157 7.624143 7.624143 7.624143 7.624143 8.131525 11.050873 7.624143 7.624143 7.624143 7.624143 7.624143 7.624143 7.624143 7.624143 8.672031 7.624143 8.651677 8.094860
10.797813 6.390025 5.358134 7.207022 3.889487 10.332478 8.833904 8.833904 7.655009 7.386412 3.982735 4.715711 3.409228 7.386412 6.199144 7.386412 4.174157 3.780711 5.556048 11.560217 4.308765 12.228969 8.988325 12.452068 12.484534 7.624143 7.624143 7.624143 7.624143 7.624143 11.582692 7.624143 10.994902 7.624143 4.438299 7.207022 5.328819 5.400685 8.073298 7.643993 11.817421 10.961224 4.737689 8.073298 7.624143 7.624143 7.624143 7.624143 7.624143 11.050873 7.624143 7.624143 7.624143 7.624143 7.624143 7.624143 11.050399 8.131525 8.672031 7.624143 7.624143 8.269611
5.109112 4.401342 9.305916 3.770736 4.174157 5.417229 9.133478 10.332478 7.687484 3.770736 6.519980 3.503978 3.409228 4.161030 7.687484 5.134060 4.174157 4.458225 5.954995 5.939742 5.411745 3.839704 12.306352 8.100652 7.624143 7.624143 7.624143 5.472050 10.399434 11.198696 7.624143 7.624143 7.624143 11.585974 6.207342 7.386412 7.386412 5.400685 7.587476 10.456549 7.624143 7.624143 7.624143 10.694560 7.624143 7.624143 7.624143 7.624143 7.624143 7.624143 7.624143 7.624143 7.624143 7.624143 7.624143 7.624143 7.624143 7.803985 5.783948 7.846125 7.624143 8.603634
6.899776 7.234829 3.660716 4.845993 8.488362 5.816710 6.407025 7.687484 9.933574 5.304822 3.468190 3.503978 3.409228 3.503978 5.064352 7.386412 4.174157 3.998315 4.653465 4.653465 9.462235 6.535253 8.390713 7.624143 12.937336 7.624143 7.624143 3.378236 6.099904 4.254517 12.198628 7.624143 8.100652 7.610370 7.386412 4.891331 7.624143 4.448316 5.249055 5.655427 7.624143 4.520440 7.624143 7.624143 7.624143 7.624143 7.624143 7.624143 7.624143 7.624143 7.624143 7.624143 7.624143 7.624143 7.624143 7.624143 10.337786 12.840107 9.844685 10.151022 4.002930 11.757490
3.747730 3.850628 3.660716 3.402177 8.611623 5.340636 9.714096 7.687484 10.119924 5.304822 3.929069 3.929069 4.254517 5.864908 3.885261 3.735934 7.234829 4.106923 3.970052 4.686209 8.637916 11.578483 8.238738 7.624143 12.320986 6.021473 7.624143 7.386412 4.584948 4.303304 10.504352 11.734864 7.624143 10.595087 9.933574 3.911609 7.157847 5.102804 3.650150 3.650150 10.119924 11.051492 7.624143 9.166951 7.624143 7.624143 7.624143 7.624143 7.624143 7.624143 7.624143 7.624143 7.624143 7.624143 7.624143 7.624143 9.053669 7.624143 11.580213 5.436936 8.034497 11.398043
3.392565 3.519543 3.682421 3.915679 3.915679 8.516845 9.714096 6.255491 4.174157 11.398043 7.624143 4.174157 5.358134 3.998315 4.033423 4.450307 4.542202 4.273590 5.074062 4.891331 4.686209 9.063038 7.624143 7.624143 10.327089 7.624143 5.358134 6.572493 5.411745 4.174157 8.774727 6.079174 7.114917 8.958368 11.584083 8.100652 5.140225 3.850628 8.780818 4.565913 10.965861 11.051492 7.624143 7.624143 7.624143 7.624143 7.624143 7.624143 7.624143 7.624143 7.624143 7.624143 7.624143 7.624143 7.624143 11.051241 7.624143 7.624143 11.864251 8.850906 11.015034 3.672730
4.238980 9.378432 7.386412 4.045806 5.146362 7.764899 6.255491 4.174157 7.624143 5.496115 7.624143 4.174157 5.102804 3.626265 4.278219 3.377174 4.174157 7.234829 4.281111 4.450307 4.686209 5.280340 7.624143 7.624143 4.174157 4.174157 5.381040 4.174157 5.283427 4.174157 5.864908 6.372810 6.079174 11.584729 8.005350 7.624143 7.624143 4.281111 11.995886 7.624143 11.050399 8.115978 7.624143 7.624143 7.624143 7.624143 7.624143 7.624143 7.624143 7.624143 7.624143 7.624143 7.624143 7.624143 7.624143 7.624143 11.044878 11.734864 9.063038 7.744782 10.287102 4.568257
5.892937 3.998315 5.255373 4.174157 5.286506 7.832294 6.255491 8.611623 4.174157 5.381040 4.282982 7.214969 4.312386 3.626265 3.550754 3.380195 3.380195 8.705182 4.354269 3.660716 4.450307 8.856497 8.056836 8.850906 7.638449 4.867097 4.891331 4.891331 5.245885 5.864908 5.896897 4.997439 6.372810 8.768597 7.624143 7.624143 7.624143 9.952019 7.624143 7.624143 11.049790 7.624143 7.624143 7.624143 7.624143 7.624143 7.624143 7.624143 7.624143 7.624143 7.624143 7.624143 7.624143 7.624143 7.624143 7.624143 11.051611 12.338158 8.856497 7.744782 9.343316 8.417508
4.122539 7.127982 4.693095 4.174157 8.611623 8.611623 3.998315 4.290426 4.290426 7.624143 5.496115 7.624143 5.616266 3.660716 10.166085 5.403462 3.381384 4.520440 8.473696 5.549527 6.423808 7.624143 7.624143 7.624143 10.009924 7.018989 5.536382 4.867097 4.242887 7.305670 4.174157 6.535253 4.665276 11.484795 11.030703 7.624143 7.624143 8.195953 10.292593 7.624143 7.624143 7.624143 7.624143 7.624143 7.624143 7.624143 7.624143 7.624143 7.624143 7.624143 7.624143 7.624143 7.624143 7.624143 7.624143 7.624143 6.686287 11.359900 10.459431 11.025938 8.856497 7.903699
4.122539 4.321372 3.472332 4.174157 4.174157 3.579759 4.686209 4.290426 4.174157 5.496115 4.780409 7.624143 7.643993 5.454602 4.542202 3.399225 7.178647 3.459435 3.626265 7.624143 7.624143 7.624143 7.624143 7.624143 10.009924 7.624143 7.624143 5.301788 7.624143 7.624143 11.101933 7.624143 7.624143 5.358134 7.624143 7.624143 7.624143 7.624143 7.624143 7.624143 7.624143 7.624143 7.624143 7.624143 7.624143 7.624143 7.624143 7.624143 7.624143 7.624143 7.624143 7.624143 7.624143 7.624143 7.624143 7.624143 8.473696 8.611623 7.859741 7.624143 12.286353 10.000896
6.709634 8.412212 7.270740 4.174157 4.360811 3.998315 3.402177 7.386412 7.461363 4.225182 4.780409 4.607412 4.629459 9.840382 9.911386 3.402508 4.398152 3.459435 3.885261 7.624143 7.624143 7.624143 10.262473 7.624143 12.704083 13.125432 12.704083 6.328828 7.624143 7.624143 7.624143 7.624143 7.624143 7.624143 7.624143 7.624143 7.624143 7.624143 9.678437 7.624143 7.624143 7.624143 7.624143 7.624143 7.624143 7.624143 7.624143 7.624143 7.624143 7.624143 7.624143 7.624143 7.624143 7.624143 7.624143 7.624143 6.476865 8.822377 7.624143 9.283519 6.820483 9.963468
8.151866 9.040997 4.695380 4.282982 4.174157 4.174157 3.770736 5.109112 4.174157 8.678738 5.411745 3.733286 3.733286 7.922326 4.194424 3.998315 3.496886 3.409228 3.998315 10.464954 5.786972 8.005350 7.624143 7.624143 12.704083 10.009924 7.624143 7.624143 7.624143 9.720782 7.624143 7.624143 7.624143 7.624143 7.624143 7.624143 7.624143 13.056344 10.180825 7.624143 7.624143 7.624143 7.624143 7.624143 7.624143 7.624143 7.624143 7.624143 7.624143 7.624143 7.624143 7.624143 7.624143 7.624143 7.624143 7.624143 6.476865 4.715711 5.436936 6.263343 4.187105 7.624143
9.363662 3.998315 7.386412 4.174157 7.386412 3.770736 10.327089 11.043534 7.624143 10.941455 7.624143 12.543272 11.456327 10.896058 5.249055 4.891331 6.572493 4.214249 10.864403 7.624143 7.616034 10.197291 7.624143 10.292593 12.704083 7.624143 7.624143 7.624143 7.624143 7.624143 7.624143 7.624143 7.624143 7.624143 7.624143 7.624143 7.624143 7.624143 7.624143 6.704996 7.624143 7.624143 7.624143 7.624143 7.624143 7.624143 8.816555 8.587280 7.624143 7.624143 8.749977 7.624143 7.624143 10.675642 7.624143 9.160350 10.079234 5.064352 6.153170 6.153170 3.440461 7.119290
8.151866 8.401525 4.693095 7.386412 7.386412 7.386412 9.402117 11.043534 7.624143 7.624143 10.119924 6.890253 7.162043 6.199144 5.249055 5.411745 5.613174 3.382761 11.051241 7.624143 7.448557 10.197291 7.624143 7.624143 7.624143 7.624143 7.624143 7.624143 7.624143 7.624143 7.624143 7.624143 7.624143 11.626818 10.292593 7.624143 7.624143 7.624143 7.624143 7.624143 7.624143 7.624143 7.624143 7.624143 7.624143 7.624143 7.123645 6.802816 7.624143 7.624143 10.615958 3.795792 3.795792 7.265670 4.254517 8.406884 10.321619 7.850688 9.462235 7.687484 9.933574 10.332478
