Example_Watersheds/WA_MashelWatershed/DataInputs/o_3_ChemistryPools/Mashel_1990_Pools/N_g_root_3.asc
ncols         923
nrows         455
xllcorner     550005.67551598
yllcorner     5180549.8134422
cellsize      30
NODATA_value  -9999
[rows 140 to 167 of 455, columns 630 to 692 of 923]
0.519468 0.148788 0.483542 0.563711 0.581436 0.450417 0.174311 0.282243 0.206103 0.009149 0.009149 0.043403 0.043403 0.092898 0.111694 0.140964 0.010636 0.011894 0.037133 0.310702 0.164355 0.423643 0.313320 0.423643 0.159927 0.278171 0.278171 0.322004 0.135073 0.114775 0.147572 0.401222 0.248409 0.207794 0.227284 0.229032 0.248409 0.252668 0.219187 0.139185 0.139185 0.263924 0.419663 0.591349 0.567169 0.510320 0.242467 0.058868 0.017353 0.084651 0.176984 0.033191 0.024890 0.009149 0.009149 0.136829 0.035798 0.009149 0.086460 0.016011 0.037133 0.009149 0.009149
0.519468 0.460804 0.255377 0.553757 0.349585 0.450417 0.183993 0.091505 0.009149 0.009149 0.009149 0.009149 0.161187 0.015897 0.118610 0.068275 0.009149 0.009149 0.009149 0.009149 0.009149 0.251769 0.418097 0.423643 0.313320 0.212896 0.274100 0.138595 0.094768 0.052429 0.274100 0.553008 0.112193 0.248409 0.502275 0.248409 0.300609 0.198828 0.323253 0.237842 0.151846 0.451028 0.578183 0.398620 0.396880 0.323004 0.323004 0.107735 0.172182 0.149397 0.104801 0.085102 0.009836 0.017353 0.010522 0.009149 0.016126 0.015783 0.086460 0.021020 0.028963 0.011780 0.009149
0.503897 0.267180 0.472307 0.310702 0.210057 0.253800 0.009149 0.009149 0.009149 0.009149 0.009149 0.009149 0.009149 0.081517 0.009149 0.057227 0.016240 0.013610 0.009149 0.009149 0.012352 0.268401 0.189992 0.315135 0.423643 0.241003 0.304084 0.398041 0.086007 0.094299 0.150008 0.470382 0.216320 0.252668 0.430584 0.301964 0.280614 0.198828 0.101897 0.139185 0.139185 0.148788 0.293644 0.594170 0.560699 0.180208 0.136829 0.110699 0.166269 0.126442 0.091505 0.076239 0.009149 0.009149 0.010751 0.013838 0.015325 0.009149 0.014296 0.015325 0.058868 0.009149 0.067393
0.590163 0.508608 0.425166 0.425166 0.551132 0.182368 0.009149 0.009149 0.009149 0.009149 0.009149 0.009149 0.179670 0.009149 0.062215 0.103345 0.016240 0.009149 0.009149 0.009149 0.050872 0.327939 0.501704 0.315135 0.417422 0.315135 0.445980 0.176984 0.072762 0.113193 0.113193 0.009149 0.486752 0.410807 0.087370 0.059697 0.301964 0.123620 0.219187 0.114775 0.172714 0.284686 0.430448 0.301964 0.301964 0.086460 0.087370 0.252988 0.229616 0.276543 0.036463 0.017353 0.050872 0.014639 0.068275 0.009149 0.009149 0.009149 0.009149 0.009149 0.009149 0.068275 0.085102
0.305339 0.285500 0.435718 0.096651 0.171121 0.009149 0.009149 0.009149 0.009149 0.009149 0.096651 0.246631 0.160556 0.009149 0.009149 0.068275 0.073675 0.078863 0.043403 0.009149 0.080629 0.251416 0.423966 0.423966 0.222068 0.415842 0.405251 0.109708 0.086460 0.026495 0.080629 0.082855 0.010293 0.290386 0.009149 0.022544 0.009149 0.302791 0.020271 0.066517 0.029802 0.240438 0.294459 0.132169 0.086460 0.184536 0.184536 0.300609 0.156174 0.158046 0.158046 0.132169 0.036463 0.016126 0.009149 0.009149 0.009149 0.011208 0.009149 0.048576 0.043403 0.097123 0.085102
0.543983 0.259040 0.282243 0.255784 0.009149 0.009149 0.009149 0.009149 0.009149 0.009149 0.009149 0.009149 0.014410 0.009149 0.009149 0.009149 0.009149 0.080186 0.009149 0.077985 0.050872 0.013953 0.041266 0.151232 0.009149 0.164355 0.111196 0.014753 0.013152 0.013152 0.009149 0.097123 0.041266 0.009149 0.009149 0.058868 0.041266 0.058868 0.032552 0.009149 0.192739 0.240438 0.115319 0.183993 0.140370 0.177520 0.176448 0.280207 0.215177 0.073675 0.129292 0.084651 0.099500 0.092898 0.009149 0.009149 0.009149 0.009149 0.016126 0.198828 0.105776 0.241190 0.150620
0.488214 0.193290 0.224381 0.182368 0.035138 0.014296 0.009149 0.009149 0.009149 0.009149 0.079303 0.069162 0.009149 0.009149 0.063920 0.009149 0.175379 0.009149 0.067393 0.028963 0.050872 0.054804 0.076239 0.009149 0.101897 0.103345 0.076239 0.014753 0.013152 0.010179 0.011208 0.059697 0.087826 0.057227 0.009149 0.013838 0.050872 0.009149 0.035138 0.236661 0.071854 0.155553 0.275729 0.298327 0.312014 0.252338 0.248551 0.151846 0.226703 0.016011 0.203855 0.113694 0.222068 0.087370 0.009149 0.010179 0.168837 0.101897 0.136829 0.012352 0.150620 0.234893 0.234893
0.186167 0.262703 0.193290 0.009149 0.009149 0.009149 0.009149 0.009149 0.009149 0.009149 0.091042 0.009149 0.009149 0.009149 0.009149 0.009149 0.211191 0.009149 0.009149 0.009149 0.015783 0.009149 0.049336 0.067393 0.071854 0.076239 0.016126 0.016126 0.103345 0.060531 0.050872 0.032552 0.013495 0.016126 0.013152 0.009149 0.009149 0.013381 0.202734 0.091042 0.248123 0.123620 0.113694 0.282650 0.297240 0.125310 0.226121 0.079303 0.097597 0.013610 0.016011 0.099023 0.102862 0.048576 0.048576 0.094768 0.104801 0.009149 0.112193 0.081517 0.016643 0.119716 0.203855
0.018070 0.170061 0.009149 0.009149 0.009149 0.009149 0.009149 0.009149 0.009149 0.070054 0.009149 0.009149 0.009149 0.009149 0.009149 0.009149 0.012123 0.009149 0.053215 0.053215 0.009149 0.009149 0.009149 0.009149 0.009149 0.009950 0.016011 0.033835 0.009149 0.009149 0.009149 0.021778 0.109708 0.035138 0.070951 0.009149 0.088283 0.066517 0.036463 0.044855 0.061370 0.195499 0.115319 0.132169 0.145757 0.125310 0.262296 0.262296 0.088283 0.068275 0.015249 0.105288 0.091969 0.081517 0.099023 0.120826 0.059697 0.087370 0.136829 0.081517 0.252988 0.136829 0.127010
0.009149 0.079303 0.009149 0.009149 0.009149 0.009149 0.009149 0.009607 0.013495 0.009149 0.009149 0.009149 0.009149 0.009149 0.009149 0.010064 0.012123 0.009149 0.009149 0.015783 0.009149 0.009149 0.170591 0.157421 0.009149 0.009149 0.009149 0.009149 0.337538 0.009149 0.009149 0.021778 0.012123 0.027310 0.222645 0.233716 0.009149 0.188350 0.036463 0.094768 0.086915 0.101897 0.022544 0.011094 0.186712 0.153694 0.195499 0.140370 0.015096 0.058868 0.071854 0.230785 0.095708 0.074593 0.128148 0.127010 0.087370 0.077110 0.136829 0.103345 0.097597 0.041973 0.100936
0.050101 0.202175 0.009149 0.009149 0.009149 0.009149 0.009149 0.041973 0.011780 0.032552 0.072762 0.009149 0.009149 0.009149 0.009149 0.009149 0.009149 0.009149 0.009149 0.009149 0.009149 0.079303 0.009149 0.042686 0.009149 0.009149 0.009149 0.009149 0.009149 0.009149 0.010865 0.010865 0.012123 0.009149 0.011665 0.233716 0.009149 0.010522 0.010522 0.121940 0.265145 0.099500 0.085102 0.033835 0.235481 0.184536 0.112193 0.016354 0.009149 0.031919 0.136829 0.074593 0.115319 0.112193 0.236071 0.297240 0.093831 0.009149 0.089200 0.089200 0.078863 0.013495 0.077547
0.187258 0.009149 0.045588 0.009149 0.009149 0.011894 0.083303 0.086915 0.086007 0.061370 0.009149 0.009149 0.009149 0.009149 0.013381 0.079744 0.072762 0.009149 0.009149 0.009149 0.049336 0.186167 0.174311 0.174311 0.009149 0.009149 0.009149 0.009149 0.009149 0.009149 0.009149 0.019529 0.013495 0.080186 0.042686 0.012352 0.031919 0.194946 0.088741 0.013381 0.105776 0.086460 0.009149 0.009149 0.013152 0.337137 0.136829 0.039867 0.013953 0.031919 0.010064 0.010064 0.168837 0.072762 0.062215 0.113694 0.121382 0.015554 0.020271 0.009149 0.031291 0.027310 0.115319
0.009149 0.009149 0.010751 0.010751 0.009149 0.009149 0.046327 0.091969 0.069162 0.092433 0.012695 0.009149 0.068275 0.142753 0.108227 0.009149 0.009149 0.009149 0.009149 0.009149 0.009149 0.011208 0.188350 0.189444 0.009149 0.009149 0.285093 0.009149 0.009149 0.009149 0.173246 0.033191 0.013838 0.174845 0.009149 0.012352 0.050101 0.107244 0.077547 0.012352 0.009149 0.120270 0.009149 0.013953 0.009149 0.077110 0.096179 0.359508 0.187803 0.129865 0.136242 0.069162 0.048576 0.012695 0.023318 0.153077 0.015211 0.015096 0.009149 0.009378 0.124182 0.012695 0.012466
0.009149 0.009149 0.009149 0.009149 0.009149 0.009149 0.009149 0.091969 0.019529 0.009492 0.009149 0.009149 0.009149 0.113694 0.009149 0.050872 0.009149 0.009149 0.088741 0.057227 0.009149 0.011208 0.011894 0.009149 0.009149 0.009149 0.012580 0.009149 0.423424 0.074593 0.020271 0.016643 0.166269 0.009149 0.113193 0.113193 0.154932 0.163719 0.214035 0.225541 0.011094 0.009149 0.116960 0.009149 0.009149 0.090580 0.066517 0.203295 0.286314 0.321753 0.212896 0.010179 0.012237 0.011665 0.012466 0.098071 0.109708 0.038490 0.014525 0.020271 0.015096 0.016011 0.009149
0.066517 0.063920 0.009149 0.009149 0.063065 0.009149 0.072762 0.158672 0.009149 0.009149 0.009149 0.009149 0.009149 0.009836 0.249913 0.118610 0.009149 0.009149 0.054804 0.010865 0.166269 0.014639 0.009149 0.009149 0.009149 0.015440 0.013953 0.011665 0.011665 0.009149 0.386458 0.010407 0.164355 0.087370 0.166910 0.039867 0.168837 0.154932 0.175379 0.099977 0.009149 0.009149 0.009149 0.326343 0.110699 0.093831 0.015897 0.203295 0.288350 0.171651 0.119716 0.105776 0.063920 0.011665 0.009149 0.009149 0.014182 0.009149 0.010522 0.205540 0.038490 0.013152 0.081517
0.009149 0.041973 0.009149 0.009149 0.009149 0.009149 0.076239 0.009149 0.009149 0.009149 0.011322 0.167551 0.325483 0.164355 0.057227 0.012352 0.015249 0.012009 0.039176 0.013267 0.013267 0.010865 0.009836 0.010179 0.012352 0.009149 0.013267 0.009149 0.009264 0.009149 0.099500 0.023318 0.164355 0.104801 0.101416 0.063920 0.084651 0.041973 0.019529 0.099977 0.009149 0.090119 0.035138 0.468778 0.157421 0.081962 0.015897 0.161818 0.194946 0.294811 0.144552 0.035798 0.010179 0.009149 0.032552 0.015325 0.015554 0.009149 0.015249 0.263924 0.009149 0.056414 0.009492
0.025689 0.015096 0.139777 0.015783 0.010407 0.009149 0.075517 0.057227 0.015942 0.159927 0.009149 0.167551 0.329137 0.009149 0.013381 0.010407 0.009149 0.054007 0.009149 0.227866 0.108227 0.009836 0.014639 0.015942 0.064780 0.009149 0.010636 0.092433 0.076239 0.011322 0.096651 0.076239 0.230785 0.011094 0.054804 0.095708 0.135073 0.176448 0.126442 0.100456 0.101416 0.080629 0.020271 0.092433 0.176448 0.059697 0.150620 0.505473 0.244710 0.158046 0.017353 0.053215 0.009149 0.009149 0.023318 0.016011 0.050872 0.016354 0.009378 0.016011 0.022544 0.153694 0.015096
0.010979 0.015554 0.146361 0.013495 0.013495 0.009149 0.054804 0.097597 0.009264 0.015325 0.009149 0.246785 0.009149 0.161818 0.012809 0.009149 0.009149 0.013610 0.033835 0.016240 0.086460 0.031919 0.094768 0.081517 0.009950 0.016011 0.009492 0.011437 0.037133 0.095708 0.037133 0.016643 0.016643 0.231956 0.066517 0.027310 0.059697 0.146361 0.154313 0.088283 0.145154 0.086460 0.209490 0.146966 0.087370 0.059697 0.092433 0.239670 0.385652 0.086915 0.009149 0.009149 0.009149 0.014525 0.011551 0.031919 0.050872 0.016354 0.016643 0.009149 0.009149 0.009149 0.045588
0.108720 0.251054 0.123620 0.292015 0.103345 0.183993 0.123620 0.136829 0.009378 0.080186 0.010522 0.171121 0.009149 0.046327 0.009378 0.011208 0.014639 0.009149 0.089200 0.233716 0.009492 0.021020 0.009149 0.009149 0.009149 0.014868 0.009149 0.009149 0.009149 0.070054 0.095708 0.040564 0.252114 0.148788 0.012809 0.009149 0.059697 0.009149 0.081517 0.198828 0.133327 0.249781 0.265959 0.146966 0.098071 0.095237 0.437323 0.142753 0.137416 0.015783 0.009149 0.009149 0.009149 0.009149 0.031291 0.009149 0.010979 0.018070 0.009149 0.009149 0.009149 0.009149 0.019529
0.087370 0.087370 0.112193 0.009149 0.012695 0.061370 0.252776 0.077110 0.009149 0.118610 0.088283 0.011551 0.032552 0.071854 0.009149 0.011208 0.009149 0.009149 0.009149 0.081962 0.075517 0.009836 0.009149 0.009149 0.009149 0.055606 0.009721 0.009149 0.009149 0.070054 0.009149 0.045588 0.013381 0.247089 0.127010 0.085102 0.107735 0.009149 0.009149 0.009149 0.009149 0.485147 0.012123 0.018070 0.010979 0.015325 0.146966 0.125310 0.113694 0.249913 0.010522 0.013267 0.045588 0.103830 0.009149 0.009149 0.009149 0.011437 0.009149 0.009149 0.009149 0.105776 0.117509
0.009607 0.087370 0.044126 0.212896 0.015440 0.078423 0.078423 0.196606 0.009149 0.011437 0.071854 0.016011 0.015211 0.009492 0.104801 0.010751 0.085102 0.045588 0.010064 0.009149 0.009149 0.009149 0.079744 0.009149 0.015440 0.009149 0.087370 0.011094 0.009721 0.009149 0.009149 0.009149 0.010865 0.124746 0.168837 0.009149 0.009149 0.011437 0.016011 0.050872 0.037133 0.040564 0.047072 0.083751 0.186167 0.281835 0.227284 0.113193 0.076239 0.144552 0.015554 0.011780 0.076239 0.009149 0.009149 0.009264 0.009149 0.009149 0.009149 0.010064 0.021778 0.105776 0.125310
0.009149 0.009149 0.009149 0.009149 0.009149 0.009149 0.009149 0.012809 0.011894 0.012352 0.010064 0.014296 0.016354 0.131014 0.158046 0.081517 0.010865 0.034484 0.176448 0.009149 0.013038 0.014182 0.010751 0.011437 0.283464 0.031919 0.010522 0.293644 0.050101 0.050101 0.009149 0.009149 0.102379 0.010979 0.009149 0.083751 0.009149 0.009149 0.015783 0.101897 0.037133 0.112193 0.144552 0.122499 0.010979 0.226121 0.081962 0.113193 0.113694 0.193290 0.059697 0.245848 0.041266 0.090580 0.009149 0.009149 0.009149 0.009149 0.031919 0.020271 0.016011 0.018070 0.283057
0.009149 0.009149 0.009149 0.009149 0.009149 0.009149 0.015440 0.009492 0.014296 0.009836 0.009149 0.009149 0.009149 0.079744 0.163719 0.108227 0.040564 0.009149 0.009149 0.009149 0.058868 0.058868 0.111196 0.021778 0.172714 0.099500 0.039867 0.009149 0.009149 0.009149 0.009149 0.044855 0.009149 0.010979 0.009149 0.009149 0.056414 0.009149 0.011780 0.016011 0.074593 0.112193 0.111694 0.012237 0.125310 0.145154 0.013381 0.016643 0.084201 0.163719 0.029802 0.065646 0.143352 0.097597 0.088741 0.052429 0.009149 0.016011 0.368842 0.298506 0.168193 0.111196 0.085554
0.015096 0.009149 0.009149 0.009149 0.009149 0.009149 0.064780 0.019529 0.018070 0.013152 0.009950 0.009149 0.009149 0.009149 0.009149 0.064780 0.014067 0.009149 0.011665 0.009149 0.188350 0.025689 0.021778 0.013953 0.009149 0.171121 0.009149 0.009149 0.009149 0.009149 0.013610 0.014296 0.012352 0.009149 0.009149 0.009149 0.009149 0.081072 0.009149 0.037809 0.070054 0.260668 0.172182 0.031291 0.299393 0.204978 0.178594 0.079744 0.087370 0.133327 0.112193 0.170591 0.077110 0.108227 0.092898 0.183451 0.087370 0.140370 0.084201 0.297605 0.292422 0.047821 0.112193
0.009149 0.009149 0.009149 0.013152 0.009149 0.009149 0.009149 0.166269 0.009149 0.009149 0.009149 0.018795 0.014296 0.009607 0.009149 0.022544 0.009149 0.010064 0.286722 0.012237 0.009836 0.009149 0.009149 0.058868 0.009149 0.014296 0.009149 0.070054 0.074593 0.009149 0.010064 0.019529 0.046327 0.046327 0.009149 0.009149 0.009149 0.068275 0.009149 0.009149 0.009149 0.040564 0.091505 0.306255 0.299393 0.207794 0.313580 0.246785 0.014525 0.112193 0.212327 0.170591 0.115319 0.112193 0.087370 0.165630 0.105776 0.132169 0.084201 0.121382 0.121382 0.452063 0.133908
0.009149 0.009149 0.009149 0.009149 0.009149 0.009149 0.009149 0.009149 0.009149 0.009149 0.009149 0.009149 0.009149 0.009149 0.027310 0.009149 0.010865 0.060531 0.009149 0.097123 0.098547 0.015897 0.085102 0.058868 0.025689 0.025689 0.009149 0.009149 0.009149 0.077985 0.009149 0.009149 0.009149 0.009149 0.009149 0.009149 0.009149 0.068275 0.009149 0.009149 0.009149 0.016643 0.078863 0.166269 0.319485 0.227284 0.285093 0.016240 0.012123 0.047072 0.014296 0.085554 0.125876 0.125876 0.125876 0.019529 0.034484 0.136829 0.059697 0.154313 0.294459 0.172182 0.132169
0.009149 0.009149 0.070054 0.009149 0.009149 0.009149 0.009149 0.009149 0.009149 0.009149 0.009149 0.009149 0.030649 0.009149 0.021778 0.050872 0.010865 0.009149 0.009149 0.057227 0.083751 0.058868 0.009149 0.013610 0.009149 0.014639 0.009149 0.009836 0.015783 0.015942 0.009149 0.111694 0.012695 0.009149 0.197716 0.009149 0.009149 0.242999 0.009149 0.009149 0.009149 0.009149 0.172182 0.373655 0.406970 0.305029 0.277357 0.014639 0.009149 0.009149 0.011094 0.009149 0.012923 0.081517 0.051648 0.011894 0.157421 0.105288 0.120826 0.124182 0.352404 0.043403 0.014182
0.009149 0.009149 0.070054 0.064780 0.009149 0.009149 0.009149 0.009149 0.009149 0.011208 0.010179 0.009149 0.009149 0.009149 0.009149 0.009149 0.012923 0.034484 0.055606 0.065646 0.032552 0.009149 0.015942 0.014868 0.009149 0.009149 0.009149 0.009149 0.074593 0.108227 0.079744 0.099977 0.080629 0.009149 0.073675 0.092898 0.009149 0.009149 0.040564 0.056414 0.041266 0.011894 0.009149 0.108720 0.176984 0.136829 0.009149 0.009149 0.009149 0.015249 0.018070 0.009149 0.009149 0.009149 0.009149 0.011894 0.120270 0.362012 0.177520 0.065646 0.168837 0.149397 0.014182
