Example_Watersheds/WA_MashelWatershed/DataInputs/o_3_ChemistryPools/Mashel_1990_Pools/N_g_Det_AgStem.asc
ncols         923
nrows         455
xllcorner     550005.67551598
yllcorner     5180549.8134422
cellsize      30
NODATA_value  -9999
[rows 112 to 139 of 455, columns 124 to 185 of 923]
5.185552 4.648705 3.522928 5.996041 5.996041 6.687455 6.159997 6.169554 3.807365 6.920354 6.275027 4.894170 3.807365 4.105283 7.759906 9.353582 7.958831 8.630977 9.678437 6.025063 8.443519 8.257356 8.839610 6.772919 5.352332 4.185266 6.676838 11.036934 5.012922 12.147852 7.624143 7.624143 7.624143 7.624143 7.624143 7.624143 7.624143 7.624143 7.624143 7.624143 7.624143 7.624143 7.624143 7.624143 7.624143 7.624143 7.624143 7.624143 7.624143 7.624143 7.624143 7.624143 7.624143 7.624143 7.624143 7.624143 7.624143 7.624143 7.624143 7.624143 7.624143 7.624143
7.859741 7.344388 5.502913 6.940649 3.879589 7.797641 3.877218 4.690367 3.379937 3.391153 8.678738 7.769869 6.772919 4.044047 4.085349 5.149419 9.363662 9.272041 3.378458 9.522556 6.772919 4.403432 4.837981 6.772919 8.385260 4.403432 4.256442 7.624143 7.624143 7.624143 7.624143 7.624143 7.624143 7.624143 7.624143 7.624143 7.624143 7.624143 7.624143 7.624143 7.624143 7.624143 9.924806 11.734864 10.310437 7.624143 7.624143 7.624143 7.624143 7.624143 7.624143 7.624143 7.624143 7.624143 7.624143 7.624143 7.624143 7.624143 7.624143 7.624143 7.624143 7.624143
8.443519 8.443519 6.667326 8.257356 3.877218 4.081980 6.328828 8.257356 8.443519 3.391153 4.660567 5.496115 3.575297 3.609912 3.661607 5.616266 5.616266 7.624143 8.386557 3.849294 5.618959 6.070736 3.398407 3.923746 7.624143 8.889230 7.624143 7.624143 7.624143 7.624143 7.624143 7.624143 8.386557 7.624143 7.624143 7.624143 7.624143 7.624143 7.624143 7.624143 7.624143 7.624143 12.328799 11.535985 11.535985 7.624143 7.624143 7.624143 7.624143 10.292593 7.624143 7.624143 7.624143 7.624143 7.624143 7.624143 7.624143 7.624143 7.624143 7.624143 7.624143 7.624143
7.744782 10.411719 6.667326 7.797641 3.456123 3.575855 7.808763 3.759331 3.759331 3.597893 3.545188 5.496115 7.409058 12.008025 10.415653 8.960214 4.856592 7.624143 7.426813 3.592117 6.432119 7.575885 10.925347 7.624143 7.621673 8.899833 7.624143 7.624143 7.624143 7.624143 10.243153 7.624143 7.624143 8.867562 10.492965 7.624143 7.624143 7.624143 12.324427 7.624143 7.624143 7.624143 8.390713 11.030703 7.624143 7.624143 7.624143 7.624143 7.624143 7.624143 7.624143 7.624143 7.624143 7.624143 7.624143 7.624143 7.624143 7.624143 7.624143 7.624143 7.624143 7.624143
8.257356 8.257356 5.692237 8.443519 3.807365 3.419343 4.520440 7.822953 5.996041 5.852733 10.036522 5.038229 4.399248 10.310437 5.996041 9.244273 7.624143 7.624143 7.624143 5.798978 7.469799 12.622333 7.624143 7.624143 7.624143 8.672462 7.624143 7.624143 7.624143 7.624143 8.792884 11.436214 9.736718 6.402795 7.624143 5.658819 11.328985 9.530178 9.445990 9.406714 11.198696 11.023373 8.539719 7.624143 7.624143 7.624143 7.624143 7.624143 7.624143 7.624143 7.624143 7.624143 7.624143 7.624143 7.624143 7.624143 7.624143 7.624143 7.624143 7.624143 7.624143 7.624143
8.257356 8.257356 8.257356 3.485200 5.900847 5.731125 5.038229 8.233363 4.403432 5.038229 6.590607 4.103640 12.822869 10.310437 7.624143 7.624143 10.994902 12.732570 7.624143 7.624143 7.469799 7.624143 7.624143 7.624143 7.624143 7.624143 7.624143 7.624143 11.369766 7.774814 12.745060 3.965246 3.381449 4.047562 8.607644 3.555645 10.430579 4.927753 4.597480 3.883847 8.692037 7.624143 7.624143 7.624143 7.624143 7.624143 11.245610 7.624143 7.624143 7.624143 7.624143 7.624143 7.624143 7.624143 7.624143 7.624143 7.624143 7.624143 7.624143 7.624143 7.624143 7.624143
4.570596 7.713887 3.942455 4.181578 5.465507 10.127820 5.038229 8.176668 5.038229 10.036522 9.040997 4.930511 9.283519 9.283519 10.151022 11.407029 7.897435 10.459431 12.961043 7.624143 7.624143 7.624143 7.624143 7.624143 7.624143 7.624143 7.624143 7.624143 11.051611 12.756792 8.200777 3.939151 6.319870 4.952351 4.622156 3.389345 3.469753 3.380917 7.285831 6.448579 6.448579 12.705312 7.624143 7.624143 7.624143 7.624143 7.624143 7.624143 7.624143 7.624143 7.624143 7.624143 7.624143 7.624143 7.624143 7.624143 7.624143 7.624143 7.624143 7.624143 7.624143 7.624143
4.375925 3.398407 7.616034 3.398407 5.090101 5.090101 4.064937 6.427971 6.657751 6.920354 9.040997 5.429810 6.772919 10.127820 11.198696 9.338113 5.057843 10.006687 7.624143 7.624143 7.624143 9.470077 7.624143 8.195953 7.855227 7.624143 8.340506 12.822869 5.939742 11.757490 3.532787 3.939151 7.199003 7.199003 9.573220 3.697157 5.396448 3.487870 3.558493 3.895083 3.592117 7.624143 12.705312 7.624143 7.624143 7.624143 5.973816 7.624143 7.624143 7.624143 7.624143 7.624143 7.624143 7.624143 7.624143 7.624143 7.624143 7.624143 7.624143 7.624143 7.624143 7.624143
9.952019 8.768597 5.179602 10.502388 8.615571 7.265670 9.040997 7.934605 5.789987 7.381823 6.427971 3.379108 8.822377 12.103327 7.624143 5.458109 5.417229 10.006687 7.624143 8.780818 9.415768 9.927786 8.774727 9.551852 7.855227 6.723455 10.584468 11.757490 4.237021 10.925347 7.855227 7.624143 3.871113 9.573220 6.178432 3.995091 3.399704 5.465097 4.681594 3.516131 3.402454 3.444593 7.435571 7.624143 7.624143 7.624143 7.624143 7.624143 7.624143 7.624143 7.624143 7.624143 7.624143 7.624143 7.624143 7.624143 7.624143 7.624143 7.624143 7.624143 12.198628 12.705312
7.624143 6.032210 3.409686 10.502388 8.468745 6.920354 8.578915 7.624143 9.476886 9.659831 6.427971 4.145808 9.173506 7.624143 10.292593 7.624143 8.305623 8.305623 9.441813 7.624143 9.544614 11.448661 3.400020 9.763701 7.692812 3.504857 3.486152 8.244975 3.486152 7.624143 7.624143 7.624143 5.683202 9.420225 3.386030 4.609882 4.366237 4.075398 5.414490 4.769147 3.394936 7.624143 11.415795 7.624143 7.624143 7.624143 7.624143 7.624143 7.624143 7.624143 7.624143 7.624143 7.624143 7.624143 7.624143 7.624143 7.624143 7.624143 12.579835 12.198628 12.705312 5.807885
9.952019 9.902333 6.049885 9.388046 11.023373 5.692237 5.433377 10.573728 9.230400 9.230400 11.722119 12.756792 3.530447 8.390713 11.722119 7.624143 12.341003 9.358645 3.463363 3.393502 3.559180 7.624143 3.654501 7.624143 7.624143 4.522878 6.652940 10.464954 7.624143 7.534563 7.624143 7.624143 3.559180 3.380075 4.366237 4.609882 3.380075 3.380075 3.380075 3.402002 6.980386 3.633350 9.869298 8.780818 7.624143 7.624143 7.624143 7.624143 7.624143 7.624143 7.624143 7.624143 7.624143 7.624143 7.624143 7.624143 7.624143 7.624143 12.103327 12.705312 7.624143 12.198628
8.915448 4.924989 4.924989 9.768925 4.115071 11.553019 11.245610 12.704083 11.560217 10.626211 11.369766 12.756792 6.940649 7.624143 7.624143 13.246948 11.711814 8.749977 3.399623 7.624143 7.624143 7.624143 7.624143 7.624143 7.624143 7.624143 7.624143 7.624143 7.624143 7.624143 7.624143 7.624143 7.624143 7.199003 3.487870 7.199003 6.662546 7.330019 3.484722 11.779691 5.035727 3.871113 6.723455 7.624143 7.624143 7.624143 7.624143 7.624143 7.624143 7.624143 7.624143 7.624143 7.624143 7.624143 12.865741 8.768597 8.889230 4.771971 11.432668 9.244273 8.619487 9.053669
10.006687 6.750671 4.115071 3.849294 8.651677 9.244273 7.624143 12.704083 7.624143 7.624143 7.624143 12.185164 7.624143 7.624143 7.624143 13.246948 13.125432 7.624143 6.882281 7.624143 7.624143 7.624143 7.624143 7.624143 7.624143 7.624143 7.624143 7.624143 7.624143 7.624143 7.624143 7.624143 3.488779 3.525154 4.922218 4.597480 9.905716 7.964818 7.624143 7.624143 8.889230 10.434108 12.092160 7.624143 7.624143 7.624143 7.624143 7.624143 7.624143 7.624143 7.624143 7.624143 7.624143 7.624143 7.624143 7.749847 11.032966 4.837981 8.110740 12.061767 8.619487 8.619487
10.426969 7.624143 4.087028 4.281314 8.115978 12.286353 7.624143 11.436214 7.624143 7.624143 9.530178 7.624143 7.624143 7.624143 7.624143 12.704083 11.912723 12.704083 10.403610 6.623745 7.624143 7.624143 7.624143 4.980580 7.624143 8.483505 7.624143 7.624143 7.624143 7.624143 7.624143 7.624143 3.868113 3.525154 7.199003 5.603848 7.624143 7.624143 7.624143 7.624143 7.624143 7.624143 7.624143 7.624143 7.624143 7.624143 7.624143 7.624143 7.624143 7.624143 7.624143 11.040478 7.624143 7.624143 7.624143 8.960214 9.905716 6.628650 4.103640 12.314411 7.624143 7.624143
7.624143 11.008812 6.700342 7.522686 9.441813 8.535207 8.535207 7.624143 10.828325 11.571974 13.151567 10.477344 11.582692 11.722119 7.624143 7.624143 7.624143 7.624143 7.051834 3.421216 3.871113 3.534270 7.624143 6.594189 3.687731 8.483505 10.485801 13.246948 7.624143 7.624143 12.865741 3.500717 3.868113 7.958831 7.958831 4.726825 7.624143 7.624143 7.624143 7.624143 7.624143 7.624143 7.624143 7.624143 7.624143 7.624143 7.624143 11.340912 7.624143 7.624143 7.624143 7.624143 7.624143 7.624143 3.706411 9.905716 9.338113 9.763701 13.151567 7.624143 7.624143 7.624143
7.624143 4.432237 4.115071 5.928188 9.441813 9.026070 4.201684 9.063038 10.562865 7.624143 7.624143 10.477344 9.927786 11.369766 7.624143 9.625480 7.624143 7.638449 7.051834 3.871113 3.379897 3.400097 7.624143 7.624143 7.624143 7.624143 5.924315 7.624143 7.624143 7.624143 7.624143 7.624143 4.398152 11.015034 13.151567 7.624143 7.624143 7.624143 7.624143 7.624143 7.624143 7.624143 7.624143 11.198696 9.466179 8.005350 7.624143 11.245610 7.624143 7.624143 7.624143 7.624143 7.624143 3.776989 3.774495 10.426969 8.257356 8.630977 7.624143 7.624143 7.624143 6.275027
6.118794 4.724826 4.808972 5.461607 7.759906 8.034497 7.624143 9.160350 12.865741 7.624143 3.522928 8.698629 10.053849 9.720782 7.624143 7.624143 12.832364 8.867562 8.867562 7.624143 3.516833 3.555645 6.890253 8.357524 7.624143 7.624143 8.214909 7.624143 7.624143 7.624143 7.624143 7.624143 4.172292 7.624143 7.624143 7.624143 7.624143 7.624143 7.624143 7.624143 7.624143 7.624143 7.624143 11.198696 10.959705 7.624143 7.624143 7.624143 7.624143 7.624143 7.624143 5.810836 9.397473 11.023373 4.440311 8.839610 3.384017 11.549090 7.624143 12.300110 6.980386 9.902333
6.759617 7.624143 12.198628 4.495793 4.411748 7.624143 7.624143 7.624143 7.624143 7.624143 7.624143 6.186754 7.624143 8.005350 12.704083 7.624143 7.624143 7.624143 7.624143 7.624143 3.470789 3.568952 3.380313 3.488779 4.614807 11.566535 8.711697 7.624143 7.624143 7.624143 7.624143 7.624143 9.148971 7.624143 7.624143 7.624143 7.624143 7.624143 7.624143 7.624143 7.624143 13.246948 7.624143 7.624143 11.436214 11.436214 7.624143 7.624143 7.624143 7.624143 8.711697 3.488779 4.267909 9.991788 10.411719 4.986992 10.506719 7.624143 7.624143 11.051241 11.130679 9.768925
7.624143 7.624143 7.624143 7.624143 7.624143 7.624143 7.624143 7.624143 7.624143 7.624143 7.624143 7.624143 7.624143 7.624143 9.434877 7.624143 7.624143 7.624143 7.624143 7.624143 3.401822 7.444248 3.380313 3.818771 5.475514 9.911386 7.624143 7.624143 12.689251 7.624143 11.245610 8.195953 7.624143 7.624143 7.624143 7.624143 7.624143 7.624143 7.624143 7.624143 7.624143 7.814746 8.195953 11.436214 7.624143 7.624143 7.624143 7.624143 7.624143 5.562533 4.194424 3.746032 7.610370 9.905716 9.148971 10.864403 8.121188 7.624143 7.624143 7.624143 12.822869 11.130679
7.624143 7.624143 8.768597 7.624143 7.624143 7.624143 8.386557 7.624143 7.624143 7.624143 7.624143 7.624143 7.624143 13.277087 7.624143 7.624143 11.722119 7.624143 7.624143 7.624143 3.403413 3.685007 3.685007 11.035039 11.424341 5.523098 7.624143 7.624143 7.624143 7.624143 7.624143 7.624143 7.624143 7.624143 7.624143 7.624143 7.624143 11.249152 7.624143 7.624143 7.624143 7.624143 11.150309 7.624143 7.624143 7.624143 7.624143 7.624143 7.624143 7.624143 7.624143 4.936009 10.166085 11.038767 12.198628 7.624143 7.624143 7.624143 7.621673 8.960214 11.130679 10.447417
10.485801 6.333287 8.930717 12.343425 8.958368 7.624143 12.704083 7.624143 7.624143 7.624143 7.624143 11.036934 7.624143 7.624143 7.624143 7.624143 7.624143 11.912723 12.796128 10.685162 3.418073 5.935902 3.789943 11.539378 4.059759 7.624143 7.624143 7.624143 8.889230 8.711697 7.624143 7.624143 7.624143 7.624143 7.624143 7.624143 7.624143 7.624143 7.624143 7.624143 7.624143 7.624143 7.624143 12.293930 7.624143 7.624143 7.624143 7.624143 7.624143 7.624143 11.008812 11.023373 12.198628 7.624143 7.624143 7.624143 7.624143 7.624143 8.219564 8.166831 4.452293 8.915448
8.062351 9.119763 3.642315 3.439726 4.068372 12.228969 7.624143 7.624143 7.624143 6.118794 3.827215 10.173495 10.119924 13.246948 7.624143 10.197291 12.796128 13.437551 8.958368 10.685162 5.035727 10.195242 9.522556 4.963122 7.624143 7.624143 7.624143 7.624143 8.317376 7.624143 7.624143 11.340912 13.246948 7.624143 7.624143 7.624143 7.624143 11.023451 10.399434 7.624143 7.624143 7.624143 7.624143 7.624143 7.624143 7.624143 7.624143 7.624143 10.321619 3.501151 9.458243 11.379412 7.624143 7.624143 7.624143 7.624143 7.624143 7.624143 4.667622 3.480358 8.146823 9.236489
7.624143 10.863717 6.484826 6.407025 7.624143 4.100344 3.379437 12.673660 7.624143 4.231119 10.209335 9.327567 11.198696 7.624143 8.481859 7.624143 7.624143 9.244273 3.455456 3.496499 3.377836 3.811662 3.454086 9.973329 10.483196 7.624143 7.624143 7.624143 7.624143 7.624143 7.624143 10.453586 7.624143 7.624143 7.624143 7.624143 5.105962 11.424341 7.624143 7.624143 12.770439 7.624143 7.624143 7.624143 7.624143 7.624143 8.463763 7.982612 8.166831 4.495793 4.570596 11.379412 10.503411 7.624143 7.624143 11.551999 6.718864 7.934605 4.614807 6.364121 3.516987 4.115071
8.334771 9.112836 7.624143 7.624143 7.624143 3.595075 7.624143 10.387894 7.624143 6.003362 10.584468 8.816555 7.624143 6.464824 7.624143 7.624143 10.991120 11.340912 3.412459 3.412459 3.389345 7.037864 3.651339 12.292493 12.796128 7.624143 7.624143 7.624143 7.624143 7.624143 7.624143 7.624143 7.624143 7.624143 7.624143 7.624143 7.624143 11.424341 7.624143 7.624143 7.624143 7.624143 7.624143 7.624143 7.624143 7.593235 4.933263 4.933263 4.442319 6.407025 6.886275 3.596016 7.624143 7.610370 11.553019 3.438281 3.554681 4.808972 4.808972 6.628650 3.785641 7.490541
10.395177 5.316881 6.007006 7.624143 4.047562 8.960214 7.624143 10.501284 7.832294 7.624143 10.395177 10.395177 11.048180 7.624143 7.624143 7.624143 12.704083 12.704083 12.012993 3.756769 3.685007 3.393710 4.567446 12.292493 7.624143 7.624143 7.624143 7.624143 7.624143 7.624143 12.092160 7.624143 7.624143 7.624143 7.624143 7.624143 3.399784 7.624143 10.197291 10.197291 7.624143 7.624143 7.624143 7.624143 7.624143 6.165857 4.303304 3.870003 3.937494 8.228791 8.591416 3.405499 6.662546 5.316881 3.377832 5.756314 3.379437 8.539719 3.381722 6.231639 3.996771 3.807365
8.195953 3.842451 6.007006 8.406884 8.406884 3.460079 7.624143 7.624143 7.624143 7.624143 7.624143 7.624143 9.402117 12.293443 8.780818 7.624143 12.704083 10.501284 12.832364 3.871113 10.956465 9.294811 11.722119 11.722119 7.624143 7.624143 7.624143 7.624143 7.624143 7.624143 7.624143 7.624143 7.624143 7.624143 13.151567 7.624143 13.125432 7.624143 7.624143 7.624143 7.624143 7.624143 7.624143 7.624143 3.565965 4.059145 5.683202 3.473863 6.777322 4.115071 5.280340 5.533074 3.877218 3.412812 4.115071 5.756314 4.115071 6.419633 3.444593 8.028843 3.839704 8.214909
10.979040 10.479580 3.634354 8.768597 8.780818 7.624143 7.624143 7.624143 10.006687 9.720782 8.146823 3.376852 7.671354 5.170622 8.780818 7.624143 12.704083 12.704083 3.810232 5.908713 7.624143 7.624143 7.624143 7.624143 7.624143 7.624143 7.624143 7.624143 7.624143 7.624143 7.624143 7.624143 7.624143 5.996041 13.151567 11.072308 7.624143 11.484795 8.883870 7.624143 7.624143 7.624143 8.544199 4.575259 3.512692 3.516987 6.657751 6.079174 6.777322 3.480358 4.338852 4.338852 3.810232 6.407025 3.438281 4.338852 6.594189 7.958831 7.127982 3.600695 4.115071 4.115071
10.501284 4.883003 4.415881 3.482965 9.640706 7.624143 7.624143 7.624143 7.624143 7.624143 6.118794 7.339618 4.690805 7.624143 8.780818 7.624143 7.624143 12.704083 12.704083 7.643993 7.624143 7.624143 7.624143 7.624143 7.624143 7.624143 7.624143 7.624143 7.624143 7.624143 7.624143 7.624143 10.494554 5.352332 12.343425 4.301476 7.903699 8.692037 4.771971 7.952816 7.624143 7.624143 4.317790 4.317790 6.286600 3.923746 8.960214 4.864480 7.245189 4.040519 3.478306 4.695380 4.256442 4.808972 3.600695 3.600695 3.583240 3.937494 6.165857 3.412812 4.667622 3.877218
