Example_Watersheds/WA_MashelWatershed/DataInputs/o_3_ChemistryPools/Mashel_1990_Pools/N_g_Det_BgStem_1.asc
ncols         923
nrows         455
xllcorner     550005.67551598
yllcorner     5180549.8134422
cellsize      30
NODATA_value  -9999
[rows 196 to 223 of 455, columns 756 to 818 of 923]
5.021055 4.946051 4.837210 4.164166 4.160972 4.218936 4.440767 1.816885 1.015925 1.057749 2.532918 4.837210 4.837210 1.149326 1.445079 0.871562 1.015925 1.015925 1.015925 0.878165 0.812874 4.946051 2.872883 3.401562 1.114555 1.445079 1.458598 3.002520 1.428334 3.413094 1.114555 1.994346 3.307282 1.015925 1.438228 1.428334 1.114555 1.758114 1.568319 2.629725 3.539657 4.326618 3.997124 4.434484 4.434484 5.771062 5.880031 5.480186 5.450594 6.265420 6.898497 5.354777 6.898497 4.582917 3.859299 6.410818 3.859299 3.859299 5.595983 4.112711 6.259745 2.323778 4.971623
3.228670 4.946051 4.709760 4.210167 4.310627 3.307282 3.596328 1.236160 0.789163 0.789163 1.057749 4.510041 4.837210 2.802029 1.458598 1.015925 0.789163 0.732915 1.445079 0.878165 1.356016 4.709760 3.799330 1.348530 0.913871 1.458598 4.683067 4.683067 4.164166 3.413094 1.149326 0.789163 2.830643 1.114555 1.015925 1.114555 1.114555 1.114555 1.114555 1.492021 1.195237 2.007416 3.081681 3.724544 1.741052 4.142975 3.920092 2.744285 5.484165 6.554106 6.351372 6.223119 4.486435 3.859299 3.859299 4.872365 3.859299 4.534676 3.475012 3.328105 5.835726 3.743178 6.477697
3.177798 1.149326 2.796527 5.222778 4.709760 4.218936 4.538011 4.709760 1.114555 1.445079 1.114555 2.532918 2.532918 2.802029 1.149326 1.015925 2.876133 0.706478 0.732915 1.149326 2.279644 4.683067 3.799330 5.810948 3.659444 4.453099 3.944943 4.833497 4.164166 4.164166 2.613364 1.149326 1.885677 2.628107 1.353218 3.413094 1.114555 1.195237 1.265120 1.265120 2.889384 1.222125 1.265120 0.913871 3.152170 4.580179 1.314693 1.761915 5.242959 5.879779 6.150379 6.250616 3.859299 3.859299 5.017089 1.354152 1.354152 3.859299 6.078316 5.857354 5.802865 5.324443 5.331968
1.149326 1.149326 4.946051 4.210167 3.940071 4.154985 4.709760 3.307282 1.114555 0.789163 1.015925 2.796527 2.532918 1.600208 4.837210 0.916730 1.445079 0.789163 0.789163 4.683067 4.692179 4.692179 4.948740 5.894632 4.196988 5.859555 5.988819 4.961746 4.125569 3.340856 1.902565 0.913871 1.353218 4.157761 2.658489 1.353218 1.114555 1.445079 1.038671 0.930974 1.848599 1.377132 1.113377 1.968129 4.063497 4.943333 1.103253 1.786819 1.786819 1.194541 2.898190 3.524665 6.719787 6.509776 5.242959 5.376950 1.503677 3.859299 5.867247 6.157310 5.609844 5.324443 5.855761
1.149326 1.149326 3.514486 5.354955 4.731870 2.345744 4.218936 3.307282 1.428334 1.114555 1.353218 1.764439 1.600208 1.600208 1.556075 4.937808 5.600528 5.589210 1.764439 4.692179 5.048232 4.331044 5.603474 5.814822 6.260637 5.988819 4.389952 5.533363 5.222778 3.338322 3.861125 3.301994 2.951174 4.157761 2.558303 1.458598 0.913871 5.324443 1.113377 0.841985 1.848599 4.377903 2.251052 0.914690 5.403049 5.039448 4.391727 5.109113 1.585213 0.779098 0.816772 1.723791 1.333408 3.940071 1.775706 3.883251 3.102286 5.451260 6.682271 5.591482 6.170526 6.372722 6.850256
4.286425 2.700560 4.833497 5.785361 4.961746 4.683067 4.683067 4.000289 4.310627 2.953220 3.307282 2.658489 1.114555 1.115144 4.718230 4.814490 4.520487 3.859299 4.837210 4.692179 5.609761 6.104274 5.864549 5.894632 5.838820 2.911229 4.389952 6.078396 4.695168 5.100419 4.443880 3.838219 1.952894 1.952894 4.476818 1.643657 1.149326 5.605099 6.249204 2.872883 4.057745 4.987782 2.945003 1.408091 2.251052 4.549939 3.780592 2.951174 1.982387 2.895997 3.363295 5.146195 1.833581 0.708151 1.089863 5.857354 6.497921 3.859299 5.607519 4.917551 4.917551 5.590984 6.236294
5.287550 4.602469 5.533363 5.408082 3.940071 3.940071 3.940071 4.421682 4.160972 1.521347 1.114555 1.114555 1.114555 1.994346 1.428334 5.310879 3.859299 4.718230 4.709760 5.491937 5.875928 5.063993 5.894632 5.608470 5.829204 5.829204 2.911229 4.946051 6.508745 4.456132 1.764439 5.153982 4.961746 4.723757 5.595294 3.714981 4.784827 6.442772 4.872734 4.031166 5.480186 4.664201 5.004494 2.134585 5.536412 3.823506 4.793219 5.082536 1.517037 5.609173 1.340972 6.507329 6.460407 6.460407 2.959323 5.844673 4.147821 6.194376 6.504210 5.852616 5.582561 6.256174 3.859299
6.260637 5.740707 5.451260 5.578757 2.345744 4.510041 4.946051 4.683067 3.222243 1.353218 1.353218 1.114555 1.114555 1.353218 3.307282 4.814490 3.859299 4.937808 4.937808 4.583953 4.833497 4.971623 6.231745 5.603474 5.030779 4.179899 5.604332 4.224702 5.794336 3.195909 5.319513 4.676873 5.716151 6.104274 5.844673 5.413054 5.867247 5.563492 5.794336 3.431122 4.198251 2.506118 5.146195 5.607144 5.536412 3.424423 3.654148 1.561201 2.062527 4.276297 5.329612 6.170526 6.351372 5.966564 5.015798 6.507329 5.588340 6.258067 6.504210 5.602554 5.981913 3.859299 3.859299
3.859299 4.582917 6.367843 6.401870 4.040153 4.510041 4.946051 5.008379 3.749996 1.353218 1.353218 1.149326 1.015925 1.348530 1.353218 1.149326 2.094312 1.010858 5.021055 5.491937 6.240296 5.716151 6.135872 5.603474 5.113398 3.437749 5.021055 5.190442 5.806962 4.987782 5.319513 5.870423 5.596606 5.598253 5.593919 4.833497 5.859555 5.859555 5.608964 5.321609 5.186982 4.504700 5.283557 5.599045 5.771062 5.609678 2.455277 3.124558 2.156698 6.261208 6.507329 6.440041 6.231745 6.503347 6.447213 6.498980 5.788948 4.052264 6.440041 6.233282 5.755759 3.859299 4.052264
3.859299 5.894632 5.894632 6.112496 6.259087 5.570406 4.987782 4.946051 5.530252 2.542075 3.904596 1.458598 2.468271 4.040153 4.837210 1.790489 2.094312 1.600208 4.398521 5.822236 6.264553 6.263997 4.547593 5.427596 2.558303 1.102049 0.882502 5.289484 6.255340 4.987782 4.987782 5.558572 4.499281 5.785361 5.844673 5.595731 5.880171 5.894632 5.860589 4.077627 5.010278 4.204241 3.875045 1.521347 5.029231 6.264906 2.438292 1.327484 5.599045 3.859299 5.065330 6.164026 3.859299 3.859299 3.859299 6.692772 3.859299 3.859299 6.170526 6.255340 3.859299 4.872365 3.859299
6.435005 6.227827 6.262455 5.513767 5.755759 4.757368 6.223694 5.608470 5.530252 3.829427 3.940071 4.837210 4.133114 4.946051 2.802029 0.861006 0.706498 5.303475 5.491937 5.609761 5.620541 5.570406 5.570406 5.329612 3.640730 3.338322 1.600208 1.773215 4.533102 3.859299 6.010214 4.189147 5.608470 5.785361 5.536412 5.291378 5.240200 4.886125 4.734527 3.156892 5.539399 2.639831 2.694676 1.942562 5.589942 6.460407 4.698134 3.058163 5.599045 5.530252 6.727296 6.587823 3.859299 3.859299 3.859299 3.859299 6.095836 5.589942 6.719787 4.940585 3.859299 3.859299 3.859299
5.894632 5.894632 5.788948 5.722144 5.550727 5.894632 6.392538 5.563492 5.597210 5.878670 5.530252 4.946051 4.937808 4.937808 4.937808 4.814490 6.382822 3.859299 3.594072 3.464137 5.873154 5.875439 5.513767 4.961746 5.237399 4.602469 1.600208 1.773215 1.761915 5.852616 5.607144 6.231745 5.931567 5.472041 5.536412 5.291378 5.291378 4.987782 3.861125 4.723757 2.545709 2.639831 3.993944 5.318403 3.435548 5.880171 4.341711 6.219346 5.371544 3.745461 6.253144 5.065330 3.859299 3.859299 4.920606 3.859299 4.534676 6.264906 6.263488 5.644225 6.210004 6.474078 5.354777
5.597210 6.157310 5.328341 5.745000 5.096010 6.263092 6.263092 5.533363 5.894632 5.894632 4.554573 5.814822 3.170892 4.006577 4.937808 5.556019 5.586116 5.597210 2.690730 5.878670 5.873154 5.988819 5.039448 5.427596 0.789163 1.149326 1.600208 1.600208 4.992136 5.873753 3.859299 5.691064 6.495789 5.802865 5.802865 5.533363 5.818585 4.886125 3.855472 3.811515 3.993944 5.207126 5.691064 5.563492 5.382294 5.868933 5.354955 5.553404 5.455007 3.257840 4.727641 3.859299 3.859299 6.328486 4.727641 3.859299 3.859299 3.859299 3.859299 6.464326 5.869653 5.869653 6.503347
5.597210 5.859555 6.229452 6.264906 5.597210 5.657196 5.472041 5.865491 5.876414 5.620541 5.879922 5.432320 4.085935 4.937808 2.532918 5.310879 5.657196 3.859299 3.859299 6.260637 6.260637 4.080410 5.104787 1.600208 4.837210 1.600208 1.600208 1.600208 1.082018 1.082018 5.592961 5.868933 5.858442 5.360547 5.472041 5.733795 5.878670 3.861125 1.883083 3.483071 4.837210 4.278853 4.096815 4.401889 5.609761 5.186982 3.038876 4.670585 6.510567 6.240296 3.859299 3.859299 3.859299 3.859299 3.859299 4.052264 3.859299 3.859299 3.859299 3.859299 6.482189 3.859299 6.240296
5.597210 5.794336 6.257321 6.263092 5.606951 5.312237 5.427596 5.245677 6.150379 5.530252 5.040791 5.894632 4.946051 2.861359 4.398521 5.306561 6.510688 4.245229 4.245229 4.245229 3.859299 5.510284 4.000289 4.080410 4.814490 4.946051 4.937808 2.861359 4.899047 5.179937 0.865188 5.868933 6.265464 5.802865 5.609844 6.210004 5.146195 1.149326 1.883083 4.360182 3.488399 1.995664 1.168775 4.091404 4.757368 5.186982 3.455884 3.859299 5.825776 5.371544 2.662584 6.510064 6.472066 3.859299 3.859299 4.486435 3.859299 5.837190 6.609049 3.859299 4.245229 3.859299 3.859299
6.291278 5.597210 5.597210 6.010214 2.532918 1.057749 4.744917 5.598253 5.586116 5.432320 5.040791 5.739453 5.608602 4.937808 4.006577 3.209201 4.937808 5.219730 5.328997 6.265293 5.597210 4.525592 4.747454 5.303475 4.814490 5.556019 1.761915 2.725577 1.191748 4.814490 5.578757 5.988819 6.609049 5.597210 5.657196 6.210004 5.966564 2.951174 2.951174 1.498843 1.447026 1.108041 1.729589 3.940071 5.620541 3.131111 5.607519 5.825776 6.362239 3.265924 2.895997 4.920606 5.321609 4.920606 4.389952 6.512567 6.494496 5.258295 5.547742 6.304064 3.859299 5.451260 3.859299
5.589210 5.875928 5.597210 5.597210 3.265924 2.532918 1.600208 5.491937 3.912399 5.586116 4.667405 4.747454 4.088676 3.437749 2.734989 1.802601 1.802601 3.791031 2.770277 4.644480 4.424912 4.525592 4.080410 5.403049 2.837603 3.170892 3.170892 2.117081 1.057214 4.899047 4.899047 5.578757 3.852627 6.495789 6.210004 6.199801 5.597210 5.602554 4.840894 1.063588 1.113377 1.020945 0.711085 0.723761 4.985562 5.568163 2.581169 6.194376 5.495731 6.454002 5.825776 6.238935 4.968847 2.847900 6.265464 6.367843 6.494496 5.017089 5.017089 5.547742 3.859299 4.004023 6.618548
5.572587 5.568163 5.880171 3.273898 4.540436 1.761915 4.179899 4.080410 4.525592 5.019332 5.082536 4.523049 4.946051 4.510041 4.510041 4.937808 2.575952 1.100238 5.289484 4.080410 4.525592 5.291378 3.912399 3.912399 4.651149 2.951174 1.600208 1.735342 1.082018 1.191748 2.839331 5.323539 5.190442 5.231674 6.223694 6.199801 4.440767 5.837190 5.642869 1.408091 1.287340 1.213057 0.711085 1.246875 3.128933 1.968129 3.232921 3.128933 1.949036 6.454002 5.413054 5.789904 5.620541 5.841802 2.486506 5.349301 6.449801 6.460407 4.968847 4.196988 4.968847 3.859299 3.859299
2.861359 4.937808 5.316060 5.100419 1.600208 1.564261 5.506738 4.533102 5.104787 4.966743 5.586116 5.556019 4.937808 1.519193 4.510041 4.937808 2.839331 2.575952 2.879363 4.130613 4.525592 3.551899 5.857354 5.291378 4.276297 1.015925 1.556075 1.213057 1.082018 2.532918 2.532918 4.899047 1.970637 5.021055 5.113398 3.767726 1.643657 5.852616 5.176353 2.007416 0.812874 1.013116 1.013116 1.954176 2.228562 3.333230 6.260637 5.608852 4.343937 5.586116 5.539399 3.213576 2.971376 2.781642 1.742189 5.609678 5.999624 6.508745 6.126637 5.837190 3.859299 3.859299 6.251742
2.861359 3.776344 2.166806 0.706478 2.738721 4.227561 3.551899 3.551899 3.551899 4.533102 4.966743 4.421682 3.922632 3.093194 4.510041 4.937808 2.575952 2.839331 5.109113 5.609627 4.525592 4.627391 4.247129 5.586116 2.821833 2.802029 2.395829 2.796527 2.532918 2.532918 1.624204 1.380740 1.600208 2.796527 1.764439 1.764439 1.082018 1.458598 5.608470 2.113862 0.998208 1.498843 1.138273 3.719783 4.069191 5.955113 5.858442 6.753773 4.932167 5.308042 5.289484 2.755287 2.798366 2.624859 3.914976 5.829204 6.482189 6.711530 4.486435 6.646281 3.859299 6.248106 6.248106
2.532918 4.837210 5.605128 1.486122 3.097753 4.443880 4.051938 3.453115 3.026608 3.551899 4.160972 4.525592 2.628107 3.251704 4.937808 5.021055 2.322065 2.575952 2.906905 4.265914 5.565859 3.551899 4.265914 5.403049 1.353218 1.519193 1.600208 1.600208 1.761915 4.718230 3.820526 4.718230 1.717950 1.764439 1.015925 0.930974 0.913871 1.113377 1.735342 2.113862 2.525520 3.435548 3.719783 3.736267 5.484165 6.249204 5.858442 5.157814 5.253584 3.888661 1.319994 1.876562 2.798366 2.624859 2.368763 2.208612 0.822576 6.850256 6.174878 6.587823 6.671023 5.210053 5.451260
5.556019 4.776054 5.308042 2.646092 5.219730 5.595294 3.551899 3.551899 3.026608 3.912399 4.488207 5.403049 2.837603 3.826473 5.021055 5.021055 4.937808 1.735342 2.906905 5.021055 4.298725 5.657196 5.000492 4.006577 5.556019 2.532918 3.561527 4.510041 4.545227 1.600208 2.532918 1.351346 1.717950 1.015925 1.015925 2.558303 4.545227 0.918759 1.866019 1.382537 3.226535 2.772183 2.945003 1.208313 5.955113 6.508745 6.554106 5.850080 4.630857 3.587250 4.009700 3.217923 3.611863 2.798366 1.545714 3.038876 5.542324 6.362239 6.351372 5.113571 5.161812 5.644225 6.618548
5.371544 4.686128 5.408082 5.285574 5.219730 1.937344 4.759787 2.783520 3.635291 4.115311 4.488207 5.403049 5.303475 4.291393 3.358366 2.796527 2.532918 2.532918 1.764439 5.289484 5.289484 5.739453 5.894632 3.448630 4.510041 4.837210 2.532918 2.532918 1.600208 1.015925 1.600208 1.600208 1.519193 1.057214 1.113377 0.998208 5.047065 3.149799 3.220087 3.220087 0.889121 1.402010 1.869988 3.464137 5.955113 3.009158 5.838820 5.586675 4.591431 5.506738 1.453798 2.650243 4.499281 2.637754 2.218013 1.735342 3.428897 6.474078 6.259745 5.907159 4.293470 3.859299 3.859299
5.794336 5.360547 5.376950 4.731870 4.731870 3.175503 4.510041 1.240007 2.721779 5.586116 5.586116 4.488207 5.179937 1.621119 4.510041 0.906860 0.708056 1.600208 1.807393 5.739453 5.872498 5.872498 2.532918 2.532918 0.789163 1.600208 0.789163 1.265120 1.015925 1.265120 1.265120 1.265120 2.796527 1.428334 1.082018 0.991578 2.468271 5.210338 5.874896 5.530252 2.634555 2.262937 2.936696 3.464137 3.168576 3.026608 6.507329 4.421682 5.818585 4.966743 1.453798 3.159243 2.115473 1.272605 1.296164 3.152170 5.040791 6.474078 6.199801 6.199801 6.462707 5.933672 3.859299
5.794336 5.422811 5.392795 3.904596 5.608026 4.726485 1.970637 3.453115 3.453115 3.912399 4.525592 5.013987 3.811515 3.736267 3.184641 1.405492 0.876974 2.906905 5.021055 5.588340 5.556019 5.556019 2.532918 0.755659 0.755659 1.236160 1.181158 1.445079 1.181158 1.434285 1.445079 1.015925 1.319240 1.181158 1.265120 0.930974 2.468271 4.298725 5.785361 6.255340 5.785361 1.504639 4.450045 5.049369 4.940585 4.698134 5.716151 5.150109 6.194376 4.421682 1.218966 0.883286 2.639831 1.355085 3.182367 2.646092 4.538011 5.740707 5.907159 5.907159 3.859299 5.981913 4.389952
5.988819 5.422811 3.446470 5.871844 5.004494 2.211312 3.544581 2.698604 3.453115 2.834133 4.176784 4.987782 5.556019 3.743178 1.057749 1.405492 1.075549 1.600208 4.814490 5.234557 5.349301 5.517188 1.519193 0.984985 1.181158 1.236160 1.265120 1.700165 1.181158 2.558303 1.458598 1.265120 1.265120 1.458598 1.733046 2.796527 2.802029 2.796527 3.858305 6.240296 3.859299 3.659444 5.047065 5.047065 5.609627 4.940585 5.691064 2.251052 1.879177 1.678330 4.739769 1.814524 3.707700 1.624204 5.599422 3.009158 6.435005 6.242208 5.907159 6.095836 3.859299 3.859299 3.859299
5.879616 5.318403 4.754925 5.745000 3.122360 2.987130 3.142643 4.598813 4.598813 5.277259 4.747454 5.019332 3.888661 3.697849 1.600208 0.789163 1.350409 2.796527 5.517188 5.880117 1.773215 1.510389 1.600208 1.369858 0.848692 1.015925 0.930974 1.325247 3.033988 1.325247 2.996791 4.644480 1.764439 3.097753 1.815706 2.006119 2.006119 4.923485 2.532918 2.027847 5.868063 4.872365 5.063993 1.841804 3.846900 3.832370 3.532202 2.251052 1.863362 5.134206 1.067803 2.277988 1.566293 5.608470 5.599422 4.216029 6.238935 4.727641 5.885431 6.078396 3.859299 3.859299 3.859299
5.838820 5.870423 5.337808 5.295040 4.459146 3.544581 3.835301 2.408229 4.459146 3.294003 5.867247 5.503131 4.510041 0.789163 1.454761 1.103854 2.532918 4.937808 5.871844 5.349301 1.785592 1.600208 1.236160 1.600208 1.600208 1.600208 0.930974 1.600208 1.600208 4.837210 2.532918 4.937808 1.600208 2.796527 4.914540 4.946051 4.443880 0.913871 1.600208 2.919809 5.868063 5.838820 5.054474 3.396893 1.294590 2.615018 0.796538 1.336212 1.176108 4.905332 4.293853 1.250659 1.402010 2.002215 5.650088 1.459555 5.657196 6.507904 6.509776 4.679400 3.859299 3.859299 4.389952
