Example_Watersheds/WA_MashelWatershed/DataInputs/o_3_ChemistryPools/Mashel_1990_Pools/N_g_Det_AgStem.asc
ncols         923
nrows         455
xllcorner     550005.67551598
yllcorner     5180549.8134422
cellsize      30
NODATA_value  -9999
[rows 420 to 447 of 455, columns 496 to 557 of 923]
7.624143 6.723455 6.723455 8.463763 6.174253 6.686287 5.167615 4.403432 3.876736 4.783209 4.111794 5.402106 4.971135 3.935834 4.436366 7.624143 3.535010 3.759331 3.400695 4.426500 5.292641 10.415653 12.838371 7.624143 4.699934 6.003362 6.841475 5.549527 7.478156 10.453586 10.453586 4.520440 8.161870 4.537400 5.845529 3.474371 3.655943 3.684552 4.447273 3.494903 3.401445 3.445138 5.872971 6.886275 3.955551 8.587280 5.482416 11.072308 11.535985 12.832041 8.386557 11.456327 6.286600 11.531177 11.471001 7.624143 12.348486 12.348486 11.995886 12.787433 10.292593 7.624143
5.096467 7.624143 6.723455 5.762519 5.762519 5.167615 3.433451 5.167615 5.429810 4.024478 4.415881 3.770736 3.379250 3.759331 7.624143 3.402993 3.754327 3.400695 3.400695 3.670279 3.385696 8.200777 8.200777 12.827834 7.624143 5.358134 6.003362 3.377399 7.818247 6.890253 4.520440 4.520440 4.151544 6.003362 5.845529 3.418628 3.380590 3.684552 4.447273 4.135909 3.719992 3.955551 8.816555 5.375359 9.865340 8.587280 10.856883 5.613174 11.577987 5.556048 10.863717 10.483196 11.042067 13.532853 12.228969 13.068693 12.427369 9.454206 8.291255 11.615367 12.695605 12.349162
6.686287 5.762519 7.624143 7.624143 3.391805 3.876736 5.768687 7.174522 5.167615 5.575402 5.167615 3.510096 6.587011 4.495793 7.624143 7.624143 6.048561 4.085573 4.692594 3.963637 3.535010 3.686375 6.247590 12.827834 7.624143 5.549527 5.304822 3.401445 4.036978 6.328828 6.014261 6.628650 7.818247 6.003362 4.151544 3.770736 3.770736 4.899830 4.229286 3.717627 3.719992 6.841475 7.033172 5.482416 9.476886 10.919733 4.960439 9.406714 9.476886 8.678738 9.573220 11.211640 9.530178 13.246948 11.055007 12.972410 10.769102 12.840107 8.291255 11.051250 11.569364 12.828222
3.658813 6.500585 7.624143 7.624143 7.624143 6.448579 5.352332 7.859741 6.816238 5.634880 3.399816 5.568985 3.376495 4.594984 7.624143 3.402993 3.486152 3.581411 3.377130 3.400695 4.774063 3.849294 6.523818 12.787433 12.838371 4.634301 4.634301 3.445138 4.734793 3.496273 3.552978 3.919725 7.349137 7.624143 7.624143 4.579903 3.387007 4.899830 4.648705 3.438718 3.976418 5.319877 7.818247 6.056879 4.428174 9.848931 3.831402 5.900847 7.461363 3.795792 5.641766 12.293443 13.342250 12.822869 12.476007 12.804065 10.769102 12.008025 11.051250 11.582692 9.816084 9.816084
6.652940 6.652940 6.686287 7.018989 6.686287 5.762519 4.537400 6.816238 4.271700 5.900847 7.174522 3.378560 3.759331 3.454788 4.537400 3.499183 3.401445 3.445138 5.015844 6.020027 6.020027 4.471275 4.599970 9.625480 7.624143 6.039313 6.039313 6.003362 4.774063 3.429466 3.407716 3.556602 4.092047 3.433010 3.556602 4.579903 4.899830 4.899830 3.387007 7.818247 4.178415 3.660716 7.818247 5.572198 7.461363 10.472631 3.494199 7.270740 3.394666 3.795792 3.730640 11.574363 12.689251 12.841342 12.841342 10.292593 11.544942 9.434877 11.046136 9.884556 11.535985 12.120855
7.018989 6.652940 6.153170 6.686287 6.686287 6.017873 5.588131 7.624143 8.583113 5.762519 4.214249 3.578357 3.773245 7.624143 5.167615 4.399248 4.455591 3.407716 4.031707 4.031707 3.433451 3.448413 3.469753 3.543754 12.755822 12.739618 5.798978 3.484242 4.774063 6.023186 3.820185 5.402106 3.438718 3.438718 6.899776 7.042538 7.818247 7.818247 10.166085 7.042538 6.275027 4.769147 4.500762 3.787002 8.478616 4.845993 5.164600 3.577811 3.392777 4.634301 4.455591 3.999856 7.334829 11.407029 12.341003 12.484534 12.198628 12.767765 7.624143 7.822953 11.017962 11.172149
7.018989 6.377134 6.648113 6.377134 6.686287 6.527643 10.896058 7.624143 7.624143 7.367935 6.772919 7.624143 4.264102 3.400097 7.624143 8.100181 3.846551 3.407716 3.438718 6.894587 4.730284 3.759331 3.695960 9.332863 12.827834 9.392783 5.549527 5.789987 4.455591 3.811423 4.485238 3.445971 4.702203 3.684552 7.334829 7.818247 3.445138 4.648705 4.648705 7.818247 6.301858 6.003362 4.802649 4.151544 4.080291 12.739618 3.400693 3.477887 3.873873 3.789943 3.577811 6.048561 3.469234 9.747684 11.615367 13.628155 12.865741 13.056344 11.584083 10.769102 11.017962 11.284685
6.377134 5.641766 6.648113 6.648113 3.652089 4.199874 6.652940 6.377134 6.686287 6.017873 7.624143 7.624143 7.624143 7.624143 4.470653 5.023120 4.073500 4.455591 6.048561 3.497850 3.849294 3.759331 3.430354 10.236551 12.827834 5.668941 5.429810 4.047562 6.003362 4.455591 4.313666 4.313666 3.438718 3.684552 7.946773 5.328819 3.936096 3.445138 4.378067 7.818247 7.009444 6.319870 5.167615 9.844685 9.888226 7.465591 3.400693 3.730640 3.730640 3.730640 4.430486 4.215583 3.789943 9.747684 11.042067 12.823175 12.344287 12.827834 12.827834 11.585418 10.462233 11.556728
6.377134 6.686287 6.377134 5.264792 6.500585 6.613887 5.264792 6.500585 6.613887 6.652940 3.399816 5.358134 6.686287 7.624143 5.436936 7.624143 8.100181 3.387007 3.445138 4.265991 3.849294 5.058405 3.418392 3.418392 11.448661 12.838371 6.576142 7.042538 7.101692 6.003362 3.445138 6.048561 3.438718 5.209069 7.349137 3.919725 7.624143 3.445138 7.818247 5.546254 4.930511 7.042538 7.367935 6.686287 10.489545 12.739618 3.617014 3.850628 3.387694 3.897864 6.048561 5.995872 4.221349 3.454788 5.641766 5.597587 10.243153 12.832041 10.387894 12.786656 12.348486 8.346210
7.624143 7.624143 6.686287 6.686287 6.500585 6.377134 7.818247 7.818247 9.551852 7.818247 5.705347 5.358134 3.652089 3.602553 7.624143 3.522084 6.243621 7.624143 5.610074 4.697659 3.976418 6.048561 3.400695 6.263343 12.770439 12.739618 8.828160 7.339618 5.549527 6.003362 3.445138 4.455591 3.387007 3.438718 4.648705 7.624143 3.912503 3.392021 5.920431 6.899776 7.349137 4.973793 5.096467 5.167615 5.161578 8.161870 12.739618 6.310857 3.552978 3.811662 4.160297 6.598983 3.955551 5.167615 3.801600 6.633539 11.407029 12.339365 12.348864 13.277087 11.535985 12.320986
5.395110 11.583013 5.816710 6.686287 5.762519 7.818247 6.613887 6.613887 6.377134 6.613887 7.982612 7.818247 5.264792 3.602553 3.553711 3.571922 4.963122 5.641766 7.624143 7.624143 3.445138 3.387727 4.662924 7.018989 13.628155 10.979040 9.311399 10.293057 5.127866 6.003362 3.438718 3.445138 3.552978 4.648705 7.624143 7.624143 7.818247 3.438718 3.409228 3.552978 3.383275 4.488303 5.167615 5.167615 3.656901 4.422047 6.985274 6.153170 6.053388 6.053388 4.160297 6.816238 6.886275 3.477887 6.965618 6.539038 9.747684 12.339365 12.689251 7.814746 12.705312 7.465591
10.956465 7.070212 11.036934 5.171943 5.121643 7.478156 5.641766 6.377134 6.377134 6.377134 6.377134 6.500585 3.433451 3.553711 3.571922 3.407716 3.466087 7.367935 12.120855 7.624143 5.786972 3.759331 5.475514 10.781825 7.624143 13.068693 12.334888 12.334888 12.739618 6.003362 6.127462 5.304822 3.438718 3.438718 7.624143 7.818247 7.818247 3.613895 3.552978 3.445138 3.394666 7.818247 5.562533 5.429810 5.121643 3.543754 4.965799 4.042285 6.053388 5.562533 5.819634 7.575885 10.472631 3.577811 3.801600 3.801600 4.395046 5.703550 8.920576 12.120855 12.810661 7.624143
8.448627 5.672297 4.686209 8.228791 4.083666 4.771971 5.641766 6.377134 6.377134 7.818247 6.500585 6.613887 6.613887 3.381459 3.571922 3.407716 8.011715 6.042848 7.836928 7.624143 7.818247 5.789987 5.765608 10.293057 8.828160 12.838371 12.840107 12.777978 11.582692 4.105283 5.140225 3.577811 5.140225 7.624143 3.804488 7.818247 7.818247 3.445138 3.684552 3.556602 7.818247 7.042538 5.033218 6.153170 4.604937 4.587465 5.140225 5.692237 6.275027 4.051063 5.685627 5.352332 5.352332 3.955551 3.556602 5.995872 4.395046 3.438718 4.345690 12.265982 12.787433 7.624143
3.377836 5.672297 4.024478 3.389371 8.368713 5.346499 8.463763 6.377134 7.818247 6.377134 7.818247 6.613887 7.818247 5.286506 4.905464 4.452293 7.818247 5.392312 8.530664 7.624143 6.925455 3.624223 7.818247 9.902333 12.347511 7.624143 5.831235 10.573728 5.852733 5.529757 5.872971 4.172292 6.003362 6.003362 3.552978 3.438718 3.846551 3.936096 3.596956 3.596956 3.383275 4.648705 6.301858 5.038229 4.570596 4.662924 3.820185 5.692237 5.400685 3.579759 5.672297 5.678981 5.352332 5.167615 3.556602 3.544472 3.573892 3.712486 4.395046 8.011715 11.543805 7.624143
3.536483 3.410001 4.720172 3.413827 3.413827 4.554119 5.143297 7.624143 8.530664 8.530664 7.818247 5.737477 3.602553 5.737477 6.215491 3.571922 4.641526 8.011715 11.583013 7.624143 7.051834 4.856592 6.970559 11.801468 12.745060 10.694560 7.522686 3.543754 4.151544 3.763154 3.820185 3.820185 4.181578 7.624143 3.556602 3.824411 3.438718 3.963234 3.438718 3.383275 3.383275 4.537400 7.818247 6.263343 5.565763 3.759331 6.587011 3.804488 3.387362 3.571922 6.723455 5.678981 4.537400 4.688510 4.475720 5.665577 3.450070 4.151544 3.577811 3.577811 10.316068 12.341003
3.392351 3.452069 3.596501 3.936096 3.779193 6.350987 5.768687 7.624143 7.358576 7.624143 5.313878 4.711229 3.602553 4.599970 7.818247 7.033172 7.552416 6.377134 8.463763 7.624143 7.988488 4.952351 7.692812 10.902160 10.902160 11.048180 9.725522 3.919725 5.671199 4.362983 3.400695 3.770595 7.624143 3.469753 6.587011 3.824411 3.438718 6.427971 4.813627 4.122539 4.051063 5.461607 5.465097 6.561462 3.677058 3.402002 3.445971 3.615977 3.427238 3.579759 4.051063 5.152470 5.152470 6.925455 5.482416 4.395046 5.399275 4.930511 6.023186 4.774063 4.093713 12.787433
4.435527 3.668368 5.194425 5.482282 3.795341 6.350987 3.743819 4.609882 7.624143 7.624143 6.385742 3.804488 6.271145 6.686287 3.602553 4.711229 6.207342 4.688510 6.377134 6.377134 7.624143 8.792884 11.050383 6.017873 8.200777 6.910101 3.379108 3.400110 3.759331 3.400695 3.400695 3.400695 3.452069 3.400695 3.383275 3.556602 4.488303 6.310857 5.152470 7.014225 5.167615 4.835299 3.677058 3.677058 3.801600 3.465027 3.402993 4.786004 4.813627 4.505711 3.444593 5.152470 4.556488 5.900847 10.472631 6.153170 5.995872 5.995872 6.023186 4.313666 8.894550 7.624143
3.828613 6.824713 5.461607 4.797191 3.958138 3.377685 3.378561 4.786004 4.786004 10.434108 5.685627 5.023120 5.328819 6.828927 5.400685 3.602553 4.891331 5.023120 5.023120 6.377134 7.624143 4.641526 8.988325 5.304822 5.313878 4.371629 3.550159 3.380932 4.266007 3.779473 3.955551 3.475197 7.624143 5.683202 3.761882 6.301858 6.301858 6.319870 3.382326 3.600889 6.275027 4.899830 3.973241 3.895083 3.801600 3.963637 4.973793 7.514770 3.441765 3.413281 4.702203 5.746937 5.167615 6.704996 11.503837 5.546254 4.475720 3.432568 5.995872 5.995872 9.507563 12.306352
6.148916 6.148916 3.760608 9.844685 3.424380 3.627259 4.213881 3.795341 3.413827 3.408969 4.911074 7.624143 4.891331 5.461607 5.668941 7.194967 4.891331 5.023120 7.404569 6.377134 7.624143 6.275027 6.480852 5.304822 4.752076 4.771971 5.872971 4.930511 4.930511 5.702083 5.872971 3.876736 7.014225 5.167615 7.624143 6.319870 3.660716 5.429810 3.578786 3.647227 3.392661 5.552792 4.597480 3.810232 3.759331 4.480768 5.130966 3.579759 4.031707 3.418710 3.647384 5.746937 5.283427 9.865340 7.009444 9.848931 4.070085 4.577583 4.273590 3.386522 4.757790 7.724281
3.585068 3.532787 3.760608 4.596707 3.461955 4.845946 3.479867 3.402061 4.698161 3.408969 7.865697 7.624143 5.130966 3.602553 6.841475 4.891331 5.023120 7.478156 4.989613 6.377134 4.438299 7.624143 6.576142 9.166951 5.496115 7.490541 5.568985 4.490804 3.952295 4.686209 4.973793 3.381459 5.685627 4.149636 7.624143 3.876736 3.407655 4.688510 5.152470 5.167615 3.817354 5.352332 4.597480 4.305128 4.924989 6.723455 4.051063 3.390330 3.403413 4.138399 4.022680 3.452069 7.818247 4.989613 9.844685 4.537400 3.804835 5.780914 4.227165 5.995872 6.255491 6.464824
3.810232 6.940649 4.296791 4.292664 3.424380 4.981931 4.845946 3.844234 4.212178 8.850906 8.651677 4.134239 5.086908 4.810891 8.711697 5.756314 5.641766 7.478156 5.023120 6.377134 4.520440 6.576142 7.624143 5.932050 5.331785 5.568985 6.275027 4.973793 6.003362 4.443080 3.849294 4.768580 5.685627 4.178415 7.624143 5.167615 3.876736 3.876736 6.161640 6.480852 6.480852 5.167615 5.167615 7.042538 4.693095 5.161578 3.579759 3.761882 3.403413 4.214249 3.963637 6.768501 3.456123 6.975481 5.352332 4.537400 4.634301 6.965618 5.399275 6.023186 4.160297 7.803985
3.602553 4.614807 4.908399 3.421393 5.140499 5.140499 6.611673 6.804077 6.498901 6.004243 3.378561 5.220655 5.562533 5.721527 7.624143 7.624143 5.597587 7.422404 5.023120 8.530664 4.520440 7.624143 7.624143 8.238738 5.289577 3.774495 4.989613 4.973793 3.789943 3.978001 4.455591 4.160297 4.160297 4.874914 3.807365 7.624143 3.579759 4.813627 7.033172 3.381459 3.717197 6.480852 3.798403 3.789943 3.381459 4.051063 3.579759 4.363494 3.452069 3.518496 3.423300 3.418710 3.463962 3.381459 7.014225 5.678981 5.516404 5.995872 5.995872 6.023186 6.023186 5.995872
8.945639 3.761882 5.789987 3.391371 4.757790 6.165857 6.611673 6.203249 3.401565 3.386033 3.470272 3.908085 6.870204 5.721527 5.258520 7.624143 7.624143 7.624143 7.624143 7.624143 7.624143 4.851304 7.624143 7.624143 7.624143 7.624143 4.405518 4.395046 3.789943 3.432568 3.976418 6.048561 4.774063 3.613895 4.403432 7.624143 5.152470 3.850628 7.377214 5.489283 3.761882 3.761882 3.462059 3.761882 4.813627 3.420285 4.367315 3.465027 3.380590 3.411110 3.498073 3.831402 3.557810 3.380506 3.395899 6.862074 5.080499 3.380661 6.048561 6.048561 6.023186 4.166334
4.432237 7.534563 4.035202 5.013363 3.435498 5.054578 5.191474 3.383342 4.938748 5.516404 3.564852 3.941177 4.301950 8.305623 5.771758 6.472865 7.624143 4.118610 3.433892 8.711697 10.877020 5.401706 4.565913 5.035727 3.615977 3.918379 3.438718 3.559863 5.133188 3.789943 4.395046 3.445138 3.866349 5.655427 5.322865 6.845626 7.624143 10.426969 7.624143 4.655838 4.384467 4.022680 4.111822 3.562962 3.562962 4.175998 3.399542 3.416097 3.465027 4.950747 3.602553 6.594189 3.557810 3.804488 4.051063 6.768501 6.053388 4.731892 4.265991 6.048561 4.774063 6.048561
5.138358 3.731823 4.304013 5.307326 3.524611 3.506610 5.715083 6.118794 8.950536 8.950536 9.684524 4.083666 8.357524 3.900635 8.368713 4.568257 3.978045 3.435498 5.131455 3.438718 3.789943 7.136604 3.421216 3.788474 3.615977 5.845529 5.200304 3.883847 3.934349 4.443080 4.455591 3.445138 4.175998 4.786004 7.123645 7.624143 7.624143 7.624143 7.624143 7.624143 7.624143 7.774814 3.495992 6.768501 4.051063 3.448005 3.579759 4.051063 3.652130 4.976445 4.447273 3.761882 3.439025 7.469799 7.014225 3.397710 4.899830 3.761882 3.420907 5.995872 6.048561 6.048561
4.949120 4.596707 4.596707 5.307326 5.307326 4.596707 6.475160 3.800152 7.832294 3.380075 9.684524 3.413827 4.637536 5.401304 6.500585 9.119763 3.958795 3.435498 3.477389 7.827636 3.378044 7.598971 4.697659 3.841079 4.238980 8.960214 6.965618 4.292277 4.989613 4.989613 7.624143 4.430486 3.557551 8.468745 12.718156 7.624143 7.624143 7.624143 7.624143 7.624143 7.624143 3.504857 11.526148 4.155349 6.594189 3.579759 3.400986 3.448005 3.535747 4.051063 3.562962 3.444593 3.571922 5.546254 3.427238 3.381459 3.761882 4.813627 4.470653 5.685627 5.133188 6.048561
5.399275 5.883814 4.596707 5.307326 3.506610 4.544135 3.390934 7.174522 3.380673 3.608205 3.407433 3.424648 5.916536 5.406230 3.917031 3.575855 3.392989 3.425137 4.584948 7.827636 5.816710 3.383342 8.915448 9.470077 10.919733 9.199258 11.575979 9.470077 12.308766 8.637916 7.624143 4.063205 6.475259 8.034497 7.624143 7.624143 7.624143 7.624143 7.624143 7.624143 7.624143 7.624143 7.624143 7.692812 6.153170 7.377214 7.818247 4.051063 3.579759 3.579759 4.470653 4.051063 3.571922 6.215491 3.602553 3.381459 3.761882 3.804488 7.377214 4.774063 4.265991 4.265991
3.922820 3.781342 3.886672 3.895083 3.652089 4.596707 4.110192 4.332180 5.981268 3.520160 3.407999 5.080499 5.974210 5.974210 7.827636 4.004462 3.791409 7.280821 3.629313 7.413526 4.081502 3.422213 9.991788 11.051492 7.719444 11.002101 12.286353 10.722021 13.199366 11.017962 7.624143 3.779193 4.013477 7.624143 7.624143 7.624143 7.624143 7.624143 7.624143 7.624143 7.624143 7.624143 7.624143 7.624143 8.839610 10.925347 8.186395 8.863066 4.955053 10.070853 8.176668 7.818247 3.602553 5.328819 4.470653 3.390330 3.579759 4.434262 4.403432 5.226705 6.048561 4.430486
