Example_Watersheds/WA_MashelWatershed/DataInputs/o_3_ChemistryPools/Mashel_1990_Pools/N_g_Det_BgStem_1.asc
ncols         923
nrows         455
xllcorner     550005.67551598
yllcorner     5180549.8134422
cellsize      30
NODATA_value  -9999
[rows 420 to 447 of 455, columns 630 to 692 of 923]
3.243425 1.630333 3.944943 1.307810 0.718022 0.718022 1.050748 1.326740 0.708438 3.455884 3.287584 1.905293 2.143504 0.719856 2.400504 2.710275 4.006577 1.379840 0.805250 2.814699 1.964350 0.717860 1.379840 2.276329 3.058163 2.219345 1.917460 0.883286 2.131428 2.140542 2.527376 2.527376 4.218936 4.218936 2.527376 2.269659 1.493976 2.574206 3.859299 4.786960 3.859299 3.859299 3.859299 3.859299 3.859299 3.859299 6.087184 5.771062 4.283917 5.868891 3.147421 5.234557 5.609844 4.154985 5.313552 3.627055 5.598253 5.832521 6.254066 5.313552 5.584369 6.250616 5.740707
3.944943 3.455884 1.170983 1.670373 1.797779 0.719856 0.948224 0.720877 0.972882 1.722627 0.972882 0.781146 0.854404 0.763595 3.901971 3.685304 3.722169 1.379840 0.805250 2.814699 1.550912 1.041441 1.041441 0.967183 3.058163 1.298510 1.325994 2.408229 2.779760 2.046467 2.574206 1.222125 0.776063 1.102049 0.909337 0.962852 0.839809 1.186123 2.527376 2.561865 3.859299 3.859299 3.859299 3.859299 3.859299 5.850080 5.030779 5.499501 6.251742 5.578757 5.172728 4.683067 4.683067 4.485389 4.517905 4.882821 5.228750 4.440767 5.635538 6.248106 5.216641 5.547988 5.955113
1.104454 2.409764 1.670373 1.670373 1.741052 0.840535 0.818058 0.719856 0.801767 2.013864 0.972882 0.783984 0.844148 2.032863 2.710275 3.228670 1.008590 1.008590 1.515144 1.018720 0.717860 0.722373 2.611705 2.807488 1.446053 1.941261 1.303952 2.300884 2.406691 2.527376 0.855401 0.723915 0.844148 0.828940 0.888340 1.356947 1.303952 1.886971 1.368027 2.034111 5.597210 3.859299 3.859299 3.859299 3.859299 3.859299 5.869653 5.881890 5.328997 5.265937 5.326126 5.032297 5.054474 5.606951 4.491005 3.861125 5.228750 6.250616 5.858442 5.855761 6.351372 5.608178 6.554106
2.397391 3.849770 3.544581 2.013864 0.818058 0.948224 0.727993 0.709954 0.818058 0.818058 1.384330 0.714456 0.840535 0.763595 2.710275 4.006577 1.008590 1.008590 0.796701 1.135590 0.710795 1.400262 2.219345 2.864676 2.725577 0.828119 1.446053 3.304642 2.367141 0.981759 0.962852 0.779127 1.034768 2.998706 2.644010 2.725577 2.173944 2.173944 2.417109 2.616668 2.045242 5.392795 3.859299 3.859299 3.859299 3.859299 6.632789 5.287550 4.000289 5.265937 5.880171 5.589423 6.255340 5.337808 5.337808 5.506738 4.692179 5.360547 4.547593 5.608470 6.250616 5.082536 5.536412
4.198251 3.849770 3.849770 1.501747 1.384330 2.013864 1.402010 1.577606 1.402010 0.921181 1.180446 0.717860 1.154617 1.057749 4.398521 1.379840 0.707959 0.792330 1.069601 1.611783 0.719856 1.400262 1.483155 1.714425 2.877750 2.259558 2.240739 2.358979 2.367141 2.610043 2.593199 0.816514 1.113377 1.112196 1.010292 2.300884 5.879779 4.080410 2.370382 1.903931 2.518356 5.008379 4.486435 3.859299 3.859299 6.505530 6.069233 6.510424 5.609627 3.433339 5.620541 4.683067 4.398521 5.880117 5.605862 4.022051 4.022051 4.978724 5.620541 6.205010 4.523049 3.685304 6.104274
0.720369 3.944943 3.944943 0.995456 3.038876 2.059123 2.013864 1.577606 0.730334 0.758468 1.051290 4.937808 3.997124 3.202586 4.398521 0.724568 0.735641 0.719856 0.716445 1.422337 1.722627 1.722627 0.962852 1.314693 1.970637 1.723791 1.252919 1.924143 2.725577 4.634298 0.829759 0.759567 0.849707 0.823973 2.378427 2.300884 5.609844 4.862385 3.455884 0.739263 1.073177 5.349301 5.855761 5.451260 3.859299 6.263092 5.894632 5.999624 5.480186 5.480186 4.352213 5.657196 6.447213 6.435359 5.601572 5.245677 4.182997 6.460407 5.287550 6.069233 4.523049 4.795257 6.261972
1.658865 0.821172 2.818276 3.444302 2.010002 2.013864 2.013864 0.905647 0.736474 0.728971 0.763573 4.981033 4.247129 0.972882 0.972882 0.791159 0.763595 0.934253 1.364352 1.550912 0.760090 0.828667 0.722793 0.835419 2.274666 1.995664 2.904735 1.716777 2.934605 5.186982 1.514196 0.758700 1.042545 1.108041 3.977834 5.855040 0.768939 0.709263 0.730713 0.799389 2.758917 2.758917 5.237399 5.261119 3.859299 3.859299 6.087184 5.042104 4.935002 6.236896 4.244381 5.596606 5.563492 6.435359 6.250733 5.550727 5.838820 5.873753 5.604874 5.878670 3.596328 6.351372 5.324443
1.095380 1.095380 3.239244 2.818276 1.307810 0.951285 0.951285 1.446053 0.707599 0.717320 0.720003 2.844487 3.769896 0.934253 0.718876 0.717860 0.717860 0.779868 0.744132 0.719856 1.153109 2.040318 1.174648 1.381639 1.595954 1.995664 3.074694 2.987130 1.966872 2.846196 1.876562 1.571349 1.042545 0.729439 0.914690 1.008022 0.706944 0.968615 1.151598 0.860945 0.899527 1.146285 3.529699 3.710137 6.174878 3.859299 5.894632 5.879616 5.977799 4.213106 4.431313 3.483071 6.236294 5.422811 5.931567 6.682271 5.589210 5.878029 5.771062 5.310879 5.586116 6.372722 5.607519
1.631350 1.184708 2.267983 0.988233 2.818276 1.402010 0.794443 0.783153 0.854603 0.886902 0.763573 2.844487 0.724873 0.711309 0.717860 0.943081 0.721378 1.032525 0.744132 0.865188 1.604438 1.174648 1.356016 0.804183 1.379840 2.219345 3.749996 2.802029 1.774462 4.170507 3.455884 1.073177 1.569331 0.855250 0.742261 0.817988 0.712114 0.828940 1.030845 0.722793 2.624859 2.046467 4.726485 3.859299 6.059934 6.632789 6.260637 3.875045 5.612876 3.925160 3.820526 5.228750 5.113398 5.113398 6.263997 5.165353 4.734527 6.020589 4.450045 5.595294 4.935002 6.351372 6.188737
2.067614 3.849770 4.468071 1.004757 1.401137 2.459009 0.805688 0.905781 0.886902 0.930504 1.410681 5.022749 0.943081 0.763894 0.791159 0.868950 0.763595 0.748897 0.748897 0.721378 1.042545 1.722627 0.734767 2.919809 2.232057 2.582899 2.527376 2.582899 2.430643 3.245505 2.491901 0.748308 0.770498 0.841691 0.760321 0.955339 1.119930 0.972882 0.929562 1.230736 5.366077 5.597210 4.418432 5.582561 6.460407 6.460407 6.260637 4.006577 5.856183 5.484165 5.096010 5.330186 5.183480 5.565859 5.716151 4.989974 5.059254 6.020589 5.609502 5.608470 5.606534 6.010214 6.705532
1.784363 0.708281 2.451529 2.181014 1.401137 1.035886 1.258400 0.902601 0.756635 1.028662 1.028662 4.006577 3.944943 2.091014 0.824529 0.708288 0.724568 0.710795 0.951285 0.851392 0.711310 0.829214 0.849031 3.469592 3.664698 1.579787 1.401137 1.343815 2.582899 3.245505 1.681715 0.745775 0.820350 0.860470 0.948224 0.712114 1.119930 0.810258 0.810258 1.050748 3.333230 6.258067 6.477697 5.446118 5.298538 3.524665 6.260637 2.411295 3.568652 5.847432 5.096010 5.343586 4.354242 4.395134 4.568713 5.091560 5.580690 5.863624 5.096010 5.596606 6.482189 6.319602 6.231745
1.307810 1.501747 1.307810 1.307810 1.384330 1.307810 1.307810 0.706242 0.811511 0.764054 4.091404 3.944943 3.582655 3.944943 2.906905 0.708288 0.783431 1.135590 0.951285 0.951285 1.463367 0.765329 0.849031 0.993243 2.951174 1.825283 0.822015 0.707135 0.994351 2.274666 0.732759 0.718397 0.718397 0.756989 0.778835 0.777377 0.782350 1.303952 0.711534 2.837603 6.506249 5.313552 5.360547 5.818585 3.156892 5.810948 4.554573 2.568941 1.183291 2.344074 5.157814 5.004494 5.599045 5.802865 4.210167 4.276297 5.878942 5.878942 5.650088 5.850080 3.858305 4.613292 5.650088
1.670373 0.764054 3.944943 2.013864 1.307810 1.096599 0.748949 0.717460 0.861103 2.919809 2.219345 1.351346 4.069191 4.198251 0.707959 0.708480 0.820609 0.711053 0.951285 0.744132 0.706562 0.713419 0.713419 0.723001 0.706375 1.291378 0.854194 0.751966 0.710729 1.004215 0.967661 0.724139 0.838351 0.835606 0.710182 0.948224 0.854404 1.213731 2.357336 5.876414 6.265464 5.604874 5.130127 6.240296 5.138244 1.888263 0.727236 2.453405 0.720003 3.731609 3.731609 4.346030 2.692705 6.265464 5.039448 4.189147 5.870423 5.316060 5.006451 5.919470 5.609761 4.613292 4.255275
1.670373 3.651485 0.857207 0.811824 0.730237 1.307810 0.713962 0.748949 2.190798 2.152324 1.747847 1.578697 3.568652 2.917672 0.824529 0.824529 2.397391 0.812612 0.716388 1.041441 0.744863 0.711258 0.838366 0.804621 0.726930 0.861103 0.744425 0.737607 0.878165 0.708480 1.299291 0.710426 0.713081 0.835606 0.838810 0.707650 1.638921 5.306561 5.880031 5.875439 6.265464 4.556860 4.556860 5.321609 4.152611 4.281393 1.401137 1.658865 1.401137 1.671515 3.031535 2.344074 3.616219 4.609708 4.876126 4.749969 5.015798 3.442126 5.240200 5.875439 5.029231 4.391727 5.878029
1.319240 2.347410 0.861103 0.810108 0.805688 0.897879 0.708230 0.708230 0.707959 3.350910 1.086155 3.239244 3.568652 5.002507 2.618314 2.554725 2.323778 3.944943 0.804183 1.041441 0.722232 0.709357 0.766708 0.762737 0.736285 0.813159 0.744425 0.727508 0.878165 1.402010 0.746598 0.707135 0.985193 1.018377 0.707700 2.488308 1.392342 4.782669 5.565859 4.263278 6.506249 5.818585 6.010214 5.530252 1.488094 2.601671 1.974383 1.974383 0.724172 2.199077 3.582655 3.368193 3.501557 4.317576 4.654448 5.272854 5.032297 5.587801 6.264305 5.755759 5.589423 5.285574 5.589942
0.778068 0.848014 0.768431 0.777086 0.861103 0.708810 0.984525 2.618314 3.944943 4.088676 3.930179 2.577695 1.086155 2.880970 1.004757 2.919809 3.568652 3.582655 1.786819 0.748897 1.802601 0.719856 0.739431 0.714533 0.718693 0.790275 0.790275 1.249148 1.658865 0.956347 1.338119 2.199077 1.067803 1.212381 1.417536 1.655380 3.793164 4.701076 5.234557 5.354777 5.303475 5.035245 4.734527 5.436981 2.102507 1.311644 2.411295 1.401137 0.706251 2.182420 2.089361 0.741535 1.903931 3.566287 3.566287 2.928298 4.959203 5.602554 5.642869 4.568713 5.999624 3.368193 5.862625
0.874581 1.658865 0.756635 0.708336 0.858706 0.759345 3.944943 3.784798 3.944943 3.582655 3.944943 3.159243 3.719783 4.670585 2.936696 1.004757 1.298510 1.373506 0.941201 0.941201 1.248392 2.065921 1.292986 3.038876 0.820609 1.586294 1.349470 3.740885 0.829487 0.955339 3.971291 2.919809 0.891642 2.152324 5.306536 5.197239 4.401889 4.701076 4.657723 5.337808 4.348107 5.328997 5.225785 4.726485 2.102507 1.670373 1.670373 1.974383 1.840439 3.582655 1.366191 3.263914 0.916730 0.997109 2.129845 2.584626 2.065921 5.868891 5.096010 5.907159 4.840894 5.231674 4.125569
2.242466 0.739361 0.830311 0.788940 1.450903 3.944943 4.198251 1.539430 4.198251 3.582655 3.239244 3.239244 2.746130 2.629725 3.582655 1.004757 2.775981 0.750080 0.865566 0.735781 1.753460 3.392191 1.004757 3.038876 3.944943 2.919809 2.460869 3.239244 1.644836 1.658865 3.971291 1.035327 4.795257 3.956911 5.043388 5.873154 6.256174 6.256174 4.914540 5.495731 5.417963 4.798759 4.882821 4.784827 5.306536 4.902204 2.242466 0.886792 1.614909 0.707938 1.085534 0.882894 0.707851 3.261896 5.520547 4.006577 5.874352 5.272854 5.642869 3.805447 5.607519 5.870423 5.157814
0.822576 0.853451 0.830311 0.902601 0.893731 3.944943 3.582655 3.793164 3.793164 3.582655 3.226535 1.004757 2.818276 3.582655 3.944943 3.909810 2.775981 0.796016 0.861006 0.830304 2.500816 3.315151 3.226535 1.224484 0.962852 1.421333 2.818276 0.797839 1.415829 3.156892 4.795257 4.198251 0.708244 4.398521 5.250989 5.599045 4.192198 4.729190 4.976387 3.736267 5.043388 5.295040 4.142975 4.485389 3.756722 5.436981 1.760650 1.974383 0.807604 0.883960 0.782939 0.819027 0.886902 0.792330 2.115473 3.193669 5.789904 4.778283 4.778283 5.868891 4.545227 3.817535 5.722144
1.401137 0.934110 0.861103 0.708543 0.862532 3.115728 1.268456 1.004757 1.004757 4.224702 5.298538 1.796569 1.798988 4.613292 2.818276 2.637754 3.944943 1.334300 1.100842 1.121995 2.002215 2.637754 1.004757 1.004757 1.792927 1.014803 1.103253 1.151598 1.791709 0.848014 3.740885 0.924386 0.802843 4.899047 5.312237 4.833497 5.326126 4.670585 4.784827 4.037171 5.318403 5.295040 4.964259 5.253584 5.609173 4.766902 4.374398 1.401137 0.807604 0.888340 0.888340 0.763573 0.883960 0.884369 1.727275 1.338119 2.013864 5.691064 6.265420 4.786960 5.582561 1.620088 1.673793
3.207003 0.708217 0.800579 0.830304 1.877870 3.444302 4.328839 1.479181 1.971888 4.331044 5.272854 0.874181 2.322065 3.135447 2.624859 2.624859 1.152354 3.537181 1.179732 1.337166 2.774085 2.500816 3.135447 3.239244 3.239244 4.040153 1.215794 1.151598 1.466213 1.929450 0.716468 0.830304 3.669911 5.609502 5.312237 4.305914 4.391727 5.193861 4.504700 5.664193 4.568713 4.974020 5.879416 5.879416 2.046467 0.889963 1.658865 1.124738 0.770298 0.886902 0.707969 0.724873 0.708345 0.886781 0.739922 2.013864 1.501747 4.006577 4.814490 2.749807 5.291378 5.838820 1.401137
1.937344 0.841747 0.758568 1.058818 2.712204 3.491049 4.328839 2.572455 2.572455 4.224702 1.720292 1.004215 2.818276 2.985180 0.841623 2.616668 3.549469 3.888661 1.407226 1.066000 2.774085 1.580875 2.637754 3.582655 3.568652 4.040153 2.350732 4.734527 1.150084 0.713395 1.018377 1.535212 3.944943 5.222778 4.981033 4.471006 5.476144 5.024413 4.926408 5.059254 5.879416 4.822181 3.638016 0.859474 2.140542 0.884848 0.903025 0.905781 0.883960 0.803112 0.718210 0.839209 0.708262 0.886902 0.744475 0.868575 3.228670 3.455884 3.431122 1.969384 2.094312 1.539430 1.539430
2.827133 3.624821 0.772872 1.327484 2.807488 3.594072 3.549469 4.040153 0.874181 1.407226 0.874181 0.706793 2.919809 1.969384 1.390569 2.495478 4.102170 4.468071 1.745589 1.281647 1.654215 1.742189 2.637754 3.582655 2.919809 5.328341 4.057745 4.057745 0.991799 3.135447 0.774379 0.724766 0.713529 3.944943 4.337562 5.312237 5.032297 4.882821 5.117642 3.909810 5.495731 3.207003 2.818276 2.818276 0.899938 0.884848 0.886902 0.826863 0.726991 0.886902 0.742062 0.883960 0.708262 0.706370 0.709367 0.709367 0.930504 0.953823 2.674758 3.170892 2.818276 4.198251 2.397391
1.401137 2.684775 0.727554 1.586294 3.368193 3.793164 3.793164 1.630333 1.910723 0.874181 1.026469 0.706793 2.534757 2.500816 3.135447 2.554725 2.552930 2.628107 4.154985 3.086306 3.086306 4.468071 3.568652 2.818276 2.919809 3.239244 2.668692 0.706626 1.658865 3.793164 0.848014 0.724766 0.720900 2.384802 5.250989 6.030155 5.878670 4.418432 5.117642 5.126007 2.668692 0.870445 1.480177 1.568319 1.478184 0.905781 0.767485 0.767485 4.104827 0.822015 0.884369 0.772949 0.772408 0.841492 0.707942 0.707942 0.720900 0.798099 2.422932 4.104827 2.358979 1.384330 0.708438
1.401137 1.077321 0.723047 1.058818 0.824251 3.582655 2.947066 0.710691 2.807488 3.852627 1.026469 1.700165 1.700165 1.292182 2.818276 4.308278 3.740885 4.538011 3.444302 3.852627 1.624204 3.539657 3.930179 4.224702 2.919809 0.724619 0.837352 0.720900 0.732603 1.651880 1.658865 0.720900 0.830304 1.369858 4.996372 5.598253 4.706889 3.154535 5.855040 1.009725 0.757146 1.198706 2.637754 0.916323 1.401137 0.883994 0.889963 1.350409 4.147821 0.811418 0.864818 0.886902 0.772949 0.706897 0.713529 0.720900 0.707060 0.707060 2.906905 3.038876 0.743844 3.038876 2.267983
1.401137 0.786472 0.770906 1.058818 0.726841 1.402010 0.889963 0.756831 0.727670 0.783936 2.362254 3.239244 0.988792 0.987114 2.057416 4.198251 3.944943 4.308278 2.893798 1.004757 4.198251 0.835554 0.707060 0.992689 0.723916 0.709367 0.709868 0.706897 1.099028 1.884381 0.870249 0.717104 0.830304 1.018377 0.713529 1.723791 3.267928 1.213731 0.709357 1.121995 0.707867 0.975705 2.837603 4.009700 1.939957 2.169670 1.974383 2.837603 2.670719 0.811418 1.022055 0.776170 0.759121 0.708415 0.708415 0.709367 0.707060 2.484700 0.930504 0.930504 4.031166 3.038876 2.310505
0.785567 0.861103 0.843976 0.932041 0.782672 0.745154 0.711428 0.711317 0.764214 1.126787 0.924386 3.355889 1.836331 0.914280 0.914280 1.654215 1.579787 3.444302 0.969091 0.707060 2.287878 2.279644 1.162849 0.916323 0.916323 0.713529 0.709367 0.837620 0.708336 1.928126 2.919809 1.583047 0.870249 0.720900 0.830304 1.723791 5.082536 0.758235 1.018377 0.724498 0.783505 1.312407 2.837603 6.260637 6.427562 2.940861 4.759787 2.134585 1.018720 2.915530 1.974383 1.974383 0.727376 0.902880 0.713558 1.387902 0.709367 1.327484 2.378427 0.708336 1.942562 2.347410 0.776257
0.760321 0.804183 1.402010 0.839445 0.793124 0.718619 0.756831 1.174648 0.716153 0.708157 0.884848 0.719352 5.126007 4.224702 0.914280 2.568941 2.568941 2.919809 1.642475 0.848692 0.805079 0.708336 1.928126 3.944943 2.307311 1.670373 0.916323 0.707867 0.708336 4.198251 3.285650 1.658865 0.706897 0.707942 1.658865 2.044014 4.517905 2.115473 0.812087 1.124738 0.706949 1.937344 4.198251 6.316467 6.316467 5.550727 6.659026 5.697503 4.288917 3.763355 4.602469 4.130613 1.039226 0.707060 0.707942 0.709367 0.713529 0.991578 0.708253 3.808487 0.975236 0.740491 0.824529
