Example_Watersheds/WA_MashelWatershed/DataInputs/o_3_ChemistryPools/Mashel_1990_Pools/N_g_Det_root_1.asc
ncols         923
nrows         455
xllcorner     550005.67551598
yllcorner     5180549.8134422
cellsize      30
NODATA_value  -9999
[rows 308 to 335 of 455, columns 63 to 125 of 923]
2.915800 2.703439 2.911310 2.817684 3.780487 3.780487 2.799333 3.780487 2.674256 2.915800 2.577091 2.577813 2.750379 2.576228 2.717670 2.644961 2.466304 2.600745 2.700542 2.414472 2.504662 2.635661 2.929539 2.762314 2.671946 2.740501 2.598408 2.765611 2.781403 2.830534 2.557788 2.576931 2.764268 2.821219 2.815647 2.787140 2.787140 2.831968 2.777845 3.312651 3.312651 2.723577 2.782076 2.787734 2.780839 2.756973 2.796830 2.815248 2.806677 2.820284 2.667140 2.791099 2.643082 2.884293 2.676310 2.780301 2.655723 2.589372 2.711162 2.450498 2.888957 2.803059 2.575754
2.743499 2.743499 2.799333 2.599889 3.780487 3.780487 2.891887 2.833718 2.795537 2.793924 2.517813 2.449257 2.750379 2.617592 2.915800 2.839523 3.312651 2.428733 2.906490 2.578193 2.868911 2.929598 2.666048 2.771822 2.763109 2.759779 2.581454 2.793553 2.581454 2.581454 2.618967 2.589987 2.773678 2.899576 2.814233 2.776867 2.854467 2.745102 2.792507 3.312651 2.578252 2.801197 2.756973 2.623068 2.794916 2.805111 2.781442 2.761015 2.578684 2.741844 2.635355 2.772074 2.657324 2.647108 2.585530 2.577096 2.577096 2.575299 2.798984 2.780729 2.824876 2.886721 2.616223
2.740221 2.584374 2.833718 3.780487 3.004296 3.780487 2.833718 2.814627 2.700269 2.451727 2.435874 2.891624 2.578194 2.578194 2.525219 2.889409 2.928388 2.561343 2.906490 2.748993 2.453777 2.453777 2.888446 2.731483 2.593387 2.620922 2.815945 2.613009 2.581952 2.789771 2.592389 2.782744 2.891546 2.577370 2.615985 2.891839 2.747589 2.594566 3.312651 3.312651 2.608836 2.801598 2.777233 2.786921 2.794916 2.805111 2.792605 2.771495 2.791289 2.669678 2.885367 2.740692 2.658066 2.753123 2.491194 2.876976 2.491194 2.595703 2.714132 2.627896 2.919827 2.616223 2.403607
2.778623 2.581995 2.673796 2.790256 3.010600 3.780487 2.578026 2.713705 2.670290 2.839523 2.629218 2.952089 2.668247 2.776867 2.409811 2.628407 2.504662 2.652542 2.504662 2.575602 2.464702 2.463194 2.594325 2.731483 2.719029 2.593387 2.657324 2.720238 2.641689 2.782062 2.592389 2.598408 2.696946 2.700746 2.695567 2.885351 2.591840 2.594566 3.312651 3.312651 2.772458 2.576823 2.632485 2.777998 2.802233 2.818556 2.841683 2.788709 2.773263 2.683633 2.580112 2.802466 2.860601 2.390203 2.549497 2.390203 2.812342 2.692585 2.692585 2.575754 2.612682 2.588866 2.485227
2.578026 2.617019 2.599889 2.599889 2.799333 2.799333 2.703476 2.659781 2.773628 2.749616 2.590702 2.462613 2.690822 2.810512 2.889183 2.891839 2.504662 2.592067 2.635661 2.847572 3.182183 2.924759 2.707872 2.676546 2.575455 2.916418 2.772478 2.569224 2.595114 2.782062 2.778385 2.872302 2.921818 2.921818 2.896751 2.795655 2.727026 2.595288 2.798027 3.312651 3.312651 2.850152 2.813909 2.565132 2.793817 2.767762 2.780719 2.791729 2.771742 2.726083 2.890716 2.720797 2.470560 2.390203 2.436682 2.652542 2.491194 2.575754 2.575754 2.578138 2.463194 2.463194 2.670510
2.749350 2.578252 2.599889 2.614355 2.668530 2.559863 2.863032 2.926436 2.786207 2.784971 2.467147 4.381257 2.561343 2.516528 2.414472 2.605915 2.587195 2.414472 2.788113 2.414472 3.312651 2.926436 2.733098 2.633741 2.577816 2.577816 2.898886 2.898886 2.916418 2.663750 2.782062 2.575299 2.909795 2.827196 2.641029 2.622051 2.613690 2.734871 3.312651 3.312651 3.312651 2.577614 2.639539 2.582992 2.806677 2.642921 2.747731 2.838830 2.771742 2.810710 2.568838 2.565285 2.895781 2.895781 2.917051 2.549497 2.549497 2.463194 2.886721 2.463194 2.434877 2.434877 2.776867
2.606430 2.833718 2.799333 2.701705 2.788751 2.618984 2.745660 2.810724 2.699207 2.590702 2.656951 3.312651 3.312651 2.606917 2.656951 2.414472 2.656951 2.676971 2.676971 2.414472 2.414472 3.804715 2.678334 2.815543 2.781559 2.577088 2.699477 2.898886 2.884181 2.586859 2.601360 2.889409 2.709522 2.922280 2.641029 2.889183 2.372573 2.921818 3.312651 3.312651 3.312651 2.577614 2.792977 2.610219 2.803674 2.704768 2.802588 2.747731 2.766960 2.753319 2.634739 2.631104 2.526227 2.522253 2.390203 2.634607 2.403607 2.886721 2.576470 2.403607 2.434877 2.434877 2.888957
2.613690 2.676812 2.599889 2.596074 2.583841 2.580112 2.575607 2.575299 2.670290 2.771711 2.717918 2.409985 3.519691 3.312651 2.541582 2.635661 2.929584 2.414472 2.414472 2.635661 2.414472 3.424120 2.594777 2.783053 2.909608 2.784363 2.577370 2.666814 2.600407 2.715623 2.578257 2.675969 2.709522 2.692585 2.889183 2.786345 2.744332 2.744332 2.783014 3.312651 3.312651 3.312651 2.708821 2.706651 2.665645 2.840530 2.842344 2.792605 2.795418 2.697747 2.785242 2.854326 2.526227 2.596435 2.762419 2.876976 2.445448 2.629816 2.521759 2.758057 2.367859 2.434877 2.916418
2.638834 2.574975 2.574975 2.887946 2.688408 2.733717 2.684612 2.688408 2.773070 2.575139 2.414472 4.072688 3.312651 2.577096 2.414472 2.889183 2.414472 2.382028 2.699477 2.582154 2.927274 2.519609 2.611991 2.809225 2.816825 2.752649 2.778415 2.783005 2.704543 2.888446 2.888446 2.889418 2.379211 2.820260 2.658875 2.592784 2.889183 2.592969 2.661855 3.312651 3.312651 3.312651 2.696002 2.800478 2.802233 2.773782 2.732091 2.793377 2.727839 2.466193 2.598135 2.922728 2.526227 2.802466 2.670510 2.434877 2.891868 2.891868 2.699369 2.522253 2.739983 2.666814 2.730081
2.589667 2.847572 2.680150 2.664804 2.891751 2.761914 2.792181 2.609310 2.735365 2.660475 2.891898 2.455988 3.312651 2.826391 2.890720 2.414472 2.891898 2.698527 2.414472 2.635661 2.656951 2.748993 2.748993 2.672823 2.706651 2.579865 2.672607 2.891247 2.759812 2.924381 2.363076 2.889418 2.776061 2.643413 2.372573 2.776061 2.592784 2.613690 2.661855 2.580419 3.312651 3.312651 2.768766 2.756973 2.803674 2.773782 2.755206 2.787269 2.690838 2.697294 2.576781 2.773070 2.891247 2.593703 2.659781 2.688485 3.413793 3.413793 2.902526 2.659459 2.669918 2.772458 2.704543
2.773070 2.677022 2.641029 2.761826 2.829389 2.593872 2.665104 2.657692 2.574807 2.928388 2.578232 3.402250 2.658743 2.750379 2.577286 2.891898 2.414472 2.635661 2.414472 2.582186 2.793924 2.929025 2.634739 3.312651 2.706651 2.672438 2.577927 2.795593 2.577872 2.884231 2.395090 2.395090 2.929407 2.886048 2.891839 2.667297 2.928671 2.592784 2.644280 3.312651 3.312651 3.312651 2.762070 2.582992 2.814629 2.804153 2.780719 2.752429 2.625903 2.613009 2.842451 2.647283 2.917021 3.892365 3.312651 3.052328 3.312651 3.312651 5.590098 2.577980 2.640996 2.888957 2.669918
2.409811 2.743533 2.414472 2.761826 2.890720 2.704239 2.704239 2.700027 2.589987 2.570240 2.599335 2.647283 2.461326 2.435874 2.604959 2.414472 2.414472 2.618984 2.414472 2.414472 2.414472 2.466589 2.575579 3.424120 3.312651 2.405693 2.379211 2.379211 2.590048 2.709522 2.707872 2.474770 2.519609 2.917021 2.917021 2.891838 2.795655 2.928671 2.891839 2.665316 2.604519 3.312651 3.312651 2.594148 2.814629 2.787734 2.747731 2.786523 2.753319 2.663230 2.884614 2.670070 2.409811 3.312651 3.312651 3.312651 3.312651 3.312651 3.312651 3.312651 4.136748 4.136748 2.579040
2.423675 3.368079 2.744452 2.577872 2.575387 2.581995 2.414472 2.787439 2.658152 2.778415 2.581869 2.518429 5.176017 2.495653 2.889183 2.922728 2.891898 2.922728 2.832789 2.642007 2.800780 2.743349 2.466304 2.576427 2.592784 2.701342 2.701342 2.624008 2.929624 2.604463 2.405315 2.747404 2.927172 2.519609 2.716376 2.891838 2.814233 2.578231 2.675268 2.587287 2.676310 3.312651 3.312651 2.613903 2.575162 2.784806 2.750307 2.819238 2.818331 2.663230 2.887918 2.470560 2.390203 3.312651 3.312651 3.312651 3.312651 3.312651 5.755731 3.312651 3.312651 3.312651 3.312651
2.409985 2.409985 2.659904 2.862301 2.467147 2.891749 2.778415 2.920346 2.928671 2.889831 2.900490 2.377216 2.434877 2.929624 2.581915 2.635661 2.414472 2.635661 2.891898 2.832789 2.519609 2.832789 2.604447 2.606532 3.352284 2.647283 2.581995 2.891888 2.929624 2.917051 2.829389 2.915169 2.474770 2.405315 2.372573 2.899576 2.891838 2.575387 2.605183 2.600407 3.312651 3.312651 3.312651 2.722640 2.885306 2.747722 2.770354 2.749281 2.809239 2.727839 2.707036 2.589372 2.734592 3.312651 3.312651 3.312651 2.598181 3.389493 3.312651 3.312651 3.312651 4.223630 3.312651
2.927525 3.020130 2.799083 2.862301 2.793924 2.671788 2.911083 2.920346 2.577092 2.722369 2.778415 2.803059 2.809095 2.397246 2.739568 2.922280 2.594433 2.585526 2.888180 2.664804 2.922728 2.847572 2.581869 2.483981 2.464826 2.884848 2.517179 2.631990 2.891798 2.928193 2.887035 2.499832 2.829085 2.549497 2.886048 2.918747 2.874507 2.921818 2.921818 2.662732 2.581304 2.425586 3.312651 3.312651 2.713445 2.650553 2.791204 2.784606 2.665104 2.624718 2.637163 2.887918 2.412252 4.430670 3.312651 3.312651 3.052328 2.664379 3.312651 3.312651 3.312651 3.266170 3.312651
2.927525 2.833800 2.699477 2.699477 3.020130 2.887905 2.891007 2.698527 2.714857 2.709229 2.594400 2.890720 2.888957 3.685324 2.627896 2.462613 2.690555 3.402250 3.312651 2.405315 2.414472 3.591417 2.578104 2.704543 2.731580 2.780729 2.576427 2.596699 2.858125 2.849102 2.928388 2.928388 2.891690 2.499832 2.889418 2.813948 2.577750 2.678127 2.921818 2.662732 2.754285 2.788633 3.312651 3.312651 2.564195 2.756973 2.791204 2.807070 2.594647 2.660695 5.258833 2.891624 2.464702 4.430670 3.312651 2.523629 2.687314 2.805787 2.805787 2.762419 3.312651 3.312651 3.312651
2.724324 2.694105 2.793924 2.414472 3.020130 2.778415 2.618984 2.660475 2.390727 2.596699 2.890720 2.381790 3.312651 3.312651 2.499832 2.671368 2.898886 2.606795 2.699477 2.879819 2.593463 2.699477 2.578090 2.578090 2.793924 2.773332 2.778415 2.581915 2.917021 2.849102 2.929407 2.849102 2.891690 2.675969 2.496724 2.751756 2.744135 2.712028 2.662732 3.419108 2.609246 2.813675 3.312651 2.705400 2.771933 2.755817 2.815248 2.780506 2.756164 2.897707 2.585547 5.548690 2.680672 2.458036 2.693467 2.749010 2.459773 2.758057 2.909795 3.312651 3.312651 2.487667 2.678127
2.577745 2.900490 2.927274 2.639539 2.595175 2.924381 2.574277 2.884181 2.809095 2.898648 2.926436 2.381790 2.879819 3.312651 2.526227 2.518429 2.925472 2.646399 2.699477 2.578232 2.795593 2.578232 2.773481 2.699477 2.635661 2.572317 2.882870 2.885367 2.915169 2.928388 2.474770 2.666811 2.928193 2.620117 2.415858 5.465874 2.900490 3.255083 2.706988 2.854944 2.731341 3.312651 3.312651 3.312651 2.779239 2.789837 2.857610 2.787592 2.806000 2.707580 2.592506 2.917051 3.312651 2.733098 3.312651 5.755731 2.592904 3.312651 3.312651 3.312651 3.312651 3.312651 2.856870
3.020130 2.787439 2.890559 2.924381 2.595175 2.659904 2.928568 2.928568 2.928671 2.809095 2.871183 2.482718 2.917051 2.594566 2.374903 2.917051 2.390203 2.582154 2.593872 2.927009 2.610715 2.891898 2.887514 2.592785 2.888596 2.727026 2.851737 2.577088 2.922728 2.908077 2.658875 2.915169 2.622051 2.372573 2.588866 2.588866 2.800851 2.818581 2.433054 2.929559 2.803347 2.601360 2.773714 3.312651 2.790796 2.782762 2.764087 2.784806 2.780506 2.594433 2.592506 2.747589 2.745290 2.779088 2.952089 2.840916 2.663958 3.312651 3.312651 3.312651 3.312651 4.472079 4.472079
3.307480 2.929598 2.873410 2.898648 2.656951 2.929598 2.504662 2.639539 2.698009 2.635661 2.596699 2.591723 2.658066 2.462613 2.463194 2.370225 2.891355 2.578215 2.891888 2.716968 2.771237 2.697294 2.891690 2.804140 2.815543 2.909608 2.612682 2.612682 2.660475 2.415858 2.474770 2.608424 2.578252 2.395090 2.746191 2.898886 2.800851 2.771237 2.871183 2.772434 2.813683 2.575455 2.726741 3.312651 2.764261 2.874507 2.764087 2.801412 2.819238 2.801980 2.766337 2.689587 2.653835 3.312651 5.341649 5.341649 4.007454 2.465704 4.099405 2.929480 3.312651 5.797139 3.478283
2.604519 2.927274 2.504662 2.823348 2.929598 2.574490 2.929598 2.414472 2.577816 2.663230 2.898648 2.838109 2.581590 2.462613 2.898886 2.370225 2.704239 2.613009 2.610715 2.699477 2.578232 2.591933 2.887620 2.891693 2.771237 2.763708 2.491194 2.457100 2.917021 2.887620 2.731580 2.379211 2.908077 2.929320 2.470560 2.769353 2.589048 5.590098 2.789548 2.818867 2.811219 2.699369 2.615240 3.312651 2.580962 2.575139 2.819495 2.773523 2.819238 2.780506 2.791885 2.780506 2.600922 2.921818 2.697294 2.720797 2.760725 3.312651 2.884614 2.764987 2.581952 2.463881 3.312651
2.517179 2.927274 2.578684 2.890559 2.644961 2.885367 2.887918 2.867758 2.577816 2.723931 2.891129 2.591358 2.891898 2.650680 2.486691 2.887633 2.434877 2.560405 2.720473 2.463811 3.382659 2.864231 2.618984 2.440747 2.577096 2.613438 2.574807 2.415858 2.917021 2.588866 2.588866 2.474770 2.716376 2.669231 2.578066 2.875592 2.604670 5.548690 2.746724 2.746724 2.805137 2.811219 2.804772 3.312651 3.312651 2.796572 2.824653 2.773523 2.748503 2.733717 2.751330 2.608893 2.886048 3.352284 2.697294 2.370225 2.499182 4.223630 2.422896 2.653191 2.418776 2.463881 3.413793
2.913189 2.586363 2.596699 2.612325 2.612325 2.459667 2.414472 2.665316 3.020130 2.906490 2.577980 2.862301 2.445209 2.670407 2.631780 3.113079 2.926730 2.891247 2.778415 2.390203 2.561343 2.453873 2.438470 2.373441 2.928113 2.612325 2.795593 2.457100 2.461946 2.917051 2.581053 2.608424 2.608424 2.840187 2.928671 2.370225 2.832789 3.389493 3.052328 2.680672 2.805137 2.773701 2.787527 5.258833 3.312651 2.713650 2.790321 2.734541 2.739260 2.706305 2.577745 2.796194 3.312651 2.758904 4.321889 2.891690 2.370225 2.860204 3.312651 3.312651 2.576427 3.312651 3.312651
2.511480 2.572317 2.872302 2.727026 2.414472 2.884181 2.635661 2.576628 2.631780 2.511480 2.658066 2.591103 2.771237 2.428733 2.486691 2.464884 2.906490 2.885704 2.626576 2.390203 2.392836 3.433233 2.464406 2.467147 2.467147 2.602406 2.697769 2.860204 4.321889 2.512254 2.491194 2.420859 2.417839 2.616223 3.312651 2.469122 3.052328 4.261349 3.052328 2.799170 2.805864 2.754971 2.890392 2.796563 3.312651 2.789174 2.843391 2.796359 2.691721 2.742738 2.707635 2.579865 2.782062 2.883435 2.891760 2.464826 3.312651 3.312651 3.312651 3.312651 3.312651 2.505576 2.395424
2.593703 2.890720 2.414472 2.677645 2.449257 2.884181 2.607840 2.793924 2.414472 3.307480 2.773668 2.577813 2.771237 2.896751 2.581223 2.646399 2.519028 2.900490 2.906490 2.561343 3.602508 3.312651 3.395467 4.720527 3.307480 2.517179 2.916247 2.466589 2.370225 4.803344 2.929505 3.287433 4.596303 3.809548 3.312651 3.312651 4.261349 2.683751 2.887946 2.790442 2.741941 2.600407 2.732163 2.793981 3.312651 3.312651 2.816929 2.762099 2.719070 2.812342 2.710607 2.579865 2.909795 2.581304 4.720527 3.312651 3.312651 3.312651 3.312651 2.464341 5.051792 3.312651 4.265038
2.578890 2.699477 2.750509 2.524847 3.335273 2.888180 2.603464 2.661592 2.661592 3.591417 2.656593 2.435874 2.890720 2.795148 2.604519 2.561343 2.588866 2.900490 2.471981 2.505279 2.467050 5.879955 3.312651 3.312651 2.451727 4.057997 2.455088 2.876976 2.455088 4.496472 2.450498 4.265038 4.057997 3.809548 3.312651 2.746191 2.746191 2.580457 2.699805 2.929320 2.766259 2.750346 2.599889 2.592878 3.312651 2.667775 3.312651 3.312651 2.574277 2.895781 2.593463 2.771237 2.890559 2.529685 2.664379 3.312651 3.312651 2.856870 5.217425 2.390203 2.889634 2.581020 2.467061
2.669624 2.669624 2.510689 2.623779 2.587862 2.778415 2.832789 2.887021 2.621881 2.414472 2.545541 2.758721 2.772663 2.642921 2.459773 2.818699 2.435874 2.632654 2.463881 2.550512 2.809095 2.577980 2.467050 3.312651 3.312651 3.312651 4.637711 2.509055 2.509055 4.679119 3.768140 4.679119 5.921363 2.464341 2.461668 2.690822 2.723985 4.554895 2.605133 2.780699 2.773263 2.743122 2.753750 2.676310 3.312651 3.312651 3.312651 3.312651 2.596728 2.390203 2.589667 2.845064 2.909795 2.934320 3.312651 3.312651 3.312651 3.312651 3.312651 3.312651 2.403607 2.840187 2.403607
2.635661 2.814233 2.597255 2.524847 2.414472 2.656951 2.771237 2.635661 2.594325 2.414472 2.699477 2.788113 2.596856 2.717670 3.020130 2.518429 2.435874 2.674167 4.554895 2.467061 3.312651 2.466304 2.432395 2.386293 2.635661 2.929598 3.312651 2.446604 4.761936 4.637711 2.720797 2.508211 2.425586 2.358223 3.312651 2.929615 3.312651 2.658875 2.812566 2.778385 2.795418 2.787527 2.659781 3.312651 2.753123 3.312651 3.312651 2.697747 2.787014 2.621881 2.390203 2.415858 2.526227 2.390203 3.243692 3.312651 3.312651 3.312651 3.312651 2.690808 2.876976 2.463194 2.403607
