Example_Watersheds/WA_MashelWatershed/DataInputs/o_3_ChemistryPools/Mashel_1990_Pools/N_g_AgStem.asc
ncols         923
nrows         455
xllcorner     550005.67551598
yllcorner     5180549.8134422
cellsize      30
NODATA_value  -9999
[rows 324 to 350 of 455, columns 671 to 731 of 923]
5.979435 4.252820 1.914823 3.489683 6.660544 4.022017 1.667186 6.013483 7.507197 11.070611 4.208864 3.159697 2.259399 2.088328 2.752834 3.704075 2.239878 4.825992 5.453564 5.453564 2.889774 8.319854 6.473505 4.565562 4.088259 8.087525 7.066948 1.277721 1.623910 2.386101 1.523419 5.713685 13.283374 12.048972 12.896944 9.026318 2.621778 1.947846 2.473628 6.909253 5.158509 1.796279 2.225232 12.025584 16.105071 10.417236 3.709525 4.608864 2.873940 2.322790 3.613833 9.252484 3.185421 1.561182 2.313043 2.926755 0.735196 1.418031 1.980794 0.871828 0.455935
7.896590 6.766166 4.825992 3.541385 5.187085 5.453564 8.410218 10.801672 2.689851 5.595118 7.261330 9.765420 4.925215 3.144267 1.919545 5.532767 2.570699 6.019161 2.054044 5.674251 4.456910 8.319854 1.786755 2.653176 5.674251 4.390575 3.682284 3.629367 1.623910 3.911964 6.543535 8.149346 12.048972 7.648134 9.026318 8.053821 5.204243 3.682284 5.985108 6.830552 29.305408 3.091096 2.083432 12.760376 15.288864 11.500430 12.275909 12.147986 6.508504 3.059215 16.140456 4.252820 1.796279 2.637472 0.884801 0.455935 0.836580 1.477831 0.524325 0.455935 0.455935
7.896590 3.704075 4.495283 4.445845 4.121137 8.865491 2.810690 2.689851 2.689851 5.090038 7.027487 5.175651 6.139307 2.205697 3.644904 6.596144 1.815310 1.876992 1.633537 4.126612 8.087525 3.180275 1.734262 1.914823 3.961433 7.580509 7.749680 9.026318 8.188708 2.493058 2.371498 2.371498 5.504461 6.002131 9.132635 2.847569 5.141377 6.926130 3.252347 24.913093 17.052540 17.282042 7.969616 11.205000 11.488523 26.256398 8.871230 15.577588 12.084065 23.540317 22.805445 3.169985 1.263512 3.272953 0.858721 1.408777 1.834317 1.734262 1.734262 0.649708 0.455935
5.067250 6.660544 8.121240 9.210506 8.273111 4.396098 5.090038 2.689851 10.200646 5.044478 7.597410 4.027531 4.418198 4.554742 4.771614 3.159697 7.316486 13.074265 3.911964 1.933702 4.722728 5.770084 6.456018 6.456018 4.093772 8.392130 20.628032 16.762748 16.762748 4.733587 4.766179 2.371498 9.162572 7.727103 6.965527 6.926130 12.048972 12.048972 13.665170 24.913093 9.090752 3.890006 8.555192 9.484853 20.816812 12.499675 8.871230 21.388457 12.469729 14.857493 19.878514 19.878514 4.324378 2.103015 1.594990 0.780789 1.772457 0.455935 0.564220 0.797887 0.455935
6.537694 5.250047 4.324378 6.116385 8.273111 6.421183 4.993307 11.169685 7.544240 4.208864 4.208864 4.280323 3.764090 2.205697 4.554742 9.060856 9.060856 2.507625 9.026318 2.205697 6.013483 5.770084 4.641368 7.162883 9.455690 8.392130 12.896944 4.208864 5.335080 6.162242 4.396098 8.591510 9.162572 5.335080 13.884397 13.677010 9.252484 20.628032 20.628032 12.571587 13.341513 9.026318 13.447240 4.993307 10.595838 5.295670 5.945414 10.042404 9.479019 9.788951 9.953887 8.745082 6.013483 4.603449 1.102714 0.455935 1.638349 0.495830 0.455935 0.455935 0.823118
4.646787 10.900464 11.458764 9.120665 8.273111 8.290001 6.555219 14.664346 14.719433 10.200646 6.965527 4.280323 4.060639 10.801672 3.164841 7.811801 7.591776 6.909253 1.815310 5.169936 3.551730 10.428348 5.595118 9.894938 9.455690 9.508192 7.980839 8.888447 5.169936 3.298719 4.947895 2.371498 3.824238 13.884397 12.896944 12.896944 12.896944 20.628032 12.661561 5.877457 13.453123 15.910133 19.738868 5.674251 14.486341 12.211931 6.719186 10.779719 14.058196 4.522300 1.054212 1.762917 4.022017 1.570849 0.649708 0.809285 1.287175 0.495830 0.455935 0.455935 1.306041
3.206006 5.674251 10.378350 5.255777 10.200646 7.191127 10.228405 17.957064 16.494872 2.889774 4.630531 4.208864 10.801672 9.912617 8.422281 9.060856 14.449528 9.258484 5.803961 4.981947 7.507197 10.589574 6.242620 4.831434 7.507197 6.999316 4.280323 3.386394 3.386394 5.713685 7.868317 4.412672 5.792666 5.566764 12.060669 13.341513 13.789546 8.398159 7.334892 4.549334 8.171837 8.986081 3.603478 5.674251 4.044080 6.719186 14.052477 13.022200 5.922750 3.064526 1.054212 3.753168 0.575618 1.772457 0.455935 0.455935 0.455935 1.943133 0.689602 0.484431 0.455935
4.374013 8.290001 15.718417 13.341513 10.106282 11.897034 14.382077 15.043212 8.065054 4.159487 4.462444 5.719321 6.666404 4.635949 10.233957 4.576383 14.351436 11.210887 3.660511 7.162883 7.162883 9.222497 8.825335 8.110000 6.766166 3.027369 12.896944 8.053821 7.980839 5.713685 8.008902 5.854829 5.141377 3.634546 14.746975 16.762748 13.789546 3.603478 20.828698 11.803637 3.857102 7.334892 4.809672 5.549762 3.977943 13.706614 5.854829 13.706614 7.261330 2.826490 0.455935 2.926755 1.362294 2.721325 0.530025 0.455935 1.561182 0.609813 0.718098 0.455935 0.889096
5.770084 8.290001 22.730215 5.255777 10.200646 10.721302 6.937384 10.900464 8.065054 5.141377 7.112076 7.016217 6.202411 11.293348 7.377881 4.538519 9.871371 14.757992 10.106282 9.502356 7.316486 8.974589 10.801672 12.113121 4.722728 6.502668 20.628032 11.844489 3.458680 6.914878 6.002131 3.634546 2.947908 10.845579 3.835189 12.896944 6.334681 11.738932 20.084801 4.038563 3.211154 7.134652 6.185191 4.208864 15.856183 5.169936 13.706614 3.339964 3.169985 1.000093 1.848555 0.530025 1.018273 1.128723 0.455935 5.402738 1.943133 0.649708 0.455935 0.455935 1.590165
14.510077 7.531888 26.261836 29.224386 14.576197 16.830709 20.161303 6.231127 5.770084 4.088259 8.825335 9.871371 8.494728 7.586142 6.202411 5.770084 7.157236 10.933395 6.036265 13.010810 8.349955 8.349955 8.865491 13.126515 13.394303 9.741984 12.896944 11.844489 3.634546 4.269319 6.047701 6.002131 6.002131 8.591510 12.060669 12.060669 5.335080 8.428314 9.026318 5.204243 10.982792 4.351943 2.570699 2.916184 16.680040 16.518751 5.430966 3.339964 0.649708 0.455935 0.455935 0.455935 0.689602 0.678204 0.455935 1.009200 1.638349 0.490130 0.455935 0.455935 0.455935
5.204243 10.922418 8.025744 30.781315 26.261836 29.392852 14.201221 5.124254 9.479019 7.659410 10.801672 7.525714 6.294378 5.521442 5.521442 9.479019 9.060856 13.213639 9.060856 15.380207 10.106282 9.871371 17.957064 17.957064 17.957064 8.132481 12.229377 15.868170 5.187085 2.947908 5.747515 8.808131 6.213895 8.591510 6.926130 9.660073 8.494728 2.979666 4.543926 3.443184 10.982792 5.837866 2.390967 15.473069 6.858648 9.420709 1.829567 1.561182 0.455935 0.455935 0.455935 0.455935 0.455935 0.723797 0.689602 0.455935 1.301330 1.527959 0.518626 0.455935 0.455935
5.527104 8.785198 17.407104 26.446955 23.121099 29.392852 26.261836 6.999316 10.030595 8.591510 10.807161 6.836170 6.294378 2.684609 8.267482 7.964005 9.060856 9.060856 11.093220 10.683628 11.452814 10.545745 6.678127 6.976788 5.843520 7.525714 6.225382 8.888447 7.129007 4.440314 8.126861 8.278741 3.427691 12.060669 5.481831 6.392328 4.016504 4.241825 2.205697 5.141377 4.110188 8.997575 16.518751 18.417800 7.941564 8.239341 4.022017 1.551509 1.249272 0.649708 0.490130 0.455935 0.455935 0.455935 0.455935 0.455935 1.362294 0.455935 0.455935 0.455935 0.455935
12.783132 12.025584 8.025744 23.339837 29.392852 19.962138 26.261836 5.204243 9.467354 2.205697 5.250047 5.945414 4.418198 4.533112 10.900464 9.032068 12.493685 13.494314 12.252641 8.859753 9.706868 11.076100 7.112076 13.884397 7.334892 7.783558 4.412672 20.072530 8.825335 4.598034 7.868317 7.513368 7.513368 7.134652 3.391555 6.914878 6.914878 5.278710 4.733587 5.027412 2.556151 6.689854 21.866534 24.055938 16.063799 2.963783 2.342279 2.332536 1.115758 0.977171 0.763691 0.455935 0.455935 0.455935 0.455935 0.763691 0.512927 0.858721 0.455935 0.455935 0.455935
20.704439 20.704439 10.785207 7.693249 29.392852 29.392852 29.392852 17.112896 5.204243 3.714977 5.589445 2.386101 4.088259 13.196210 11.004747 14.719433 6.271366 6.502668 10.862045 13.925919 7.544240 7.525714 12.493685 7.129007 6.053420 4.533112 11.187341 3.427691 3.427691 6.937384 8.278741 5.854829 5.351983 7.202428 6.502668 7.464034 2.616548 5.278710 5.312555 6.282870 7.464034 14.587216 21.638788 10.702461 16.063799 4.203374 2.147047 1.662384 0.569919 0.558521 0.455935 0.455935 1.063110 0.455935 0.455935 0.916550 0.916550 0.455935 0.455935 0.455935 0.455935
8.392130 17.757400 7.470197 12.066517 18.688846 17.112896 18.004594 5.204243 5.158509 5.453564 2.716077 1.947846 3.824238 11.128503 9.060856 9.060856 6.271366 12.714871 8.188708 9.502356 5.820910 5.820910 8.494728 9.741984 4.412672 5.278710 3.494852 2.570699 2.181268 9.660073 5.713685 5.713685 6.036265 6.282870 2.653176 5.129960 8.727895 5.272975 6.502668 6.502668 7.464034 6.926130 29.305408 23.817532 3.138982 7.975227 1.943133 1.810555 0.977171 0.609813 0.455935 0.455935 0.455935 0.967941 0.803586 0.832108 0.649708 0.455935 0.455935 0.455935 0.455935
6.903628 12.726246 7.470197 23.235512 20.252502 29.392852 17.282042 5.204243 4.060639 5.453564 11.004747 11.081589 12.868486 10.071933 10.089633 7.568959 4.197885 8.307820 6.549377 9.479019 8.267482 2.405565 6.549377 14.069635 2.507625 1.619094 1.966682 5.129960 4.170453 4.722728 5.713685 5.578103 5.278710 5.027412 5.129960 5.346347 8.076289 4.307850 5.129960 4.993307 4.993307 11.305134 14.965293 26.162723 7.727103 7.817451 2.332536 1.943133 0.524325 0.455935 0.455935 0.455935 0.455935 0.524325 0.455935 0.832108 0.683903 0.455935 0.455935 0.535724 0.455935
14.339182 15.496290 8.025744 26.240083 14.201221 14.201221 17.903609 20.252502 20.252502 4.554742 4.088259 11.205000 17.957064 14.492478 8.380076 6.311646 6.654685 2.093224 5.164222 4.088259 5.158509 6.654685 10.167338 8.934378 2.507625 3.731338 5.278710 2.653176 4.186909 6.502668 2.953198 5.578103 2.493058 2.493058 5.854829 8.727895 4.307850 8.076289 4.396098 5.702414 4.060639 11.305134 22.882246 24.913093 21.055904 4.313358 2.449331 0.569919 0.524325 0.455935 0.455935 0.455935 0.455935 0.507228 0.655407 0.455935 0.666805 0.455935 0.455935 0.858721 0.858721
34.915602 31.811509 35.028450 35.139893 18.191679 8.768003 17.112896 20.252502 6.999316 1.772457 5.250047 6.841789 17.957064 7.402473 8.380076 3.401878 2.575548 2.322790 3.873549 4.159487 5.158509 5.368893 8.003289 3.922949 1.980794 1.980794 9.432367 6.619549 5.713685 5.713685 1.700761 5.578103 2.254519 1.914823 5.129960 5.129960 4.396098 7.556598 2.029541 1.436495 12.246824 15.158019 23.969147 26.162723 9.312511 1.862781 1.254022 0.552821 0.455935 0.455935 0.455935 0.455935 0.535724 0.854323 0.455935 0.455935 0.455935 0.678204 0.552821 0.706700 1.254022
27.025306 35.028450 35.028450 29.158705 18.191679 20.252502 17.112896 8.768003 8.250596 8.940121 5.674251 7.279705 10.801672 7.402473 8.627859 4.625113 1.500670 3.629367 1.966682 1.482406 4.787921 1.928985 2.868664 5.945414 5.877457 4.022017 6.311646 6.847408 5.713685 2.254519 8.008902 6.713318 2.493058 1.914823 1.914823 4.335401 1.914823 4.186909 2.536746 2.127482 0.541423 14.431127 4.412672 11.762801 4.302343 5.335080 2.054044 1.357626 0.644008 0.455935 0.809522 0.752293 1.320152 0.897641 0.455935 0.455935 1.145887 0.695301 1.394870 0.706700 2.000121
28.855260 25.235211 28.855260 34.915602 18.296332 14.201221 20.252502 5.124254 13.202019 20.929761 23.235512 6.982419 5.770084 5.770084 5.589445 5.346347 5.674251 4.088259 3.857102 1.399509 2.974371 1.667186 2.606092 4.771614 6.596144 14.029600 8.331892 5.561095 4.335401 4.925215 5.713685 4.511491 5.027412 5.578103 2.254519 1.734262 2.493058 2.493058 1.459496 0.858721 0.666805 2.731824 0.547122 4.749880 1.098348 5.335080 1.225466 1.080799 0.723797 0.455935 0.455935 0.780789 1.320152 0.455935 1.301330 0.803586 0.735196 0.455935 0.455935 1.268252 2.884495
18.412014 24.481712 24.481712 26.376050 27.326083 21.278552 20.252502 4.820551 14.664346 8.025744 19.962138 16.703950 10.801672 5.674251 5.112844 5.329447 6.678127 2.205697 7.316486 1.734262 1.546670 1.834317 8.076289 4.771614 6.596144 5.250047 10.862045 2.990260 1.914823 1.914823 4.296836 2.254519 6.514340 7.868317 8.278741 1.914823 1.966682 1.343600 0.832108 0.981773 1.220694 0.455935 0.649708 0.455935 3.650084 1.966682 0.981773 1.054212 0.455935 0.455935 0.455935 0.455935 0.455935 0.935360 1.040801 0.455935 0.455935 0.455935 0.455935 0.455935 2.009930
18.763717 17.185360 25.750852 26.376050 25.537953 21.278552 23.235512 5.527104 12.124741 17.257865 19.962138 23.235512 6.082028 5.674251 6.013483 5.453564 5.888775 2.205697 2.205697 2.288666 1.839064 1.966682 1.966682 3.999971 4.175938 8.087525 7.328755 8.132481 1.523419 2.205697 4.335401 4.511491 4.318868 4.511491 7.134652 1.686381 1.376276 1.734262 1.523419 1.120088 0.809522 0.916550 0.763691 0.541423 0.775090 0.921266 1.045280 0.803586 0.455935 0.455935 0.455935 0.455935 0.455935 0.455935 0.455935 0.797887 0.797887 0.455935 0.455935 0.552821 0.990951
12.817269 14.063915 18.895913 25.348295 25.000350 8.036974 4.820551 31.698045 26.097751 25.871248 24.492860 17.064609 6.145040 4.088259 4.197885 4.022017 2.889774 2.205697 2.805426 2.205697 5.084340 6.432730 1.667186 1.633537 6.300133 2.381234 11.010235 3.443184 3.252347 6.903628 4.947895 9.102715 5.044478 5.617817 3.911964 1.380930 0.930671 0.930671 1.551509 1.695969 1.211140 1.211140 1.561182 1.724698 0.575618 1.167967 1.282450 0.723797 1.031816 0.455935 0.455935 0.455935 0.455935 1.477831 1.380930 1.225466 0.797887 2.259399 0.524325 0.845481 1.441103
11.530204 9.228493 22.631987 21.866534 14.797648 10.071933 10.071933 27.532576 31.575715 34.915602 34.915602 17.832360 17.520184 3.319338 2.473628 4.673894 6.013483 3.164841 6.584446 9.479019 2.205697 2.034442 1.938418 5.278710 8.446416 2.921469 8.132481 4.324378 3.252347 4.170453 6.093477 4.214355 3.011460 7.845706 7.845706 4.049599 1.422652 1.695969 1.459496 1.418031 1.385580 1.734262 2.000121 0.723797 0.609813 1.282450 0.455935 0.972561 0.455935 0.455935 0.455935 0.455935 0.858721 1.486977 0.876167 1.000093 1.196781 1.338918 0.854323 1.454903 2.611319
14.730450 17.802682 0.893376 19.822658 23.173370 25.191099 26.327085 27.532576 32.387614 32.387614 30.097876 22.125327 17.064609 12.936791 2.473628 2.176381 4.192396 2.313043 5.175651 4.418198 5.084340 2.034442 2.842298 1.947846 6.654685 3.879034 3.879034 6.036265 4.324378 4.016504 3.977943 4.407146 10.900464 8.048205 5.318185 2.156827 1.523419 1.282450 1.177586 0.981773 2.327663 1.561182 1.371619 0.940041 0.581317 0.977171 0.455935 0.455935 0.455935 0.455935 0.455935 0.455935 1.338918 0.958676 0.592716 1.422652 0.712399 0.930671 0.455935 0.786488 0.455935
14.730450 10.944372 2.049144 7.755326 23.173370 22.404961 24.827479 24.777454 24.716115 29.850057 23.969147 22.793871 9.953887 7.168531 8.256225 3.386394 3.355437 5.453564 3.075151 4.374013 1.734262 1.772457 2.205697 2.205697 1.734262 2.327663 2.507625 2.473628 3.293565 5.719321 4.462444 6.444365 10.801672 7.208079 2.151937 1.408777 1.211140 1.282450 1.258769 1.638349 0.849909 1.715128 1.477831 1.390227 0.558521 0.455935 0.455935 0.455935 0.455935 0.455935 0.455935 0.455935 0.735196 0.958676 0.455935 0.530025 1.454903 1.031816 1.040801 0.455935 0.455935
5.629172 4.318868 1.196781 11.625556 12.316639 17.655990 25.019054 24.038578 25.268293 21.006942 21.006942 28.997886 27.434503 22.404961 21.278552 18.191679 16.443384 5.708049 3.164841 2.205697 2.205697 2.122589 2.205697 2.810690 1.638349 1.895920 1.796279 4.126612 3.966935 5.945414 6.444365 10.801672 10.801672 4.280323 4.099243 1.966682 1.580510 1.758145 1.758145 1.080799 1.080799 0.683903 1.182390 1.040801 0.803586 0.455935 0.455935 0.455935 0.455935 0.455935 0.455935 0.455935 0.455935 0.683903 0.683903 0.718098 1.394870 0.455935 0.455935 0.689602 0.455935
