Example_Watersheds/WA_MashelWatershed/DataInputs/o_3_ChemistryPools/Mashel_1990_Pools/N_g_leaf.asc
ncols         923
nrows         455
xllcorner     550005.67551598
yllcorner     5180549.8134422
cellsize      30
NODATA_value  -9999
[rows 54 to 80 of 455, columns 305 to 365 of 923]
18.033187 14.605096 13.164510 13.045483 13.061353 13.160555 18.033187 18.033187 18.033187 14.605096 12.882754 12.973371 13.163671 13.071869 13.198615 13.110158 12.608347 13.025763 13.018614 13.197208 12.967050 12.756371 3.942378 12.640523 9.100938 9.100938 0.200847 0.200847 2.722907 0.200847 3.084587 2.091745 1.705736 0.200847 1.705736 0.200847 0.200847 0.200847 0.200847 7.900623 0.200847 0.200847 13.166572 0.200847 13.190716 13.048692 13.247266 13.160994 13.088758 18.033187 13.160994 13.025059 13.069342 13.059191 0.200847 0.200847 12.262835 5.338884 4.504969 13.075083 13.112117
13.164510 13.318854 13.197030 12.756371 13.045483 13.113333 18.033187 13.132545 13.197030 13.124728 13.130325 11.639740 13.137591 13.071869 13.153028 12.997138 12.640523 7.809910 13.171324 13.235131 13.178907 13.202964 13.201608 0.200847 0.200847 0.200847 0.200847 0.200847 0.200847 2.256427 3.084587 0.200847 2.841066 2.228572 0.200847 7.198960 0.200847 0.200847 9.171456 0.200847 4.202665 12.608347 0.200847 11.137024 15.447083 18.033187 13.149480 13.176203 13.202523 18.033187 18.033187 13.062464 13.229651 13.210403 6.968082 7.127760 12.892938 1.073403 5.621671 13.075083 13.035957
13.277296 12.756371 13.075538 13.099857 18.033187 18.033187 14.605096 13.051673 13.314281 13.314281 11.577050 11.577050 11.577050 13.161964 13.049623 10.595272 13.018424 12.281087 13.115745 13.132033 13.174971 12.250260 12.955976 0.200847 7.038961 0.200847 9.211355 12.946721 8.516101 0.200847 0.200847 0.200847 11.789432 1.705736 0.200847 0.200847 0.200847 0.200847 8.516101 5.318897 0.261102 13.147008 13.176386 13.257853 12.783032 18.033187 13.136529 13.101690 12.987078 13.122240 13.242924 13.160994 13.229651 13.168518 13.142242 13.061077 13.112421 13.151676 12.707499 13.180748 13.076189
11.251499 11.251499 13.210022 13.146478 13.076524 12.979270 13.146619 13.055288 12.756371 13.012850 12.979270 13.073823 11.356802 13.210022 13.198008 12.412482 13.078700 13.111609 12.974104 7.809910 13.171539 12.377500 13.097940 13.175634 7.038961 0.200847 8.637435 0.200847 6.284479 6.284479 0.200847 0.200847 0.200847 0.200847 1.730328 0.200847 0.200847 5.081257 8.516101 11.983213 12.388397 12.971451 13.060502 18.033187 13.146387 11.797326 13.103222 13.088556 13.171251 13.163528 13.012153 18.033187 18.033187 14.721621 13.082213 13.159488 13.139781 13.139781 13.179952 13.099457 13.062464
13.156393 13.141289 13.358027 13.197377 13.136544 11.012213 12.979270 12.110713 12.979270 12.979270 12.979270 12.982790 12.959262 13.098251 13.142131 13.101690 13.122299 13.111609 13.314920 12.298609 11.797326 12.980250 9.631329 13.051477 11.100441 13.177131 12.993671 12.593122 13.145871 13.168575 3.511804 12.725277 12.973815 8.560475 0.200847 0.203358 5.081257 0.200847 8.756586 9.080627 10.752504 13.298074 13.164081 13.075269 12.739240 12.739240 13.084531 13.074254 13.052651 13.136594 13.253113 13.219136 14.721621 13.196983 18.033187 18.033187 13.206705 13.062464 18.033187 13.113694 13.126952
13.078700 13.180683 13.043315 13.197377 13.177927 13.134313 12.824395 13.179549 12.976850 12.979270 12.979270 12.957204 13.227638 13.076612 13.135369 13.099165 13.136585 12.402802 13.248810 13.039346 13.314920 11.656463 13.244039 4.599250 12.954157 13.162593 13.134973 11.317848 12.932019 13.136196 11.693760 12.931461 13.069342 12.924622 11.137024 2.801413 0.200847 0.200847 0.200847 13.164195 13.167741 13.167741 13.075151 13.122299 13.119567 12.739240 13.140347 13.016432 13.075421 13.136594 18.033187 18.033187 13.085456 14.721621 13.266849 13.008749 13.206705 18.033187 18.033187 18.033187 14.610734
13.141347 13.198973 13.120326 13.073280 13.134313 13.179549 13.179549 11.012213 12.295739 11.012213 12.979270 13.135880 13.314920 13.172886 13.242075 13.068564 13.227638 13.227638 12.933124 13.132033 12.756371 13.230754 12.478831 11.852255 12.685692 12.986194 13.068169 12.919377 12.932019 13.116889 13.105706 13.295503 13.073449 13.073449 10.851627 9.771625 11.081873 7.683284 0.200847 13.065972 13.166572 13.128006 13.075151 13.143794 13.171953 13.050658 15.106906 13.074469 13.254856 13.164090 18.033187 18.033187 18.033187 13.128056 13.868357 18.033187 13.125604 18.033187 18.033187 18.033187 13.067070
13.037644 13.249579 13.086339 13.194584 13.095391 13.162593 12.824395 13.280202 13.133515 11.475923 12.749562 12.985256 13.181350 13.302940 13.242075 12.386259 13.227638 12.974104 12.422443 8.064469 11.395114 13.230754 13.137465 10.716130 12.851607 12.978910 12.978910 13.162409 13.326571 13.118010 13.287673 13.075325 13.175904 13.308468 13.028919 12.997138 11.317848 9.528754 0.200847 10.460155 13.020650 13.332062 13.012169 13.229312 13.097940 13.136018 13.142994 13.208717 13.072848 13.174003 13.016220 15.447083 18.033187 18.033187 13.062464 14.721621 18.033187 13.062464 13.062464 18.033187 13.117506
13.037644 12.783032 13.249034 13.129097 13.116981 13.230564 13.287673 13.280202 13.063171 13.089171 13.150772 13.163510 12.968549 13.210667 13.116950 13.282470 12.583793 8.905075 13.156432 13.215704 12.802425 13.209706 13.080563 13.139658 11.906598 13.075650 12.198631 13.226204 12.482460 12.845660 13.172893 13.172893 13.172893 13.175904 11.018648 13.207471 13.326571 10.906466 13.096126 12.418554 13.075584 13.325968 13.244039 13.167518 13.074254 13.120002 13.332062 13.005724 13.177131 12.739240 13.073640 13.203773 14.595699 18.033187 13.128056 13.072946 13.128056 13.234758 13.116956 18.033187 13.117506
13.287673 9.368063 9.656902 13.253013 13.246981 11.330904 13.257388 13.005724 12.934772 13.130761 13.130761 12.951172 11.588609 5.002949 13.244431 13.226031 13.004325 12.876457 13.192775 13.181371 13.140614 13.216522 13.251674 13.197030 12.377500 12.414357 4.467455 13.197030 13.168739 13.172893 13.141670 13.190190 13.172893 13.190190 12.965132 13.071341 12.414357 13.074254 13.074254 11.155039 12.912139 13.278879 11.069392 13.868357 18.033187 13.881513 13.332062 12.908423 11.656463 12.739240 12.670865 13.076612 12.974895 18.033187 14.595699 18.033187 13.170175 13.244083 13.099445 18.033187 18.033187
11.577050 11.622857 11.622857 11.577050 12.900035 10.716130 10.992785 13.075051 13.227638 13.081707 13.147906 13.142131 13.230881 13.132493 13.132033 12.913973 13.115002 12.756371 13.192775 13.178011 13.173774 12.870020 13.152898 12.960152 12.608347 12.414357 13.083747 13.120240 13.168739 13.120240 13.120240 13.141670 13.190190 13.080377 13.190190 13.075325 12.961025 13.141670 13.249239 11.018648 13.164081 12.982406 13.096126 14.595699 18.033187 18.033187 13.018157 11.500181 12.392615 11.488087 13.130761 13.078082 13.253013 13.204666 14.605096 13.128584 13.128056 13.099457 13.099457 18.033187 18.033187
12.396750 12.884822 13.318906 13.329851 12.900035 13.140347 12.524746 12.982855 13.091347 12.756371 13.083029 13.142131 13.335633 13.066821 12.981985 13.176457 13.227638 13.177662 13.065840 13.160990 13.101690 12.938020 13.036138 13.235131 12.892938 12.739240 12.981276 11.813080 13.318805 12.471524 12.471524 12.644366 12.430173 13.075325 12.912139 12.961025 12.965774 12.951868 13.055288 13.031263 13.097940 13.898428 14.422791 13.019992 18.033187 12.979270 12.944218 10.992785 8.415203 9.039790 13.246421 13.048588 13.146619 13.101751 14.605096 14.764848 18.033187 13.060790 18.033187 13.101991 14.762969
11.469813 4.963964 13.183882 13.008073 13.069869 13.078700 12.132854 12.965132 12.670865 12.839656 12.833595 13.349172 13.045483 12.599261 12.980250 13.227638 13.227638 13.221755 13.227638 13.227638 13.181429 13.227638 13.131127 13.130058 11.258214 12.969643 12.670865 13.036138 12.943057 12.132854 7.864311 12.756371 12.961025 13.370480 13.155293 12.644366 12.965774 13.181429 13.075325 13.147214 13.125460 13.200623 13.200623 13.014827 12.979270 12.972144 12.979270 12.979270 12.979270 13.178907 13.246421 13.099176 18.033187 18.033187 18.033187 14.764848 18.033187 18.033187 18.033187 14.764848 13.128750
12.982406 12.524746 11.264911 12.732287 13.272821 13.212226 12.608347 12.608347 12.992833 13.024085 13.321536 12.986194 13.222935 12.851607 13.062243 10.809637 12.262835 13.227638 13.227638 13.227638 13.227638 13.143854 13.131127 18.033187 12.965903 12.608347 10.913229 12.644366 11.650907 12.132854 11.805209 12.783032 12.756371 13.055288 13.055288 13.055288 12.961025 12.965774 13.074609 13.188874 13.130596 11.012213 11.012213 12.320835 11.012213 12.979270 12.979270 11.012213 11.012213 13.074094 13.203773 18.033187 18.033187 18.033187 18.033187 18.033187 18.033187 18.033187 18.033187 13.219284 13.125460
13.099194 13.108828 12.811927 12.876457 13.051477 12.973250 13.164081 13.326571 12.992833 13.075465 13.208717 13.289464 12.941206 12.377500 13.148868 10.809637 7.864311 13.146599 13.227638 13.317880 13.183882 13.178505 13.074254 13.142244 13.326571 13.186274 11.463687 11.463687 12.739240 13.097152 13.175766 12.132854 12.132854 13.294676 13.298912 13.132545 13.075325 12.979270 13.136780 13.130732 13.208729 12.312652 11.012213 12.422443 13.161330 12.422443 11.012213 13.127142 13.127394 18.033187 14.762969 13.126952 13.052843 18.033187 13.214137 13.127142 18.033187 18.033187 14.360769 18.033187 18.033187
13.163112 13.171793 13.142994 13.259532 13.139145 12.962018 13.114977 13.204995 13.195929 13.269919 13.162278 13.037179 13.028919 13.102498 12.947392 10.830724 8.460227 12.842666 13.193210 11.622857 7.216782 12.904645 13.210022 13.159543 13.098358 13.247227 12.066108 12.769817 12.977296 13.138947 9.656902 13.329851 12.534953 12.839656 13.059091 13.168739 13.256425 13.136780 12.965774 13.119567 13.208729 13.101690 12.320835 13.161330 13.293009 13.170432 13.170432 13.127142 13.167263 13.196518 18.033187 13.075325 11.012213 13.049223 13.214137 18.033187 13.127142 14.762969 13.125460 14.764848 18.033187
12.980250 13.195929 12.971451 13.175766 13.168739 7.252453 13.024579 13.154033 12.986194 6.301838 12.312652 12.312652 5.419115 5.419115 4.561453 9.050026 0.235996 11.693760 7.216782 13.210022 13.210022 10.619746 13.217858 13.222793 13.010463 13.307222 12.066108 0.338930 13.045394 13.372150 12.191370 13.237518 12.802425 12.839656 6.371364 13.241293 12.951868 12.644366 13.188874 13.188874 9.873116 13.294676 13.119708 12.422443 13.170432 13.096348 13.127233 13.090153 11.012213 12.975764 12.863327 13.181301 11.012213 10.992785 13.887152 11.012213 13.144675 13.214137 13.103712 13.127233 14.360769
13.152899 13.144839 9.151398 9.151398 12.577492 13.075584 0.200847 0.200847 11.975606 0.200847 0.200847 0.208379 5.419115 4.656158 0.200847 4.599250 13.218740 13.077938 13.131830 13.210022 13.076612 13.132536 13.227638 13.197030 13.141289 0.200847 8.437751 2.921172 0.200847 0.200847 0.288718 0.288718 8.527221 10.979730 0.200847 13.356728 13.028236 11.518187 13.310314 13.156393 13.100254 12.596200 13.125460 13.091004 13.143301 12.863327 12.979270 13.079407 13.253013 13.183784 13.197030 13.136622 11.012213 11.012213 12.863327 10.992785 12.979270 10.992785 13.127394 13.127394 11.012213
12.626082 11.693760 0.200847 0.200847 7.341786 0.200847 0.200847 0.200847 0.200847 6.197818 0.200847 0.770057 0.200847 11.536033 8.767310 0.258591 13.093812 10.992785 13.075051 13.210022 11.475923 13.288096 13.210022 12.944881 11.172869 12.851607 9.221284 8.210716 3.578189 7.270302 0.931376 0.931376 0.200847 9.250965 0.273655 11.577050 5.199568 0.200847 1.730328 7.270302 0.228464 13.150319 13.131780 13.196518 13.143301 13.166807 13.039902 13.177802 13.025428 12.739240 13.008402 13.008402 13.061362 13.142244 12.979270 13.150319 13.186287 13.194512 12.900035 13.074254 11.012213
9.758906 2.426981 0.200847 0.200847 0.200847 0.210890 10.816686 0.200847 0.200847 0.200847 13.138301 12.301458 12.888911 12.349275 13.313977 13.313977 10.174850 11.536033 12.993671 13.031263 13.243259 11.536033 10.174850 12.979614 12.392615 10.484786 13.171793 9.396932 13.020823 12.521312 0.931376 8.460227 12.851607 0.200847 12.962719 8.538324 0.200847 0.200847 12.392615 12.548334 13.059122 13.051139 13.080399 13.080399 13.197030 13.072823 13.268986 13.025428 8.210716 11.530102 10.992785 13.028919 13.197030 13.146705 13.081509 11.420299 13.204666 13.197030 13.097940 13.074254 13.146619
0.200847 0.200847 0.200847 0.200847 0.200847 0.200847 0.200847 12.580650 12.580650 0.200847 13.210022 12.756371 13.227638 13.227638 12.412482 13.084531 10.174850 12.349275 12.531567 13.308227 13.137082 10.174850 11.701798 12.979614 12.441645 13.329332 12.628981 13.193210 12.932161 7.485183 12.963118 13.104695 13.105356 12.898862 13.164045 13.164045 8.778015 12.735771 13.158324 12.611344 8.369890 13.102498 13.226765 13.234794 13.147625 13.287673 12.359008 13.149024 12.437837 0.323867 13.237570 13.147008 13.183302 13.136261 13.025428 12.670865 13.200595 13.197030 13.249552 13.142244 12.999797
0.200847 0.248549 0.200847 0.200847 0.200847 0.200847 2.514461 13.290133 9.250965 12.304287 12.756371 13.314920 13.091347 13.227638 13.314920 12.349275 12.934772 13.136301 13.280885 11.536033 13.127843 8.064469 12.292850 13.144839 13.256972 12.441645 13.116950 13.116950 13.116950 13.326571 8.460227 13.132493 13.016695 13.106430 13.251674 13.063278 8.460227 11.213757 4.789933 12.857496 13.211476 13.167263 13.075269 13.016754 13.025794 13.009321 13.175832 11.330904 12.437837 9.387327 13.119433 12.906504 13.049223 13.158283 13.051673 13.051673 13.132545 13.075151 12.739240 13.197030 13.178340
0.200847 0.200847 0.200847 0.200847 0.200847 0.200847 11.937388 12.667123 13.075522 13.049223 12.081024 13.298610 13.314920 13.143854 13.143854 13.227638 12.796018 13.254993 13.136301 13.043049 13.146599 13.181614 12.349275 13.349172 13.189914 13.071064 13.163819 13.072363 12.441645 12.980408 13.104445 13.093812 13.220273 13.251674 13.251674 11.202177 8.560475 8.210716 12.963118 12.913471 13.141347 13.167263 13.177131 10.795476 13.204551 12.964345 13.050837 13.050837 6.968082 6.388767 4.944514 8.967630 13.050658 13.313662 13.134125 13.074254 13.136622 14.605096 12.986194 13.097940 13.059997
0.200847 0.200847 0.200847 0.200847 5.847748 2.762027 11.998393 13.310314 13.149024 12.898862 12.349275 12.926378 12.926378 13.146599 13.227638 12.974104 13.314920 13.314920 13.314920 13.227638 13.146599 13.146599 13.243259 13.132974 13.146705 13.250386 12.441645 13.072363 13.127843 12.773142 13.206944 13.204666 12.986388 13.210022 12.977288 12.876457 8.460227 12.975764 13.222793 6.580795 6.580795 13.075421 13.154033 13.205513 10.837712 13.065083 10.509389 12.833595 11.634130 12.980818 0.618682 6.844387 13.012850 13.177131 13.069925 13.197030 11.530102 13.197030 14.605096 13.136018 13.132545
0.200847 0.200847 0.200847 0.200847 0.200847 0.200847 2.607151 6.215132 13.124027 12.971451 11.536033 12.909738 13.175904 11.945055 13.178334 13.143854 13.144888 13.227638 13.227638 13.254993 13.116950 13.136301 13.173967 13.189914 12.948899 12.975907 13.174825 13.020800 13.005724 12.919377 13.020650 13.226031 13.226031 12.906504 13.099165 12.739240 8.724307 8.369890 12.312652 13.147214 13.160990 11.656463 13.052745 13.242433 13.196196 11.622857 12.956203 12.489670 12.896903 9.631329 13.111340 4.036094 13.012850 12.964930 12.628981 12.739240 12.979270 13.039987 13.246421 13.136018 13.150319
0.200847 0.200847 0.200847 0.200847 6.598305 3.105314 13.261270 4.374163 13.263836 12.379720 12.833595 13.075151 6.721128 12.971451 12.808774 8.426486 13.075684 13.049223 13.314920 13.227638 13.143854 13.288005 13.143854 12.948899 13.227638 12.946721 12.948899 13.075051 12.948899 12.999797 13.168109 13.013193 13.103882 11.278252 13.266964 12.608347 13.150151 5.540309 12.312652 13.125501 12.979274 13.205513 12.969282 13.044883 13.119567 11.622857 13.192550 12.721750 12.507411 13.181976 12.967080 12.628981 12.628981 9.503039 11.258214 12.977288 8.403902 8.369890 4.963964 0.298761 13.159543
0.200847 0.200847 0.200847 2.626277 11.184654 11.512203 12.725277 12.981985 12.467846 10.788366 12.514394 13.070181 9.406519 12.971451 11.225255 0.278676 0.278676 12.811927 10.286940 9.191441 13.314920 13.162611 12.756371 12.972068 13.227638 10.730741 12.412482 12.752974 11.100441 13.067821 13.210022 13.013193 13.075421 12.921155 13.233773 12.614324 12.437837 12.839656 11.324385 11.161003 13.254993 13.136018 13.318805 13.196518 13.196518 12.392615 13.147678 13.156397 12.947711 13.335633 7.683284 12.977288 12.973290 4.542597 5.540309 9.592917 4.637161 8.863010 0.321356 13.049223 12.913973
