Example_Watersheds/WA_MashelWatershed/DataInputs/o_3_ChemistryPools/Mashel_1990_Pools/N_g_root_2.asc
ncols         923
nrows         455
xllcorner     550005.67551598
yllcorner     5180549.8134422
cellsize      30
NODATA_value  -9999
[rows 364 to 391 of 455, columns 756 to 818 of 923]
0.898090 0.217584 0.047430 0.047430 3.072505 0.059880 1.602436 0.928602 0.436490 0.436490 1.100685 0.224999 1.887259 0.061658 0.145835 0.450559 0.284100 0.047430 0.047430 1.566218 0.931392 1.286990 0.467171 0.145835 0.079050 2.911557 0.617726 0.887075 2.168540 0.730747 0.667271 0.914693 0.481577 0.322517 1.307520 1.267691 0.822540 0.822540 0.548333 1.839369 2.174339 0.413386 0.576433 2.539131 1.080116 0.047430 0.047430 0.217584 0.108967 0.074702 0.047430 0.047430 0.892577 0.501028 0.076480 0.887075 0.917470 0.682156 0.576433 0.263715 0.427197 0.240157 0.474354
0.452919 0.047430 0.047430 0.112896 0.047430 0.047430 0.780798 0.112896 1.270266 1.169183 0.984901 0.448204 0.224999 0.185574 0.746232 0.083002 0.340303 0.923031 0.448204 0.415677 0.640836 0.172059 0.056323 0.056915 1.571337 1.560106 0.581598 0.083002 1.406139 1.406139 0.563595 0.774462 0.558490 0.340303 0.553403 0.600633 1.291351 0.999142 0.079444 0.455284 0.774462 0.413386 0.047430 0.232523 0.047430 0.525731 0.331355 0.047430 0.047430 0.431835 0.047430 0.292445 0.047430 0.071737 0.047430 0.150142 0.340303 1.237337 0.700207 0.948186 0.614863 0.120879 0.427197
0.047430 3.019035 0.047430 0.047430 0.047430 0.047430 0.047430 0.047430 1.280101 1.036478 0.727668 0.803155 0.077666 0.185574 1.310921 0.116866 1.444126 0.550866 1.256928 1.299515 0.640836 0.875236 0.372483 0.060473 0.047430 0.047430 1.269413 0.670236 0.072330 1.979580 0.089954 1.241420 0.422576 0.053358 1.260598 0.050394 0.441162 0.501028 0.469561 0.074702 0.903614 0.081223 0.047430 0.047430 0.168748 0.953805 0.761858 0.999142 0.761858 0.199527 0.079444 0.525731 0.061066 0.047430 0.086277 0.066401 0.074109 0.367804 1.121384 1.062589 1.175206 0.120879 1.580434
0.612006 0.047430 0.047430 0.047430 0.047430 1.103634 0.047430 0.080037 2.161545 0.047430 0.240157 0.561040 0.047430 1.118419 0.670236 0.892577 0.548333 0.058694 0.709309 0.543280 0.727668 0.047430 0.047430 1.263297 0.047430 0.077666 0.047430 0.305169 0.928602 0.296659 0.581598 0.594981 0.420272 1.556546 0.051580 0.047430 0.057508 0.206668 0.452919 0.064623 0.093673 0.093673 0.584187 0.047430 1.801791 0.855304 1.259688 1.271957 0.305169 0.047430 0.471955 0.397471 0.061066 0.372483 0.047430 0.047430 0.914693 0.652528 0.576433 1.062589 1.166176 0.637927 0.259720
0.150142 0.047430 0.047430 0.047430 0.047430 0.047430 0.047430 0.047430 0.047430 0.049801 0.047430 1.240407 0.047430 0.050394 0.065808 0.047430 0.550866 0.047430 0.047430 1.964056 0.518275 0.059880 0.047430 0.047430 0.047430 0.047430 0.047430 0.420272 0.515798 0.452919 0.120879 0.452919 0.058694 0.058694 0.078259 0.066401 0.047430 0.047430 0.086277 0.566154 0.996288 0.206668 0.255753 1.281668 1.027822 0.855304 1.596021 1.976765 0.973556 0.395215 0.667271 0.047430 0.047430 0.047430 0.047430 0.047430 0.074109 0.047430 0.488839 0.255753 0.486414 0.486414 0.709309
0.047430 0.047430 0.047430 1.465232 0.047430 0.712355 0.047430 0.047430 0.047430 0.047430 0.047430 0.047430 0.322517 0.047430 0.047430 0.047430 0.056915 0.047430 0.047430 0.062251 0.059880 0.058101 0.047430 1.181240 0.047430 0.367804 0.047430 0.047430 0.047430 0.059880 0.658408 0.413386 0.488839 0.067587 0.047430 0.057508 0.154490 0.050394 0.047430 0.646670 0.052172 0.566154 0.082643 2.091849 0.923031 0.603468 0.594981 0.727668 0.108967 0.059880 0.047430 0.047430 0.055730 0.047430 0.047430 0.047430 0.066994 0.047430 0.047430 0.047430 0.217584 0.953805 0.455284
0.047430 0.105081 0.047430 1.465232 0.047430 0.047430 0.047430 0.047430 0.047430 0.047430 0.047430 0.047430 0.646670 0.047430 0.047430 0.047430 0.195998 0.056915 0.047430 0.047430 0.047430 0.047430 0.080037 0.053358 0.047430 0.386685 0.047430 0.047430 0.047430 0.052765 0.305169 0.774462 0.483993 0.203084 0.434160 0.053951 0.047430 0.047430 0.471955 0.047430 0.154490 0.066401 0.829047 0.523241 0.305169 0.305169 0.586780 0.809594 0.056323 0.326922 0.530723 0.047430 0.062844 0.340303 0.053951 0.047430 0.203084 0.064623 0.047430 0.064030 0.067587 0.047430 0.322517
0.047430 0.047430 0.047430 0.047430 0.052172 0.047430 0.047430 0.047430 0.047430 0.047430 0.047430 0.047430 0.047430 0.047430 0.047430 1.211566 0.047430 0.053358 0.047430 0.047430 0.047430 0.047430 0.047430 0.047430 0.047430 0.055730 0.105081 0.471955 0.047430 0.047430 1.039369 0.755590 1.193338 0.251813 0.175396 0.050987 1.187284 1.187284 0.523241 0.067587 0.566154 0.471955 0.493702 0.221278 0.462403 0.154490 0.809594 0.471955 0.097433 0.326922 0.052765 0.455284 0.275863 0.047430 0.066401 0.047430 0.203084 0.221278 0.199527 0.058101 0.558490 0.049208 0.047430
0.322517 0.251813 0.251813 0.047430 0.047430 0.047430 0.047430 0.047430 0.047430 0.047430 0.047430 0.047430 0.047430 1.271114 0.740021 0.047430 0.047430 0.047430 0.047430 0.047430 0.047430 0.047430 0.047430 0.069959 0.047430 0.053358 0.540760 0.819295 0.047430 0.047430 0.047430 0.047430 0.210279 0.429513 0.594981 0.703235 0.093673 0.047430 0.047430 0.049208 0.145835 0.718463 0.108967 0.124933 0.047430 0.056323 0.047430 0.047430 0.210279 0.053358 0.047430 0.071144 0.175396 0.071737 0.133168 0.059287 0.047430 0.047430 0.067587 0.566154 0.498582 0.646670 0.568717
0.047430 0.047430 0.047430 0.047430 0.047430 0.047430 0.047430 0.047430 0.047430 0.047430 0.052172 0.047430 1.237337 0.047430 0.740021 0.047430 0.047430 0.047430 0.047430 0.047430 0.047430 0.047430 0.047430 0.047430 0.047430 0.047430 0.047430 0.047430 0.349360 0.077666 0.120879 0.047430 0.047430 0.422576 0.203084 0.165465 0.050987 0.047430 0.055730 0.047430 0.072330 0.573856 0.047430 0.064623 0.411100 0.047430 0.058694 0.047430 0.047430 0.047430 0.047430 0.047430 0.061658 0.047430 1.139229 0.047430 0.066401 0.080037 0.047430 0.080037 0.679167 1.303934 0.404266
0.055137 0.047430 0.047430 0.047430 0.047430 0.047430 0.047430 0.047430 0.047430 0.047430 0.047430 0.467171 0.189021 1.205479 1.205479 0.047430 0.047430 0.047430 0.150142 0.047430 0.047430 0.047430 0.047430 0.047430 0.047430 0.047430 0.047430 0.082409 0.464785 0.047430 0.469561 0.047430 0.047430 0.221278 0.436490 0.069959 0.047430 0.047430 0.047430 0.162210 0.047430 0.064623 0.064623 0.047430 0.060473 0.288259 0.431835 0.047430 0.047430 0.047430 0.065808 0.054544 0.052172 0.047430 0.047430 0.047430 0.141571 0.275863 0.438824 2.177805 0.679167 1.010582 0.895332
0.467171 0.047430 0.047430 0.047430 1.080116 0.047430 0.047430 0.047430 0.047430 0.047430 0.047430 0.047430 0.047430 0.614863 0.047430 0.047430 0.047430 0.047430 0.047430 0.047430 0.047430 0.047430 0.047430 0.047430 0.047430 0.047430 0.047430 0.060473 0.145835 0.047430 0.120879 0.047430 0.047430 0.898090 0.898090 0.079050 0.895332 0.520756 0.047430 0.047430 0.331355 0.047430 0.082409 0.047430 0.047430 0.427197 0.047430 0.047430 0.082643 0.047430 0.195998 0.263715 0.047430 0.057508 0.108967 0.397471 0.080037 1.036478 0.829047 0.568717 1.223771 0.848706 0.646670
0.047430 1.244428 0.047430 0.047430 1.083046 0.047430 0.047430 0.047430 0.047430 0.047430 0.047430 0.047430 0.145835 0.047430 0.047430 0.047430 0.047430 0.047430 0.047430 0.047430 0.047430 0.047430 0.047430 0.047430 0.047430 0.059287 0.318139 0.047430 0.129030 0.047430 0.150142 0.047430 0.047430 0.047430 0.071144 0.652528 0.855304 0.047430 0.047430 0.047430 0.047430 0.068773 0.047430 0.047430 0.047430 0.746232 0.060473 0.056323 0.047430 0.057508 0.047430 0.047430 0.129030 0.066994 0.052765 0.080037 0.080037 0.372483 0.987744 0.399732 1.268555 0.917470 0.914693
0.047430 0.047430 0.047430 0.047430 0.150142 0.047430 0.047430 0.047430 0.047430 0.047430 0.326922 0.640836 0.047430 0.047430 0.047430 0.047430 1.085979 0.586780 0.047430 1.083046 0.047430 0.047430 0.047430 0.450559 0.047430 0.436490 0.047430 0.047430 0.047430 0.469561 0.047430 0.047430 0.047430 0.047430 0.074109 0.900851 0.182154 0.047430 1.238366 0.052765 0.047430 0.072330 0.047430 0.415677 0.050987 0.129030 0.129030 0.413386 0.050987 0.047430 0.047430 0.075294 0.075887 0.579013 0.244015 0.086277 0.154490 0.372483 0.498582 1.077188 1.268555 0.712355 0.445852
0.047430 0.047430 0.047430 0.047430 0.047430 0.047430 0.047430 0.047430 0.047430 0.047430 0.047430 0.047430 1.062589 0.047430 1.080116 0.047430 0.047430 0.322517 0.047430 0.047430 0.047430 0.047430 0.172059 1.232952 0.047430 0.232523 0.047430 0.047430 0.047430 0.469561 0.050394 0.047430 0.047430 0.047430 0.047430 0.067587 0.182154 0.047430 0.047430 0.047430 0.047430 0.047430 0.072330 0.150142 0.058694 0.881583 0.523241 0.047430 0.047430 0.047430 0.048615 0.081816 0.047430 0.053951 0.065216 0.579013 0.172059 0.914693 1.303934 1.010582 0.498582 0.427197 0.154490
0.612006 0.305169 0.105081 0.105081 0.047430 0.047430 0.047430 0.047430 0.047430 0.047430 1.816393 0.047430 0.047430 0.047430 0.047430 0.047430 0.047430 0.047430 0.047430 0.047430 0.047430 0.047430 0.172059 0.047430 0.047430 0.082409 0.047430 0.047430 0.047430 0.505934 0.047430 0.047430 0.047430 0.047430 0.047430 0.047430 0.450559 0.070551 0.068773 0.050394 0.047430 0.047430 0.047430 0.417972 0.052765 0.055730 0.055730 0.047430 0.050987 0.047430 0.047430 0.047430 0.047430 0.047430 0.047430 0.055730 0.080037 0.112896 0.404266 0.515798 0.263715 0.462403 0.358527
0.047430 0.047430 0.185574 0.047430 0.047430 1.808047 0.047430 0.047430 0.047430 0.047430 0.047430 0.047430 0.047430 0.047430 0.047430 0.047430 1.237337 0.047430 0.047430 0.643750 0.047430 0.047430 0.047430 0.047430 0.047430 1.820568 0.047430 0.047430 0.047430 0.047430 0.047430 0.047430 0.047430 0.047430 0.047430 0.457653 0.056915 0.408818 0.047430 0.047430 0.047430 0.047430 0.048615 0.052765 0.055730 0.071144 0.443505 0.064623 0.141571 0.083002 0.083002 0.058101 0.047430 0.047430 0.047430 0.048615 0.047430 0.060473 0.124933 0.483993 0.158881 0.462403 0.047430
0.614863 0.047430 0.059287 1.010582 0.162210 0.071737 0.047430 0.047430 0.047430 0.047430 0.047430 0.047430 0.047430 0.047430 1.115456 1.115456 0.047430 1.112497 1.214613 0.047430 0.047430 0.047430 1.799707 0.047430 1.253175 0.047430 0.047430 0.047430 0.047430 0.047430 0.047430 0.047430 0.047430 0.047430 0.247900 1.290637 0.056323 0.251813 0.071737 0.047430 0.047430 0.047430 0.047430 0.049208 0.047430 0.047430 0.124933 0.073516 0.105081 0.133168 0.083002 0.071737 0.050987 0.047430 0.047430 0.047430 0.047430 0.047430 0.047430 0.224999 0.175396 0.047430 0.047430
0.055137 1.321742 1.277712 1.088915 0.244015 0.533226 0.047430 0.047430 0.047430 0.047430 0.047430 0.047430 0.322517 0.047430 0.047430 0.047430 1.112497 0.047430 1.163171 0.047430 0.047430 0.047430 1.671835 1.855975 0.047430 0.047430 0.047430 0.047430 0.047430 0.047430 0.047430 0.047430 0.047430 0.047430 0.047430 0.047430 0.420272 0.047430 0.592164 0.052172 0.047430 0.047430 0.066994 0.047430 0.055730 0.047430 0.060473 0.058694 0.108967 0.105081 0.068180 0.047430 0.053951 0.047430 0.199527 0.047430 0.052765 0.059287 0.047430 0.069366 0.047430 0.047430 0.047430
0.105081 2.341795 1.628264 0.655465 1.312552 0.871900 0.450559 1.922629 0.047430 0.047430 0.047430 0.047430 0.047430 0.047430 0.047430 0.047430 0.047430 0.047430 0.047430 0.586780 0.047430 0.047430 0.047430 0.047430 0.047430 0.047430 0.047430 0.047430 0.047430 0.047430 0.047430 0.047430 0.047430 0.047430 0.047430 0.047430 0.422576 0.566154 0.816055 1.313614 0.047430 0.047430 0.047430 0.372483 0.072330 0.047430 0.047430 0.047430 0.047430 0.050394 0.047430 0.066401 0.077073 0.047430 0.047430 0.047430 0.047430 0.047430 0.047430 0.047430 0.058694 0.047430 0.047430
0.047430 0.397471 1.175206 0.561040 0.581598 0.561040 0.609154 0.059287 0.047430 0.047430 0.047430 0.047430 0.047430 0.047430 0.047430 0.047430 0.047430 0.047430 0.047430 0.047430 0.047430 0.047430 0.047430 0.047430 0.050987 0.047430 0.047430 0.047430 0.047430 0.047430 0.047430 0.047430 0.047430 0.047430 0.052172 0.079444 0.047430 0.566154 0.563595 0.694167 0.083595 0.079444 0.047430 0.047430 0.072330 0.199527 0.047430 0.047430 0.047430 0.047430 0.082409 0.586780 0.075887 0.047430 0.047430 0.047430 0.047430 0.047430 0.047430 0.047430 0.047430 0.047430 0.047430
0.047430 2.235629 1.305150 0.247900 0.530723 0.806371 0.597805 0.255753 0.047430 0.047430 0.048022 0.068180 0.068180 0.397471 0.047430 0.047430 0.047430 0.047430 0.047430 0.047430 0.054544 0.047430 0.586780 0.047430 0.411100 0.047430 0.047430 0.047430 0.141571 0.047430 0.047430 2.658134 0.168748 0.597805 0.553403 0.533226 1.702079 0.573856 0.632127 0.632127 0.120879 0.076480 0.078259 0.058694 0.550866 0.047430 0.889825 0.047430 0.050394 0.172059 0.047430 0.124933 0.050987 0.047430 0.047430 0.047430 0.047430 0.047430 0.047430 0.047430 0.047430 0.047430 0.047430
0.443505 0.594981 1.305150 0.056323 0.056323 0.322517 1.291351 1.097738 0.774462 0.528225 0.568717 0.450559 0.195998 2.007536 0.318139 2.728914 0.244015 2.285337 0.057508 0.047430 1.684715 1.964056 0.162210 0.047430 0.783975 0.305169 0.097433 0.483993 0.075294 0.498582 0.445852 1.100685 1.175206 0.555944 2.350086 1.302071 0.483993 1.808047 0.047430 0.058694 2.057393 0.047430 0.047430 0.047430 0.074702 0.074109 0.165465 0.047430 0.255753 0.175396 0.047430 0.058694 0.077073 0.047430 0.047430 0.047430 0.047430 0.047430 0.050987 0.047430 0.047430 0.047430 0.067587
0.054544 0.255753 0.664311 0.450559 0.054544 0.443505 1.412470 1.391368 1.291351 0.510857 1.286990 0.318139 0.655465 2.816677 2.278686 1.340729 1.190310 1.939860 0.305169 0.652528 0.533226 1.847734 0.953805 0.878578 0.990589 0.545804 0.452919 0.996288 2.146257 1.136248 2.223498 1.308100 1.268555 1.100685 1.290637 1.538006 0.047430 2.695256 0.496139 2.816698 0.049801 0.047430 0.047430 0.075887 0.047430 0.047430 0.047430 0.077666 0.255753 0.086277 0.353930 0.353930 0.047430 0.047430 0.047430 0.047430 0.047430 0.047430 0.047430 0.047430 0.047430 0.055137 0.047430
0.395215 0.553403 0.503479 0.050987 0.450559 1.541812 1.068421 1.391368 1.866928 1.340729 2.817496 2.600475 2.600475 1.617455 1.418801 1.315675 1.315675 1.190310 1.211566 1.109540 0.496139 0.050394 0.959435 1.524337 0.835577 0.626350 1.071341 0.996288 2.701241 1.308100 1.397698 1.100685 1.238366 1.259688 1.290637 1.538006 0.101236 2.838585 0.462403 0.058694 0.848706 0.047430 0.057508 0.057508 0.062251 0.077073 0.047430 2.518288 0.165465 0.048615 0.436490 0.047430 0.047430 0.047430 0.047430 0.047430 0.047430 0.047430 0.047430 0.047430 0.047430 0.089954 0.083595
0.053358 0.047430 0.545804 0.067587 0.367804 1.480007 1.068421 1.737311 1.737311 1.983795 1.872339 2.414176 2.242542 1.894591 1.640309 1.737311 1.541812 0.448204 1.169183 0.906380 0.496139 0.518275 1.246408 1.245421 0.438824 0.581598 0.623469 0.906380 0.263715 1.268555 1.232952 1.039369 1.077188 1.248367 1.259688 1.287730 1.287730 0.573856 0.076480 2.066413 1.423021 1.278514 0.084780 0.047430 0.053951 0.047430 0.047430 0.434160 0.305169 0.078852 0.047430 0.047430 0.047430 0.047430 0.047430 0.047430 0.047430 0.047430 0.047430 0.047430 0.116866 0.210279 1.276906
0.067587 0.067587 0.079050 0.080630 0.077073 0.047430 0.068180 0.518275 1.889362 1.737311 2.042311 2.216139 1.566218 1.513781 1.328071 1.739387 0.928602 0.063437 0.584187 0.979223 0.363152 1.220715 0.906380 1.271114 1.444126 1.279310 1.641640 0.533226 0.145835 0.413386 0.064030 0.055137 3.061722 1.039369 0.942577 1.248367 1.059677 0.443505 2.602327 2.277023 1.347059 1.109540 1.284740 0.158881 0.047430 0.047430 0.047430 0.538244 0.175396 0.047430 0.047430 0.047430 0.047430 0.047430 0.047430 0.047430 0.047430 0.047430 0.047430 0.047430 0.047430 0.078852 0.733833
0.434160 0.060473 0.059880 0.074109 0.079050 0.422576 0.150142 1.251267 1.328071 1.737311 0.093673 0.251813 1.872339 1.244428 1.541812 0.498582 1.016318 1.296876 0.068180 1.537047 1.537047 1.027822 0.488839 0.906380 0.914693 1.556546 1.259688 1.397698 0.685150 0.488839 0.060473 0.055137 0.914693 0.990589 1.062589 0.838851 0.709309 0.213918 2.602327 2.973441 2.630520 0.483993 0.050987 0.047430 0.047430 0.047430 0.047430 0.064623 0.064623 0.047430 0.047430 0.047430 0.047430 0.047430 0.047430 0.047430 0.047430 0.047430 0.047430 0.047430 0.047430 0.424884 0.079050
