Example_Watersheds/WA_MashelWatershed/DataInputs/o_3_ChemistryPools/Mashel_1990_Pools/N_g_root_3.asc
ncols         923
nrows         455
xllcorner     550005.67551598
yllcorner     5180549.8134422
cellsize      30
NODATA_value  -9999
[rows 420 to 447 of 455, columns 315 to 377 of 923]
0.044126 0.044126 0.009149 0.011437 0.009149 0.009149 0.542404 0.012580 0.363857 0.607687 0.838920 0.838920 0.838920 0.712579 0.838920 0.578874 0.391635 0.241559 0.241559 0.241559 0.488640 0.585081 0.561500 0.520619 0.543508 0.567295 0.542015 0.578624 0.611869 0.597882 0.548159 0.603866 0.573136 0.571659 0.604125 0.606182 0.604497 0.609493 0.592471 0.596837 0.371439 0.321251 0.381870 0.243175 0.247389 0.543128 0.386995 0.250430 0.501600 0.471024 0.508210 0.564103 0.568507 0.608366 0.606775 0.600645 0.548159 0.480652 0.588454 0.578388 0.594197 0.608770 0.605938
0.044126 0.009149 0.244038 0.009149 0.044126 0.011437 0.373655 0.044126 0.094299 0.388410 0.838920 0.613405 0.838920 0.548159 0.606197 0.609228 0.838920 0.319231 0.430992 0.430310 0.410807 0.480652 0.493708 0.590315 0.605506 0.498504 0.386189 0.590989 0.601928 0.606568 0.548159 0.591657 0.568842 0.447262 0.573391 0.578710 0.578710 0.581966 0.608356 0.591457 0.609547 0.525392 0.443737 0.490249 0.145154 0.009149 0.386995 0.402376 0.544778 0.590224 0.547491 0.559832 0.597665 0.608366 0.608366 0.582954 0.462336 0.605861 0.601297 0.504533 0.600662 0.613879 0.610961
0.009149 0.009149 0.050101 0.009149 0.011437 0.009149 0.009149 0.009149 0.014067 0.250807 0.490421 0.660906 0.838920 0.548159 0.606197 0.838920 0.838920 0.838920 0.838920 0.649715 0.463255 0.480652 0.483542 0.580643 0.563711 0.498504 0.277764 0.348780 0.609286 0.590185 0.586165 0.586165 0.578232 0.548159 0.450785 0.372549 0.372549 0.502165 0.592840 0.591457 0.592134 0.519579 0.445980 0.543163 0.146966 0.112193 0.009836 0.475516 0.590224 0.583311 0.583311 0.578874 0.566402 0.608683 0.563711 0.591308 0.588454 0.607719 0.607719 0.608307 0.611669 0.608683 0.604161
0.009149 0.009149 0.010865 0.010865 0.009149 0.009149 0.009149 0.045588 0.009149 0.313840 0.301460 0.660906 0.838920 0.600350 0.732427 0.838920 0.838920 0.838920 0.838920 0.838920 0.372549 0.372549 0.454302 0.454302 0.430721 0.525690 0.558995 0.294811 0.243350 0.557692 0.609286 0.504533 0.548159 0.578328 0.430992 0.372549 0.388704 0.545231 0.591714 0.578710 0.600543 0.489489 0.566551 0.543628 0.277764 0.299568 0.009149 0.097123 0.573590 0.509315 0.526420 0.526420 0.524166 0.250931 0.581026 0.559677 0.543163 0.559871 0.631529 0.631529 0.631529 0.563711 0.612925
0.010522 0.009149 0.009149 0.009149 0.009149 0.009149 0.009149 0.009149 0.453846 0.445660 0.593954 0.647442 0.838920 0.838920 0.838920 0.591374 0.591374 0.601180 0.668863 0.838920 0.838920 0.594670 0.298506 0.328339 0.463255 0.372549 0.372549 0.277764 0.367467 0.484826 0.599398 0.548159 0.541660 0.501780 0.391927 0.372549 0.605922 0.372549 0.489777 0.591714 0.589929 0.543319 0.308055 0.543319 0.543441 0.490249 0.125310 0.455157 0.326343 0.509315 0.430857 0.450684 0.393971 0.528157 0.606232 0.549666 0.608165 0.559871 0.604237 0.593108 0.598270 0.562142 0.605506
0.009149 0.009149 0.009149 0.009149 0.009149 0.009149 0.009149 0.010179 0.009149 0.489152 0.838920 0.525734 0.594493 0.686787 0.838920 0.608202 0.592460 0.592460 0.603898 0.838920 0.660906 0.838920 0.838920 0.383224 0.383224 0.372549 0.594670 0.246321 0.194393 0.484826 0.565358 0.521762 0.489232 0.476800 0.351196 0.351196 0.597396 0.586053 0.372549 0.542513 0.598193 0.601265 0.502165 0.543319 0.560863 0.521852 0.360139 0.148179 0.009149 0.015783 0.048576 0.091969 0.141560 0.489499 0.501416 0.554318 0.573136 0.603669 0.608513 0.596708 0.492447 0.596837 0.432859
0.009149 0.010064 0.192188 0.009149 0.009149 0.009149 0.009149 0.185623 0.276543 0.600898 0.530844 0.452383 0.548851 0.599651 0.615584 0.608202 0.606612 0.838920 0.838920 0.838920 0.548159 0.838920 0.838920 0.548159 0.597120 0.615103 0.647442 0.358451 0.358451 0.216892 0.585617 0.329137 0.518598 0.600350 0.430992 0.503037 0.586053 0.547202 0.504533 0.524166 0.545612 0.559832 0.581320 0.507203 0.530311 0.426781 0.248266 0.323004 0.041266 0.037809 0.117509 0.450783 0.091969 0.029802 0.240816 0.240816 0.450143 0.593402 0.563711 0.607990 0.582954 0.587154 0.529850
0.009149 0.010064 0.009149 0.009149 0.009149 0.009149 0.009149 0.009149 0.276543 0.318214 0.673584 0.599097 0.427071 0.548699 0.591391 0.603682 0.604156 0.838920 0.838920 0.838920 0.838920 0.838920 0.838920 0.548159 0.606197 0.604449 0.599272 0.322254 0.581436 0.578352 0.243696 0.508885 0.592097 0.838920 0.397171 0.376135 0.597882 0.504533 0.542023 0.548159 0.559832 0.372549 0.424268 0.600552 0.465399 0.578219 0.561885 0.590163 0.501780 0.099023 0.182368 0.197161 0.321000 0.402087 0.039867 0.431263 0.384575 0.378329 0.424718 0.563711 0.563711 0.587154 0.490350
0.009149 0.009149 0.009149 0.009149 0.009149 0.009149 0.009149 0.009149 0.050101 0.009149 0.478726 0.593954 0.578536 0.489571 0.838920 0.557939 0.838920 0.838920 0.609286 0.838920 0.660906 0.660906 0.838920 0.608235 0.600433 0.606197 0.838920 0.366475 0.328339 0.415388 0.608006 0.548123 0.412190 0.838920 0.301291 0.582743 0.533854 0.548159 0.548159 0.590100 0.590100 0.412190 0.503469 0.465399 0.490325 0.393388 0.486752 0.590163 0.456820 0.369620 0.310702 0.417872 0.430721 0.310965 0.009950 0.423966 0.310438 0.402952 0.359298 0.583828 0.546196 0.530844 0.367467
0.084201 0.009149 0.009149 0.009149 0.009149 0.009149 0.009149 0.009149 0.027310 0.010522 0.009149 0.561172 0.673584 0.307002 0.335135 0.354823 0.838920 0.578133 0.838920 0.838920 0.660906 0.838920 0.501168 0.543471 0.838920 0.838920 0.838920 0.509575 0.550381 0.566480 0.611274 0.419886 0.419886 0.427790 0.303118 0.506294 0.405537 0.451505 0.605404 0.595548 0.597882 0.372549 0.424268 0.504003 0.495174 0.399489 0.490325 0.547526 0.488399 0.501279 0.562005 0.542102 0.398910 0.443417 0.494546 0.561855 0.264738 0.508268 0.602750 0.602750 0.488427 0.575247 0.599179
0.589928 0.253503 0.218613 0.009149 0.009149 0.009149 0.009149 0.009149 0.009149 0.044126 0.181287 0.594990 0.673584 0.496843 0.468460 0.718612 0.431128 0.522237 0.592015 0.838920 0.838920 0.543146 0.501664 0.614576 0.614576 0.660906 0.838920 0.594758 0.517191 0.578388 0.565208 0.612650 0.490275 0.586636 0.426926 0.456513 0.582644 0.502014 0.602688 0.603898 0.554318 0.388704 0.372549 0.455349 0.453528 0.504743 0.542293 0.590989 0.592905 0.522654 0.564321 0.508775 0.508775 0.590129 0.501601 0.586255 0.613258 0.581499 0.605836 0.612350 0.605658 0.593835 0.600717
0.542674 0.579527 0.154313 0.009149 0.009149 0.009149 0.010522 0.009149 0.249244 0.099977 0.488679 0.594390 0.838920 0.296873 0.490336 0.586053 0.400067 0.316680 0.446941 0.583112 0.660906 0.660906 0.838920 0.838920 0.561838 0.561728 0.838920 0.542758 0.613059 0.547202 0.542330 0.606503 0.500571 0.561241 0.496635 0.446941 0.543916 0.504216 0.605491 0.523740 0.552258 0.489425 0.387531 0.511407 0.511407 0.549248 0.504743 0.501416 0.601093 0.592774 0.454054 0.586002 0.546196 0.578445 0.509367 0.542544 0.600541 0.607379 0.605658 0.542435 0.586255 0.597198 0.562048
0.560573 0.567759 0.603208 0.009721 0.009149 0.009149 0.182909 0.012237 0.009149 0.012695 0.009149 0.234304 0.547369 0.838920 0.646567 0.592894 0.604850 0.490114 0.010293 0.582497 0.732427 0.660906 0.610510 0.838920 0.530578 0.547686 0.607213 0.548159 0.501391 0.548159 0.542330 0.542063 0.838920 0.594197 0.424268 0.608747 0.608747 0.593624 0.606197 0.595037 0.598354 0.587884 0.592700 0.424868 0.562569 0.477121 0.530311 0.562071 0.581968 0.549248 0.454980 0.488944 0.597366 0.543052 0.603879 0.608000 0.584430 0.589333 0.451740 0.455059 0.427647 0.561977 0.501684
0.380239 0.380239 0.542792 0.482899 0.645781 0.102862 0.010522 0.009149 0.041973 0.012695 0.009149 0.364669 0.607377 0.610070 0.838920 0.646567 0.604850 0.838920 0.450143 0.549441 0.574573 0.607435 0.838920 0.600172 0.551132 0.551132 0.583426 0.548159 0.548159 0.548159 0.608770 0.567889 0.506396 0.600799 0.373655 0.594469 0.561336 0.592359 0.611478 0.606197 0.600557 0.602993 0.589197 0.388704 0.387531 0.503469 0.501534 0.595099 0.543704 0.570854 0.585402 0.456206 0.608971 0.510320 0.608971 0.545102 0.545102 0.509575 0.507919 0.511407 0.431128 0.503469 0.506902
0.451740 0.259447 0.542792 0.594390 0.838920 0.015249 0.451743 0.009607 0.012237 0.009149 0.453096 0.477121 0.838920 0.552821 0.592382 0.611513 0.641671 0.838920 0.168193 0.368451 0.509367 0.509367 0.590213 0.546956 0.607019 0.424268 0.426491 0.548159 0.579262 0.597882 0.593521 0.297786 0.603141 0.591741 0.563711 0.578158 0.547686 0.591172 0.605831 0.606197 0.599848 0.543754 0.501579 0.372549 0.424268 0.455261 0.430448 0.542063 0.542063 0.495174 0.562058 0.561829 0.566551 0.530358 0.608971 0.608202 0.416068 0.504743 0.489810 0.574670 0.522237 0.503469 0.587191
0.259447 0.501367 0.583112 0.589665 0.588274 0.414023 0.645168 0.194393 0.030649 0.009149 0.342752 0.607594 0.488358 0.455261 0.406684 0.466930 0.454302 0.454302 0.573291 0.600320 0.455539 0.172714 0.370392 0.594529 0.488214 0.480652 0.579232 0.548159 0.609286 0.547202 0.641671 0.589928 0.604700 0.289572 0.563711 0.599336 0.548159 0.611478 0.606197 0.606197 0.606197 0.602600 0.358026 0.572116 0.317448 0.366276 0.411269 0.543084 0.489606 0.543084 0.281428 0.489606 0.589423 0.548237 0.493918 0.520332 0.525136 0.561827 0.489810 0.536191 0.187258 0.246164 0.593157
0.592640 0.561195 0.547845 0.466930 0.597665 0.597665 0.561850 0.601100 0.488588 0.009836 0.583538 0.599244 0.604222 0.455261 0.485789 0.312537 0.380239 0.572532 0.585876 0.838920 0.455539 0.301964 0.470061 0.584963 0.581844 0.578536 0.596877 0.547202 0.541269 0.616252 0.477121 0.596975 0.605761 0.605761 0.297605 0.651464 0.441493 0.601531 0.606197 0.606197 0.606040 0.518598 0.307444 0.531639 0.586823 0.356436 0.356436 0.414251 0.262296 0.317448 0.253992 0.509102 0.372549 0.549248 0.561827 0.522237 0.547445 0.606988 0.364061 0.363654 0.363654 0.366475 0.311490
0.583112 0.597665 0.373379 0.498919 0.597665 0.562085 0.561850 0.838920 0.461417 0.379967 0.584965 0.592819 0.413108 0.498090 0.455819 0.453950 0.485789 0.542319 0.597665 0.838920 0.591741 0.607500 0.482899 0.594390 0.245528 0.245528 0.519927 0.591987 0.523740 0.609683 0.542063 0.605733 0.625846 0.838920 0.389878 0.604520 0.548159 0.606197 0.603291 0.604125 0.578208 0.411038 0.397171 0.388410 0.412650 0.388410 0.392220 0.426926 0.314099 0.305952 0.548419 0.387531 0.387531 0.606988 0.560265 0.562142 0.548918 0.562125 0.412190 0.320243 0.548311 0.561917 0.548470
0.583426 0.489028 0.412420 0.561850 0.596306 0.558103 0.560108 0.605424 0.583937 0.563711 0.589986 0.573887 0.531639 0.498090 0.485789 0.459885 0.459885 0.498090 0.538141 0.838920 0.838920 0.578232 0.543146 0.567971 0.418993 0.385114 0.542023 0.480652 0.533854 0.548159 0.460498 0.605733 0.546708 0.599917 0.838920 0.548159 0.604449 0.606197 0.603291 0.602225 0.453753 0.599339 0.453753 0.583311 0.383765 0.383765 0.383224 0.585042 0.503897 0.295001 0.437323 0.526762 0.412190 0.450541 0.348780 0.581844 0.429063 0.499539 0.351196 0.496426 0.489710 0.571866 0.567295
0.609866 0.488588 0.455819 0.542319 0.594390 0.611549 0.667202 0.583392 0.603163 0.546891 0.581649 0.583230 0.599022 0.578602 0.395718 0.459885 0.485789 0.498090 0.582594 0.594120 0.838920 0.451605 0.595133 0.541975 0.418993 0.294051 0.583603 0.548159 0.561829 0.605733 0.646567 0.611569 0.548159 0.603592 0.586823 0.548159 0.608509 0.608509 0.606197 0.488901 0.455900 0.562133 0.453753 0.543439 0.442776 0.589842 0.150008 0.387531 0.406397 0.429621 0.230200 0.502275 0.223802 0.411960 0.526762 0.380783 0.225541 0.488253 0.542104 0.602993 0.508939 0.489111 0.360974
0.838920 0.258633 0.258633 0.426198 0.592015 0.605942 0.838920 0.598635 0.561605 0.513446 0.581649 0.556186 0.524166 0.499539 0.498090 0.455819 0.451912 0.380239 0.548503 0.572888 0.679442 0.391342 0.259447 0.503469 0.838920 0.586606 0.246631 0.548159 0.656622 0.656622 0.605733 0.341949 0.541660 0.598270 0.606040 0.609529 0.568334 0.599185 0.561002 0.501613 0.453753 0.528157 0.431263 0.600215 0.573985 0.589363 0.488679 0.425017 0.446941 0.542896 0.238886 0.360766 0.043403 0.309382 0.372272 0.489810 0.225541 0.360348 0.286722 0.388704 0.501959 0.483863 0.430310
0.379694 0.369426 0.249107 0.501945 0.566908 0.548123 0.838920 0.610441 0.542023 0.509524 0.561739 0.496009 0.541935 0.489777 0.583485 0.488986 0.451912 0.414479 0.292015 0.542319 0.446941 0.542063 0.542063 0.498297 0.453205 0.597082 0.838920 0.088741 0.530844 0.546708 0.547686 0.609286 0.599339 0.599013 0.838920 0.609529 0.605761 0.548392 0.505988 0.453753 0.594197 0.560577 0.431263 0.508496 0.508496 0.420108 0.406397 0.473270 0.203855 0.203855 0.508268 0.489967 0.488588 0.508268 0.445019 0.508268 0.299393 0.063920 0.341548 0.450417 0.382141 0.191639 0.363040
0.324742 0.311228 0.368058 0.555253 0.515147 0.566166 0.543916 0.562495 0.398331 0.542170 0.531568 0.603163 0.556186 0.585594 0.513446 0.519927 0.488986 0.393388 0.542319 0.454302 0.526792 0.409417 0.498297 0.498297 0.583112 0.579814 0.838920 0.838920 0.530844 0.601342 0.542758 0.597665 0.578988 0.605106 0.589986 0.599034 0.604589 0.612384 0.596910 0.660906 0.604589 0.604589 0.600215 0.608734 0.448222 0.417422 0.490759 0.491604 0.489810 0.432728 0.382141 0.489906 0.370392 0.429203 0.215177 0.401511 0.324247 0.391050 0.459885 0.406970 0.227866 0.452383 0.079744
0.324742 0.239476 0.311228 0.428217 0.250302 0.290794 0.290794 0.427215 0.363449 0.496218 0.475196 0.702787 0.838920 0.597047 0.513446 0.454302 0.461111 0.542319 0.572380 0.504952 0.409417 0.248691 0.462336 0.332734 0.504952 0.583112 0.838920 0.838920 0.445980 0.009149 0.073675 0.489744 0.530844 0.599798 0.599798 0.660294 0.607978 0.516851 0.647442 0.453753 0.660294 0.602532 0.507203 0.452542 0.417422 0.490114 0.410576 0.452542 0.410113 0.428359 0.502179 0.489967 0.501502 0.489842 0.207794 0.203855 0.252227 0.218039 0.440852 0.203855 0.227866 0.312798 0.460192
0.368842 0.279800 0.239280 0.331935 0.387531 0.485789 0.208359 0.317959 0.445660 0.295757 0.373932 0.583392 0.578952 0.584266 0.430857 0.581649 0.496009 0.585594 0.466930 0.451740 0.225541 0.316423 0.409417 0.351598 0.402952 0.583112 0.583112 0.614693 0.838920 0.645781 0.590185 0.325236 0.360766 0.547765 0.597963 0.611565 0.543288 0.542896 0.604589 0.453753 0.732427 0.560809 0.453950 0.603724 0.417422 0.442776 0.410576 0.506801 0.591195 0.591120 0.383224 0.610334 0.489842 0.489842 0.397461 0.155553 0.288350 0.323999 0.295945 0.390757 0.362012 0.178594 0.591476
0.297605 0.236661 0.156174 0.365876 0.549593 0.432464 0.454673 0.440210 0.412650 0.349585 0.598244 0.523780 0.603839 0.606818 0.605107 0.679705 0.601442 0.453528 0.556000 0.426198 0.351598 0.413108 0.509524 0.524020 0.493078 0.497882 0.508210 0.597963 0.838920 0.838920 0.501392 0.378055 0.360766 0.507741 0.605486 0.591457 0.604423 0.596425 0.666677 0.614693 0.552071 0.548123 0.594955 0.593863 0.608794 0.455580 0.455580 0.417422 0.462030 0.419886 0.408252 0.449183 0.396009 0.404102 0.242467 0.307444 0.203855 0.513446 0.307444 0.358451 0.248551 0.209490 0.523740
0.236661 0.279800 0.365876 0.504427 0.549593 0.526097 0.455349 0.455726 0.408718 0.376410 0.514126 0.514126 0.561605 0.838920 0.605424 0.606715 0.838920 0.525967 0.556000 0.410113 0.454302 0.497882 0.548775 0.573191 0.396299 0.501974 0.583112 0.594120 0.838920 0.611866 0.543354 0.599920 0.399778 0.286314 0.368451 0.605804 0.606776 0.590802 0.590802 0.605864 0.599601 0.591789 0.838920 0.660906 0.571969 0.490249 0.421440 0.589546 0.602102 0.422984 0.201616 0.378329 0.287943 0.423643 0.287943 0.218039 0.550381 0.594197 0.488037 0.226703 0.296873 0.501945 0.599339
0.236661 0.248409 0.156174 0.156174 0.549151 0.299040 0.494337 0.351598 0.317959 0.239476 0.325729 0.549954 0.583392 0.583392 0.578952 0.838920 0.702787 0.542170 0.497882 0.351196 0.501534 0.581116 0.581649 0.582176 0.464174 0.409417 0.371162 0.581116 0.584763 0.599569 0.599569 0.582338 0.561138 0.613375 0.406684 0.507741 0.529507 0.604423 0.686874 0.605819 0.591123 0.599398 0.838920 0.660906 0.547557 0.611866 0.415388 0.605761 0.560830 0.403239 0.201616 0.323004 0.363040 0.302130 0.224381 0.285500 0.451912 0.594197 0.248970 0.367467 0.319991 0.501945 0.505161
