Example_Watersheds/WA_MashelWatershed/DataInputs/o_3_ChemistryPools/Mashel_1990_Pools/N_g_root_1.asc
ncols         923
nrows         455
xllcorner     550005.67551598
yllcorner     5180549.8134422
cellsize      30
NODATA_value  -9999
[rows 280 to 307 of 455, columns 567 to 629 of 923]
2.103798 2.315977 1.616326 3.275942 2.804011 3.280111 3.010853 3.010853 3.728205 3.854452 4.028482 3.972361 3.938776 3.969389 3.913503 3.914067 3.992296 3.938498 3.712093 3.877568 3.921465 3.938498 3.974106 3.974093 3.974093 3.494505 3.347740 3.604007 2.991227 3.902963 3.132609 2.407888 2.421368 2.461753 2.117320 2.196275 2.999257 1.557940 2.185674 3.437703 3.437703 1.659289 1.073269 3.076634 1.659289 1.659289 0.842401 1.278353 2.044958 2.478293 2.074655 2.074655 3.453042 3.543404 1.632700 1.659289 0.853740 2.739965 3.242950 3.200732 2.421368 1.763989 1.285665
2.117320 3.014929 3.744338 1.923305 3.249740 3.018855 3.007509 3.383127 3.874963 3.884625 4.052270 4.018144 4.016807 3.917188 3.893814 4.025593 3.904134 4.027645 4.033021 3.922181 3.983143 3.948226 3.932248 3.922181 3.948226 3.981298 3.597775 3.738851 2.991227 3.506629 3.132609 2.117320 2.108883 1.969027 1.986906 2.938864 1.997209 1.557940 2.177728 2.005001 2.712396 1.073269 1.073269 1.073269 1.782887 2.228116 2.044958 2.496564 2.115636 3.438252 1.285665 1.389458 3.453042 2.736924 2.997733 1.073269 1.090095 3.908406 3.242950 2.394186 2.787871 2.413307 3.070540
3.676552 2.761098 2.057254 3.249740 2.885665 3.132609 3.595783 3.603803 3.603803 3.919744 3.994053 3.964511 3.899930 3.958031 4.019486 3.983128 3.904134 3.974093 4.006899 3.883439 3.922181 3.868895 3.838608 3.922181 3.921465 3.948226 3.914067 3.873089 3.600337 3.618806 2.236086 2.005001 1.988067 2.039140 1.632700 2.100398 2.100398 2.012601 1.672909 2.108883 1.969027 2.074655 1.602159 1.602159 1.739692 2.286642 2.729297 1.453774 3.241198 3.247807 1.973882 2.868348 2.787871 1.739692 0.853740 2.774540 2.509289 3.649482 2.470953 3.908406 3.242950 2.823864 2.413307
3.594948 3.594948 3.908787 2.951618 2.461753 3.007509 3.317334 3.277332 3.926558 3.919744 4.081958 4.010298 3.976063 3.922181 3.948226 3.921465 3.948226 3.921465 3.921465 3.946206 3.747215 3.671588 3.927707 3.758636 4.015537 4.001435 3.980003 3.597775 3.597775 3.697287 3.720884 3.595006 3.648321 4.288404 3.239523 3.234806 1.594718 1.446156 2.117320 1.950315 1.672909 1.668320 1.934109 2.107190 2.022088 2.443772 1.602159 1.138487 2.091865 1.659289 1.659289 3.247807 1.659289 1.739692 2.067718 2.067718 2.160418 1.739692 3.761468 3.481154 2.445070 3.072571 2.609168
2.630408 3.194344 3.606658 3.249740 2.994635 3.023857 2.837342 2.987156 3.806991 3.953794 3.886522 3.953463 3.923004 3.925091 3.941600 3.974699 3.921465 3.993034 3.974093 3.929015 3.747215 3.927707 3.617125 3.751754 4.017194 4.008330 3.921465 3.607107 3.879399 3.880153 3.525661 3.327715 3.971117 4.037425 5.564197 3.849277 1.874693 2.525569 3.019716 1.585738 1.612874 1.668320 1.728895 1.484380 2.595603 2.115636 2.994635 1.073269 1.073269 2.401065 1.073269 1.659289 1.073269 1.659289 1.659289 2.774540 2.091865 2.774540 3.040053 3.202862 2.676418 2.923978 3.244597
3.245159 3.727847 3.113455 3.867526 2.819937 2.469115 2.439865 3.250332 3.634082 3.983484 3.637761 3.833952 3.900514 3.728669 4.028086 3.976998 3.941600 3.939698 3.994669 3.969389 3.747215 3.614569 3.671588 3.922181 4.027651 3.938498 3.974093 3.607107 3.840521 3.738851 2.879274 3.330483 3.601622 5.564197 5.564197 4.288404 2.529174 2.117320 3.766223 1.662666 1.662666 1.655808 2.244059 1.707300 2.074655 2.164491 1.959130 1.959130 1.659289 2.368961 1.739692 1.659289 1.659289 2.067718 2.222805 1.739692 1.659289 2.091865 2.983478 2.867471 2.834489 2.055503 3.437703
3.064444 2.278650 3.624993 2.986599 2.827758 2.827758 2.469115 3.368803 3.728771 3.859226 3.772884 3.604411 3.887780 3.728669 3.959526 3.941055 3.988677 3.958300 3.921465 3.969389 3.768529 3.614569 3.747215 3.969389 3.909879 4.053502 4.025593 3.715991 3.920969 4.007541 4.018746 3.183698 3.183698 3.445900 3.113455 3.320069 3.595006 5.564197 4.054763 4.098997 2.806928 2.966490 3.855641 1.969027 2.074655 3.329183 3.303611 1.739692 1.739692 1.888196 1.659289 2.509289 2.687850 2.687850 1.739692 2.091865 2.091865 2.595603 3.241198 2.867471 3.328211 3.378759 3.461217
3.164538 2.661132 3.808952 3.910068 3.918996 3.737105 3.004461 3.368411 3.595725 3.998622 3.746799 3.329183 3.866431 3.866431 3.732738 3.988677 4.022194 3.857118 3.921465 3.747215 3.626143 3.715991 3.747215 3.879848 4.023391 4.023391 3.904134 4.041170 3.981298 3.870788 4.026777 3.990381 3.738851 3.244597 2.717022 3.249740 3.326244 2.420030 2.932485 1.632700 1.696503 1.542352 2.684043 1.542352 2.074655 3.329183 1.707300 1.969027 1.659289 1.659289 1.073269 3.015304 3.015304 2.022088 1.659289 2.926105 1.836888 2.091865 2.091865 3.008942 3.252437 2.040107 1.979861
2.768580 2.921851 3.876919 3.867778 3.918996 3.642922 2.599483 3.964805 4.014575 3.516545 3.914110 3.992330 3.949323 4.035772 3.952344 3.958031 3.993142 3.983143 3.946313 3.921458 3.908406 3.734196 3.799719 3.879848 3.978277 3.992296 3.983143 3.993142 3.921465 4.000732 4.028363 3.990381 3.738851 3.742828 1.880094 3.626716 3.508421 3.453042 2.932485 3.604394 2.981355 2.981355 2.668781 2.051996 2.051996 2.385858 3.187957 1.842288 1.542352 1.978673 2.230772 2.091865 1.953016 1.565755 2.842055 2.645795 1.959130 1.739692 3.398699 3.473740 3.330033 1.611709 2.609168
2.511102 3.164538 3.025665 3.867778 3.599877 3.757687 2.676418 3.859531 3.833664 3.833664 3.667862 3.986483 4.004327 4.039891 3.942503 3.959311 3.983143 3.983143 3.391938 3.927707 3.921458 3.918621 3.922181 3.922181 4.014015 3.913153 3.983143 3.921465 3.921465 4.023391 3.866480 3.466537 3.600791 3.964055 3.958826 3.965489 3.602334 3.602334 3.187957 3.635704 3.602334 3.874137 3.868888 2.340015 2.246717 3.181569 3.025665 3.883776 2.556075 2.733878 1.969027 1.659289 1.659289 1.602159 2.091865 2.091865 2.022088 2.265337 2.603359 3.464388 2.091865 2.196275 1.073269
3.983128 3.983128 3.838190 3.906296 3.925062 3.880586 3.326900 3.587404 3.912342 3.971304 3.756699 3.914995 3.917188 3.989479 3.942503 3.950731 3.952344 3.604394 3.604394 3.604394 3.922181 3.728161 3.747215 3.715991 4.006899 3.868422 3.883354 3.914067 3.948226 3.948226 3.993034 3.946834 3.407721 2.991969 2.042031 3.414492 3.695127 4.056121 3.602334 3.187957 3.925180 4.288404 2.027222 3.300858 2.246717 3.908406 2.236086 2.236086 2.813984 2.733878 1.611709 2.841117 1.659289 1.739692 1.959130 2.373215 2.373215 3.250783 3.248695 2.701152 2.945242 2.774540 2.983478
3.977110 3.966639 3.156023 3.925062 3.242950 3.725372 3.328984 3.242950 3.603940 3.724188 3.858525 3.916161 3.648321 3.843463 3.950731 3.974699 3.952344 3.604394 3.952344 3.712860 3.475613 3.879399 3.768529 3.253046 3.633617 3.856214 3.793467 3.715991 3.942649 3.923936 3.976395 3.792252 3.249537 3.641831 1.618595 3.414492 3.964055 4.056121 2.236086 3.491940 2.439865 1.981045 2.027222 3.666619 2.824841 2.252035 2.014737 2.559643 3.187957 3.187957 1.793687 2.472789 2.122359 1.969027 1.602159 2.160418 2.286642 2.286642 2.091865 2.595603 2.465436 1.739692 2.401065
3.977110 3.974126 3.927000 3.750699 3.064444 4.001879 3.917188 3.242950 3.238113 2.989191 3.247586 3.710755 3.724971 3.724971 3.905882 3.595526 3.326756 3.991682 3.952344 3.833952 3.728445 3.879399 2.904827 3.164538 3.922163 3.900514 3.965940 3.879848 3.796348 3.307736 3.935772 2.079839 3.381480 3.245890 2.315977 2.233429 3.964055 3.829466 4.005718 2.117320 2.102099 2.102099 2.841117 2.373215 2.804011 2.246717 4.061605 3.893814 1.653127 2.435938 2.733878 3.605304 3.325507 3.250712 2.119002 2.074655 1.888196 3.013184 2.994635 2.091865 1.659289 2.595603 1.659289
3.977110 3.974126 3.931158 3.603391 2.422703 3.416749 3.416749 3.187957 3.992330 3.325507 3.735865 3.935508 3.912742 3.912742 3.874963 4.019843 3.369193 3.922181 3.867778 3.939868 3.900388 3.887780 3.768529 3.792939 3.941055 3.953570 3.993141 3.974106 3.956459 3.728161 3.942649 3.726736 3.604941 3.604941 3.688942 2.789345 3.721785 3.339288 3.703280 2.611103 2.069455 1.969027 1.602159 2.574208 2.678326 2.007192 2.684043 4.064588 2.236086 2.371800 2.879274 2.122359 3.430306 3.250712 2.236086 1.986906 3.187957 3.846270 2.996213 0.853740 1.659289 2.945242 3.170924
4.039043 3.968537 3.812176 3.875740 2.394186 3.377712 3.113455 3.962052 3.931617 3.107093 3.618806 3.912742 3.634082 2.417347 3.859531 3.241196 3.762621 3.922437 3.604394 3.861582 3.722471 3.374482 3.253046 3.508421 3.952978 3.715991 3.723310 4.020204 3.978139 3.952344 3.747215 3.715991 3.873089 3.604411 3.328211 3.430306 3.313225 3.720995 3.320069 2.611103 2.701152 2.091865 2.787871 2.626553 2.485615 2.340015 2.684043 3.306362 2.663045 4.044154 2.014737 2.074655 2.027222 2.027222 3.324768 2.928232 1.986906 3.014929 3.328984 2.012601 2.091865 2.595603 2.201578
3.962067 3.918621 3.868026 3.952978 3.912742 3.912742 3.324834 3.870353 3.880153 3.865470 3.988617 3.912742 3.326895 1.967804 2.987724 3.649389 3.607107 3.374482 3.374482 3.463773 3.727884 3.970491 3.017563 3.793467 3.374482 3.715991 3.865622 3.887152 3.927046 3.922437 3.751754 3.374482 2.870966 3.440800 3.640735 3.637961 2.992267 3.449230 3.367623 3.320069 3.309109 2.498386 3.643466 3.597733 3.766561 3.766561 2.236086 3.602334 3.005910 2.326657 3.383451 2.527372 3.329882 2.204230 3.242950 3.242950 2.265337 3.598701 3.328211 2.996213 2.196275 2.368961 1.659289
4.039043 3.977110 3.966639 3.966639 3.912742 2.870096 3.031920 3.919571 3.926457 3.889657 3.889657 3.912742 2.286642 3.236936 3.274551 3.330538 3.915745 3.380472 3.604394 3.252898 3.975041 3.747215 3.978551 4.009845 3.909879 2.996192 3.921458 3.812816 3.867241 3.835642 3.988617 3.876738 3.707572 3.928579 3.596236 3.522617 3.334989 3.334989 3.727595 3.023786 3.525661 3.626716 2.027222 3.292580 3.604207 0.060684 2.470953 2.160418 1.909801 1.986906 2.932485 3.236936 3.240896 3.455202 3.181569 3.242950 2.246717 3.598701 3.605393 2.685947 2.183025 2.120681 1.688406
3.719091 3.962067 3.962067 3.966639 3.932480 3.634082 2.370382 3.207121 3.266187 3.762621 3.326895 3.164538 3.737856 3.019545 2.676418 3.839152 3.242343 3.380472 3.873089 4.018756 3.271766 3.551152 4.014400 4.028036 4.008122 3.918886 3.715991 3.728161 3.978551 3.707572 3.707572 3.925193 3.922181 3.707572 3.952344 3.963050 3.802388 3.443483 3.695127 3.009544 3.644729 2.236086 2.792289 3.292580 3.876172 3.491940 3.713583 3.011578 1.986906 2.230772 2.932485 2.966490 2.326657 3.164538 2.057254 2.435938 2.739965 2.739965 3.245637 2.998497 3.303611 2.286642 2.841117
3.748782 3.517631 3.719726 3.977110 3.936270 2.310640 3.795723 3.866157 3.604396 3.198603 3.660402 2.394186 2.417347 2.684043 2.724704 3.839152 3.988617 2.417347 3.614998 4.010191 3.877568 3.956123 3.956123 3.938702 4.026194 4.042858 3.881348 3.768529 3.922437 4.015132 3.988617 3.952344 3.867778 3.604394 3.969389 4.009361 3.950011 3.941600 2.960117 3.840521 3.522617 3.522617 2.523764 3.604207 3.604207 3.264790 3.274551 2.470953 2.943116 2.943116 2.405165 2.770072 2.487442 1.861190 2.051996 3.078666 3.005910 3.642377 2.476459 2.012601 1.959130 1.959130 2.373215
2.810978 3.517631 3.804044 3.966639 3.966639 3.486675 3.482998 3.598255 3.604396 2.938864 3.500609 2.744517 2.840176 2.439865 2.439865 3.516545 3.988617 3.604394 3.604394 4.005265 4.005265 3.883439 3.909879 3.883439 4.010576 3.924112 3.660402 3.551152 3.747215 3.988617 3.962052 3.707572 3.604394 3.715991 3.747215 3.974112 3.983143 3.897796 3.200732 2.451526 3.011543 3.425785 3.425785 3.250332 3.522617 3.626716 3.151765 3.242950 2.370382 1.986906 2.979232 2.117320 2.989053 2.090153 1.654921 3.384415 2.813984 2.570321 2.385858 2.841117 2.870096 1.959130 2.373215
3.738851 3.517631 3.969393 2.452810 3.966639 2.783440 3.461217 3.461217 3.391938 3.616277 3.383127 3.600337 3.370737 3.252116 3.952936 3.935626 3.722668 3.723884 3.978551 4.021336 3.966639 3.988617 4.008668 3.912742 3.988617 3.863960 3.164538 3.391938 3.880586 3.900514 3.912742 3.326895 2.723171 3.604394 3.604394 3.908858 3.932300 3.724693 3.715991 3.635758 3.556321 3.011543 3.727022 3.602548 3.604207 3.602566 3.453042 3.242950 3.242950 2.127381 2.015799 3.196474 3.332096 2.489269 1.654921 2.033252 3.164538 1.986906 1.969027 2.636184 3.007509 3.007509 1.959130
3.329620 3.327843 3.722007 4.039043 3.797978 3.330641 3.772884 3.596236 3.242950 3.486675 3.604411 3.368803 2.990669 3.009544 4.004414 3.365623 3.908582 3.905882 3.909879 4.021336 3.908858 3.912742 3.912742 3.883439 3.988617 3.380472 3.380472 3.391938 3.881348 3.988617 3.867778 3.866157 4.022378 2.310640 3.952344 3.992555 3.897796 3.939185 3.200732 3.607107 3.391938 3.250712 3.011543 3.600981 3.715472 2.520152 2.813984 2.653469 3.017682 2.724704 2.834489 0.060684 0.060684 1.823387 1.823387 3.303611 1.763989 1.861190 1.683984 1.785587 2.755088 2.289307 2.012601
3.330641 3.909799 3.517631 3.384733 3.728248 3.330641 3.605646 2.536372 3.342834 2.653469 2.938864 3.347740 2.990669 3.491940 3.009544 3.094912 3.908582 3.910796 3.912742 3.912742 3.912742 4.014551 3.912742 3.868026 4.005265 3.813455 3.747215 3.727224 3.908858 3.988617 3.834227 3.615852 3.988617 3.908990 3.909879 3.717028 3.983143 4.002589 3.598255 3.803714 3.022632 3.370737 2.765591 3.618806 3.602548 2.236086 2.236086 3.921995 2.350709 2.435938 3.012228 3.854452 0.060684 2.329328 2.819937 1.909801 2.932485 2.265337 2.724704 2.051996 2.476459 2.091865 2.040107
2.758096 2.758096 3.962067 3.757687 3.598492 3.604411 2.329328 2.999369 2.758096 3.727352 3.530508 3.530508 3.500609 3.164538 2.439865 3.792252 3.895488 3.922437 3.912742 3.912742 3.867778 3.912742 3.912742 3.969389 3.734196 3.880586 3.391938 3.551152 3.988617 3.867778 3.989531 3.992487 3.949323 3.938702 3.921465 3.983143 4.010887 3.715991 3.715991 3.453042 3.998622 3.604411 3.238113 3.145379 2.305304 2.991227 3.242950 2.329328 2.572258 1.979861 3.327843 3.854452 0.060684 3.164538 3.164538 2.062494 2.299970 3.522617 2.724704 3.187957 2.481956 1.861190 2.421368
3.462507 2.758096 2.758096 2.758096 3.727352 3.885326 2.653469 3.871508 3.330641 3.757687 3.871508 3.354635 3.192215 3.757687 3.880586 3.928021 3.960497 3.998669 3.353951 3.867778 3.604394 3.867778 3.912742 3.747215 3.391938 3.926396 3.391938 3.747215 3.634082 3.353951 3.989531 3.942332 4.038738 4.002676 3.934814 3.918621 3.938702 3.932300 3.718037 3.256395 3.752743 3.746799 3.391938 3.103033 3.196474 3.631500 3.381812 2.329328 2.117320 2.105495 3.348436 3.064444 2.923978 2.661132 2.411955 2.105495 2.614970 3.602548 3.602548 2.680232 3.164538 3.587404 2.090153
2.385858 3.852003 2.758096 3.192215 3.728562 2.758096 4.028164 3.757687 3.494505 3.757687 3.327843 3.430306 3.757687 4.029614 3.638779 3.450672 3.960497 3.648321 3.353951 3.649193 3.808117 3.867778 3.988617 3.988617 3.327843 3.602450 3.605646 3.937185 4.012796 3.967006 3.960442 4.009047 3.959243 3.922877 3.934814 3.936246 3.927917 3.607107 3.587404 2.989191 3.009544 3.200732 3.238698 2.947367 3.644729 3.345645 3.604007 2.439865 2.127381 3.017425 3.017425 2.804011 2.824841 3.190086 2.813984 2.993061 3.597487 3.709108 3.641831 3.603940 3.604411 2.838289 2.384462
2.727768 3.726352 2.758096 2.536372 2.417347 2.703049 2.329328 3.812968 3.024464 3.494505 2.470953 3.810367 3.244862 3.981665 3.517631 3.517631 3.947034 4.039043 3.192215 3.862772 3.972278 3.867778 3.637761 3.604394 3.604394 2.394186 3.604411 4.012796 4.088684 3.992356 4.020642 4.018861 3.961086 3.881348 3.905542 3.927917 3.747215 3.391938 3.164538 3.629568 3.599645 3.451138 3.451138 3.451138 1.598468 2.856782 3.274551 3.840521 2.799626 2.724704 2.439865 2.842055 3.630460 2.991227 3.324028 2.993061 3.164538 3.604394 2.079839 2.676418 2.825815 3.347043 2.384462
2.421368 3.929531 3.719726 3.941851 2.685947 2.329328 2.938864 2.938864 2.103798 3.912607 2.329328 2.758096 2.020008 3.639636 3.929015 3.640792 3.722007 2.938864 3.192215 3.914699 3.867778 3.709108 3.505160 3.709108 3.604394 3.883354 4.032580 4.012796 3.912742 3.968625 3.940706 3.994821 3.922181 3.912933 3.905542 3.707572 3.638271 3.647946 3.242950 3.715991 3.724693 3.200732 3.603483 3.306362 3.330775 3.249740 3.602972 3.603445 3.516545 3.249716 2.543553 2.792289 3.428045 3.738851 3.602334 2.439865 2.902699 3.134737 2.433309 3.506629 2.849486 2.838289 2.838289
