Example_Watersheds/WA_MashelWatershed/DataInputs/o_3_ChemistryPools/Mashel_1990_Pools/N_g_Det_root_2.asc
ncols         923
nrows         455
xllcorner     550005.67551598
yllcorner     5180549.8134422
cellsize      30
NODATA_value  -9999
[rows 112 to 139 of 455, columns 315 to 377 of 923]
2.776243 2.830743 3.046465 2.890544 3.655758 3.046465 3.046465 3.046465 2.734116 2.624518 2.750970 2.674487 2.622388 2.805079 2.651288 2.681894 2.629190 3.046465 3.046465 2.652822 2.785876 2.767231 2.771009 2.797228 2.698216 2.649157 3.046465 2.835583 3.046465 3.046465 3.046465 3.046465 3.046465 3.046465 3.046465 2.740437 3.046465 3.046465 3.046465 3.046465 3.046465 3.046465 3.884243 2.679837 3.046465 3.046465 3.046465 3.046465 2.759017 2.745477 2.608266 2.819920 2.898772 2.666051 3.046465 2.696510 2.867688 3.046465 3.046465 3.046465 3.046465 2.740482 2.670115
2.613791 2.767187 3.046465 3.046465 3.884243 3.046465 3.046465 2.625896 2.823847 2.775945 2.754859 2.750970 2.769043 2.622388 2.881790 2.737689 2.775945 2.852324 2.651707 2.676450 2.615607 2.650609 2.812080 2.796045 2.636160 2.669270 2.669270 3.046465 3.046465 3.046465 3.046465 2.835583 3.046465 3.046465 3.046465 3.046465 3.046465 3.046465 3.046465 3.046465 3.046465 3.046465 3.046465 3.020508 3.046465 3.046465 2.835583 3.046465 2.839109 2.775283 2.844909 2.819920 2.794804 2.837756 2.837756 2.772662 2.775283 2.772662 2.760130 2.804286 2.647670 2.770668 2.793514
2.729560 3.770000 3.046465 3.046465 3.046465 3.046465 3.046465 3.046465 2.886801 2.775945 2.814856 2.750970 2.613965 2.790212 2.814856 2.651288 2.733531 2.814856 2.613965 2.613965 2.841776 2.695884 2.676133 2.844763 2.792545 2.835583 3.046465 3.046465 3.046465 3.046465 2.619517 3.046465 3.046465 3.046465 3.046465 3.046465 3.046465 3.046465 3.046465 3.046465 3.046465 3.046465 3.046465 3.046465 3.046465 3.046465 3.046465 3.046465 2.816660 2.781180 2.768667 2.780869 2.770854 2.746326 2.763202 2.782128 2.763202 2.814139 2.632786 2.802136 2.845343 2.842881 2.831876
4.683940 3.046465 3.046465 2.684013 3.046465 3.046465 2.642704 2.762253 2.765859 2.805480 2.699682 2.699682 2.626291 2.641098 2.754859 2.769043 2.848846 2.668775 2.680365 2.668775 2.695884 2.680365 2.806484 2.844763 2.622348 2.679620 3.046465 3.046465 3.046465 2.622348 2.619517 2.734836 2.620023 3.046465 3.046465 3.046465 3.046465 3.046465 3.046465 3.046465 3.046465 3.046465 3.046465 3.046465 3.046465 3.046465 2.681081 2.617644 2.849085 2.785636 2.807896 2.778340 2.832776 2.803040 2.762546 2.822469 2.845343 2.804572 2.798141 2.763703 2.845343 2.708988 2.806662
3.046465 3.046465 3.046465 3.046465 3.046465 3.046465 3.046465 2.673007 2.810643 2.819499 2.816785 2.775945 2.811739 2.754859 2.750970 2.674487 2.893451 2.680948 2.625044 2.699682 2.646660 2.819457 2.837698 2.621794 2.613390 2.818199 3.046465 2.630267 2.626835 2.909381 2.648170 2.810136 2.641246 2.868631 2.695328 3.046465 3.046465 3.046465 3.046465 3.046465 3.046465 2.925796 2.679820 3.046465 3.046465 3.046465 2.614463 2.852312 2.807370 2.870605 2.832776 2.805239 2.766134 2.818866 2.834046 2.822469 2.803015 2.613738 2.613738 2.728447 2.845374 2.767512 2.685943
2.630784 3.046465 3.046465 3.046465 3.046465 3.046465 2.678789 2.790800 2.813696 2.822868 2.710274 2.685061 2.677994 2.683524 2.809049 2.706993 2.660246 2.613610 2.613965 2.797406 2.706448 2.840246 2.701121 2.701121 2.838019 2.616206 3.046465 2.615686 2.791894 2.675160 2.819948 2.808021 2.843111 2.781681 2.675889 2.859753 3.046465 3.046465 2.763414 2.619772 2.652265 2.925796 2.787679 2.655853 2.680301 2.870483 2.818251 2.849085 2.807370 2.832776 2.760037 2.760037 2.698712 2.678391 2.831581 2.819011 2.653408 2.834046 2.782221 2.672567 2.804421 2.783944 2.764923
3.552563 3.046465 3.046465 3.046465 3.046465 3.046465 2.898772 2.850524 2.799488 2.790837 3.832191 2.733276 4.351684 2.636983 2.767779 2.767779 2.633294 2.765558 2.695573 2.641533 2.641375 2.827785 2.675632 2.677229 2.742270 2.834657 2.651707 2.615686 2.772662 2.805768 2.780414 3.832191 2.808677 2.665601 2.675889 2.795785 2.702500 2.687908 2.775901 2.849445 2.829676 2.815441 2.830743 2.830743 2.804380 2.822259 2.729912 2.804326 3.040191 2.783395 2.616868 2.700665 2.834046 2.826517 2.831581 2.633440 2.613861 2.834046 2.832776 2.834046 2.805873 2.780237 2.799411
3.046465 3.046465 3.046465 3.046465 3.046465 3.046465 2.898772 2.799216 2.799216 2.811747 2.794901 2.829850 2.703749 2.993058 2.637445 2.653954 2.622774 2.755532 2.714297 2.618793 2.644916 3.046465 3.286126 2.828885 2.798546 2.753792 2.806972 2.843111 2.808854 2.689742 2.778321 2.822431 2.807193 2.781407 2.653408 2.812515 2.786955 2.813237 2.832646 2.796554 2.822885 2.811399 2.842106 2.754177 2.826953 2.810162 2.845343 2.808790 3.046465 2.835370 3.092113 2.702805 2.758396 2.786493 2.792545 2.633440 2.711307 2.779759 2.831581 2.834046 2.770501 2.800303 2.634455
3.046465 3.046465 3.046465 3.552563 3.046465 3.046465 2.635584 2.815481 2.806054 2.828497 2.826454 2.673191 2.893351 2.780655 2.831163 2.807272 2.821171 2.617363 2.792735 2.641295 2.649476 2.681957 2.809737 2.843877 2.816660 2.787230 2.815798 2.815798 2.672768 2.887295 2.767209 2.791559 2.786970 2.831226 2.819192 2.796816 2.791189 2.751174 2.802537 2.803545 2.776085 2.775945 2.775945 2.796643 2.808328 2.810162 2.641943 3.832191 3.046465 3.046465 2.838445 3.832191 2.758396 3.055368 2.703725 2.703725 3.832191 2.822469 2.826517 2.852669 2.714189 2.841604 2.846638
3.046465 3.046465 3.012148 3.046465 2.997131 2.677665 2.867688 2.795381 2.815509 2.826454 2.844795 2.815931 2.840388 2.804170 2.836562 2.625108 2.894836 2.619996 2.829471 2.699750 2.699750 2.811805 2.768667 2.627291 2.802264 2.817167 2.712498 2.770678 2.763240 2.799497 2.780035 2.791559 2.796643 2.814121 2.835948 2.799118 2.776141 2.805286 2.802537 2.925560 2.761234 2.673866 2.636027 2.775945 2.836062 2.810555 3.832191 3.832191 3.832191 2.804416 3.046465 2.820387 2.791693 2.826953 2.821486 3.832191 3.832191 2.805696 2.832776 2.782522 2.717154 2.753160 3.046465
3.046465 3.046465 3.046465 2.997131 3.046465 2.734338 2.818527 2.769964 2.768667 2.786955 2.844795 2.834935 2.834935 2.786955 2.793589 2.804154 2.611392 2.636160 2.810555 2.799402 2.790797 2.832995 2.808931 2.818557 2.774593 2.763202 2.775945 2.838019 2.819948 2.796643 2.796643 2.796643 2.708768 2.781744 2.837765 2.807272 2.799118 2.776623 2.625376 2.617741 2.811862 2.818884 3.214727 3.832191 2.785341 2.821554 2.785089 2.775233 2.831163 2.803230 3.046465 2.763810 2.797683 2.817672 2.795785 3.832191 3.832191 2.822469 2.756816 2.805954 2.721239 3.046465 3.046465
3.046465 2.835583 3.274950 2.997131 3.046465 3.046465 2.812587 2.925453 2.639332 2.790356 2.775659 2.780387 2.714726 2.802236 2.763202 2.808854 2.809481 2.820964 2.788290 2.729912 2.666030 2.798476 2.849150 2.772662 2.851380 2.691299 2.780179 2.812239 2.776085 2.818774 2.790197 2.764923 2.853252 2.804380 2.785172 2.835370 2.822469 2.824133 2.713955 2.653408 2.831581 2.831581 2.795331 2.776625 2.806310 2.788509 2.798651 2.947132 2.814679 2.803230 2.762546 2.757155 3.104893 2.831581 2.760037 2.805494 3.832191 2.721752 2.639777 2.639777 2.664640 2.634161 3.046465
3.046465 4.303132 3.274950 3.274950 3.046465 3.046465 3.425386 3.046465 3.286126 2.709235 2.818251 3.625262 2.768094 2.831843 2.874057 2.815509 2.786955 2.795650 2.660874 2.769229 2.782585 2.763202 2.821007 2.811480 2.811480 2.810485 2.800890 2.792260 2.782380 2.792260 2.799777 2.813166 2.803230 2.767512 2.810162 2.835370 2.818866 2.831581 2.824731 2.821036 2.808328 2.798466 2.795331 2.785089 2.796816 2.785089 2.793510 2.835860 2.805494 2.804486 2.821554 2.608659 2.608659 2.682266 3.046465 2.803230 2.835370 2.834046 2.810227 2.652822 2.691148 3.693839 3.046465
3.046465 3.254643 3.046465 3.046465 3.116611 3.046465 3.046465 3.046465 4.683940 3.046465 3.274950 3.046465 3.046465 2.765494 2.874057 2.787116 2.787116 2.782063 2.841863 2.786955 2.786955 2.844383 2.806054 2.786800 2.775088 2.803230 2.837638 2.796943 2.613791 2.851215 2.831581 2.831171 2.760037 2.803230 2.815803 2.821384 3.832191 2.808328 2.778737 2.841515 2.837923 2.832681 2.785219 2.806069 2.806069 2.763202 3.092113 2.786955 2.732093 2.947132 2.826517 2.801018 2.840560 3.046465 3.046465 2.686218 2.830736 2.777513 2.810227 2.834046 2.713253 2.894658 3.046465
3.046465 3.046465 2.742517 3.579596 3.046465 3.046465 3.046465 3.046465 3.552563 3.046465 4.548640 3.494420 3.046465 3.286126 3.046465 2.726611 2.842801 2.831521 2.806054 2.787833 2.787833 2.810811 2.801489 2.811298 2.613655 3.046465 2.628849 2.925197 2.886893 2.944328 3.227507 2.893351 2.787833 2.841515 2.652490 2.830267 2.841982 2.774338 2.803230 2.782864 2.787530 2.768667 2.785089 2.845152 3.832191 2.803014 3.832191 2.704278 2.777729 2.832776 2.763823 2.638883 3.046465 3.046465 3.046465 3.046465 2.799618 4.265051 2.791685 2.810227 2.713253 3.046465 3.046465
3.011513 3.046465 3.046465 3.046465 3.046465 2.666315 3.046465 3.494420 2.704953 3.046465 3.046465 2.775945 3.046465 3.046465 3.046465 3.046465 2.682230 2.798027 2.807997 2.846577 2.797822 2.655408 2.616868 2.657819 2.672737 5.102829 3.046465 3.046465 3.046465 3.046465 2.734338 2.797822 2.787833 2.804194 2.790797 2.801050 3.101698 2.947132 2.845343 2.782864 2.807664 2.802443 2.778530 3.832191 2.837324 3.832191 3.832191 2.818834 2.831241 2.612565 3.104893 2.697906 3.046465 3.046465 3.046465 3.046465 3.046465 3.046465 3.046465 2.675367 2.714467 3.503435 3.046465
3.046465 2.732383 3.046465 3.046465 2.618631 2.646288 2.666051 4.303132 2.671468 2.675661 2.802996 2.675661 2.798149 2.624126 2.635427 3.046465 2.615060 2.628849 2.807997 2.666315 2.674894 2.674894 3.046465 3.046465 3.160707 3.046465 3.046465 3.046465 3.046465 3.046465 2.656930 2.783130 2.782864 2.814856 3.214727 2.770323 3.832191 2.763810 2.845343 2.845343 2.809514 2.799458 2.813513 2.709206 2.786800 2.819333 3.832191 2.710279 2.710279 2.798212 2.844725 3.046465 3.561194 3.046465 3.046465 3.046465 3.541515 3.046465 3.046465 3.046465 2.641033 3.046465 3.046465
3.046465 2.617781 3.046465 2.862838 2.618631 2.670664 2.617741 2.613861 2.647341 2.893170 2.733531 2.675661 2.671173 2.671173 2.713116 3.046465 3.046465 3.008936 2.667250 2.803566 3.316399 2.684615 2.755460 3.359538 3.046465 2.927713 3.579596 3.007853 3.046465 3.494420 2.714549 2.723074 2.804170 2.806689 2.837324 2.805494 3.214727 2.800808 2.845343 2.826712 2.832776 2.831581 2.809625 2.790837 2.812587 2.823464 2.795274 2.822469 2.831581 2.808328 3.046465 2.702163 3.046465 3.046465 3.046465 3.494420 3.046465 3.046465 3.046465 3.046465 3.046465 3.046465 3.046465
3.046465 3.046465 2.763414 2.724002 2.652822 3.412822 2.675783 2.672737 3.046465 3.046465 2.644864 2.800577 3.046465 2.805407 3.046465 2.890440 2.893289 3.046465 3.046465 2.845065 2.667142 2.805890 3.059856 3.046465 3.046465 3.046465 3.046465 4.074647 3.046465 5.217071 3.274950 2.702932 2.805696 2.831581 2.808328 2.821384 2.777729 2.822469 2.804170 2.826322 2.834046 2.822469 2.793306 2.790837 2.837324 2.766627 2.827310 2.834046 2.612077 2.715423 3.046465 3.046465 3.046465 3.494420 3.046465 3.046465 3.046465 3.046465 3.046465 3.046465 3.046465 3.046465 3.046465
3.046465 4.683940 3.884243 3.046465 2.620875 3.884243 3.046465 3.046465 3.351111 3.286126 3.046465 4.531616 3.389192 3.316399 2.922056 2.768586 2.789721 2.626835 2.815811 2.655050 2.834416 2.811449 3.059856 3.046465 3.046465 3.046465 3.046465 3.351111 4.683940 4.683940 3.270536 4.084202 2.767880 2.831581 2.828971 2.752420 2.767909 2.835370 2.834046 2.778737 2.837324 2.835370 2.835370 3.832191 2.831581 2.831581 3.103695 2.675142 2.749548 3.046465 3.046465 3.046465 3.046465 3.046465 3.046465 3.046465 3.046465 3.046465 3.046465 3.046465 3.046465 3.046465 3.046465
3.046465 4.683940 3.552563 3.046465 3.046465 3.046465 3.046465 3.046465 3.351111 3.046465 3.046465 3.046465 3.552563 2.700156 2.889146 2.768586 2.824637 2.824637 2.841950 2.851240 2.654004 2.836356 2.775090 3.046465 3.046465 4.150808 5.178990 3.046465 4.722020 3.046465 3.046465 2.613080 2.759397 2.763414 2.828057 2.814139 2.782864 2.834046 2.792260 2.811544 2.806680 2.835370 2.834046 2.833419 2.629312 2.629312 2.831581 2.671959 2.694555 2.686642 3.046465 3.046465 3.046465 3.046465 3.046465 3.046465 3.046465 3.046465 3.046465 3.046465 3.046465 3.046465 3.046465
2.894580 3.046465 3.046465 3.494420 3.046465 3.236869 3.010766 3.046465 3.331081 3.884243 3.046465 3.399955 3.046465 3.046465 4.074647 2.797530 2.780344 2.614309 2.779759 2.831581 2.792260 2.611580 2.926424 3.046465 2.640661 3.046465 3.046465 3.884243 3.046465 3.494420 3.494420 2.612747 2.918731 2.633440 2.807447 2.811313 2.805890 2.805239 2.679398 2.817065 2.808072 2.779041 2.829305 2.777326 2.613861 2.918731 2.766134 2.671959 3.046465 3.046465 3.046465 3.046465 3.046465 3.046465 3.046465 2.737250 3.046465 3.046465 3.046465 3.046465 3.046465 3.046465 3.046465
3.351111 3.046465 3.046465 3.046465 3.046465 3.046465 3.046465 3.046465 3.046465 2.888941 3.046465 3.351111 3.046465 3.046465 2.607519 2.840952 2.631346 3.046465 2.780019 3.046465 3.046465 2.805588 2.764491 3.046465 3.046465 3.046465 3.046465 3.524853 3.351111 3.351111 3.046465 3.046465 2.680143 2.918731 2.629312 2.852669 3.046465 3.046465 2.804709 2.678950 2.810227 2.774846 2.817350 2.799411 2.792260 2.714369 2.609213 2.625108 3.046465 3.046465 3.046465 3.046465 3.046465 3.046465 3.046465 3.046465 3.046465 3.046465 3.046465 3.046465 3.046465 3.046465 3.046465
3.046465 2.680143 3.046465 3.541515 3.046465 3.046465 2.653954 3.399955 3.552563 3.351111 3.543629 3.399955 3.046465 3.046465 2.781696 2.806689 2.745472 2.666940 3.046465 3.046465 2.828971 2.828971 2.831005 2.811020 2.788348 2.718540 3.011513 3.046465 3.494420 3.351111 3.046465 3.046465 2.685085 2.673509 2.742485 2.858444 3.046465 2.845343 3.214727 2.796817 2.831876 2.775945 2.824843 2.778721 2.808328 2.803230 2.947132 3.846162 3.046465 3.046465 3.046465 3.046465 3.046465 3.046465 3.046465 3.731919 3.046465 3.046465 3.046465 3.046465 3.046465 3.046465 3.046465
3.046465 3.046465 3.046465 3.494420 2.653954 3.301414 3.373313 3.552563 3.046465 3.046465 3.351111 5.102829 3.046465 3.046465 3.046465 2.808811 2.814139 2.807896 3.214727 2.842968 2.834046 2.805696 2.620023 2.798261 2.918468 3.046465 3.046465 3.046465 2.830451 3.351111 3.351111 3.046465 3.331081 2.617938 2.896728 2.790204 2.771641 2.814289 2.845343 3.832191 2.918731 2.831581 2.808328 2.776289 2.834046 2.822936 2.818884 2.658417 3.046465 3.046465 3.046465 3.046465 3.046465 3.046465 3.046465 3.046465 3.046465 3.046465 3.046465 3.046465 3.046465 3.046465 3.046465
2.892068 3.046465 3.097995 3.046465 3.316399 3.449608 3.046465 3.046465 3.046465 3.046465 3.046465 3.046465 3.046465 3.046465 2.669270 2.784473 2.845343 2.845343 2.845528 2.753119 2.678496 2.775945 2.820458 2.771641 2.890132 2.699200 3.046465 3.012670 3.012670 3.351111 3.351111 3.579596 3.009259 2.878476 3.645871 2.823408 2.621344 2.764867 2.821491 2.821374 2.763810 2.814139 2.844666 2.800802 2.796643 2.669270 2.679434 3.020508 3.046465 3.046465 3.046465 3.046465 3.046465 3.046465 3.046465 3.046465 3.046465 3.046465 3.046465 3.046465 3.046465 3.046465 3.046465
2.843046 3.046465 3.046465 3.046465 3.046465 2.639863 2.849176 3.046465 3.046465 3.046465 3.046465 3.046465 3.046465 3.046465 2.655408 2.831581 2.845343 2.799118 2.823301 2.812278 2.637063 2.613861 2.806689 2.771641 2.696689 3.046465 3.046465 3.046465 3.046465 3.046465 3.046465 3.046465 3.427273 3.046465 2.892979 2.752420 2.895279 2.847285 3.351111 2.790204 2.799118 2.808328 2.831581 2.773780 2.767849 2.671959 2.623859 4.036566 3.046465 3.960404 3.046465 3.046465 3.046465 3.046465 3.046465 3.046465 3.046465 3.046465 3.046465 3.046465 3.046465 3.046465 3.046465
3.046465 3.046465 3.046465 2.997131 2.649406 3.494420 3.046465 2.912835 3.046465 3.046465 2.642704 3.046465 3.012670 2.714297 2.846281 2.780790 2.832776 2.828971 2.828971 3.832191 2.811739 2.782552 2.611392 2.831323 2.805696 2.760677 3.046465 2.619711 3.884243 3.046465 3.046465 3.922323 3.427273 3.351111 2.675642 2.802996 2.835603 2.623969 3.046465 2.636137 2.814289 2.815803 2.766134 2.633440 2.734116 2.923373 2.923373 4.226970 3.046465 3.046465 3.046465 3.046465 3.503435 2.722004 3.503435 3.046465 3.046465 3.046465 3.046465 2.723365 2.673007 3.046465 3.046465
