Example_Watersheds/WA_MashelWatershed/DataInputs/o_3_ChemistryPools/Mashel_1990_Pools/N_g_root_2.asc
ncols         923
nrows         455
xllcorner     550005.67551598
yllcorner     5180549.8134422
cellsize      30
NODATA_value  -9999
[rows 280 to 307 of 455, columns 63 to 125 of 923]
1.720720 2.707232 2.849042 2.220575 0.058101 1.580434 2.914249 1.897707 2.539131 3.019576 1.425132 1.670538 2.209375 2.616543 2.287000 1.793454 2.822721 1.670538 2.531820 1.208521 1.039369 2.321884 1.592239 2.461709 1.592239 1.642969 1.567937 2.129589 1.630951 2.181262 2.498316 3.083171 2.721233 2.839568 2.908273 2.908007 2.547339 1.931260 0.185574 0.047430 2.403063 2.972925 2.912906 3.105243 3.062244 3.036164 3.156411 2.912609 3.022155 2.908007 2.908007 3.007004 1.414580 2.568023 3.139921 1.145199 0.643750 0.643750 0.691156 2.356717 2.356717 2.715022 3.005144
2.834087 3.122845 2.136758 2.518288 2.541861 2.817283 2.691269 1.649593 2.912876 2.913198 2.201702 2.323544 2.592778 1.896670 2.812893 2.188146 2.682842 1.567937 1.628264 2.559339 1.280887 1.139229 1.567937 2.542056 2.813609 2.813609 2.220575 1.828921 1.870179 3.130919 3.051321 3.082432 2.541931 2.689914 1.112497 1.949853 2.547339 0.047430 0.047430 0.061066 2.599549 3.021729 3.068469 3.105243 3.085543 3.090106 3.134108 2.913241 3.060281 2.908273 2.908007 2.839155 2.839155 2.901915 0.936979 1.880906 1.999185 0.168748 0.072923 1.305750 2.807918 2.998727 2.713566
2.140328 2.906538 2.608262 2.743138 1.563617 1.905941 2.913241 2.913520 1.747691 1.074263 1.416690 2.019573 1.567079 2.540763 1.567079 2.287000 2.288662 2.288662 1.306346 2.446736 2.241858 1.857078 1.264186 2.531820 2.019573 1.630951 3.067792 1.652232 2.940807 3.130919 2.936179 3.118945 2.880318 2.024131 1.753923 2.841217 1.772634 0.047430 1.592239 3.130454 1.296876 3.071261 3.093953 3.082889 3.021035 3.021035 3.078402 2.867716 2.838325 3.070081 3.035500 2.688365 3.014934 2.906785 0.545804 1.545570 0.643750 0.620595 0.047430 0.084780 1.408249 1.013449 2.733258
2.636869 2.301957 2.827748 2.119969 1.886204 2.531963 2.362924 2.913770 1.747691 1.626918 0.185574 1.578808 1.653550 2.366524 1.567937 1.935564 2.206326 1.486339 2.161545 2.066413 2.540560 1.567079 2.352696 2.531820 2.241858 2.241858 2.741287 3.164855 3.125080 3.057080 2.914006 3.019035 2.598503 2.207854 1.301439 1.404029 0.047430 1.593761 0.047430 0.047430 0.047430 0.047430 2.818909 3.025349 3.057065 3.115172 3.123106 3.063477 3.082889 3.118945 2.968752 2.911313 2.603179 1.071341 1.463121 0.199527 0.240157 0.667271 0.058101 0.073516 1.591474 1.013449 2.812341
2.142703 2.301957 2.453390 2.848285 2.167377 2.212398 2.486667 2.997377 2.914006 1.609285 1.720720 1.959805 2.169702 1.925510 2.015009 2.169702 1.269413 2.423697 1.931260 2.353238 1.737311 2.910413 1.839369 1.592239 2.320224 2.320224 2.388770 2.773507 2.876444 2.876444 3.000830 2.922229 2.912876 3.090290 2.626691 1.903893 2.220575 0.047430 0.047430 0.047430 0.047430 0.047430 2.539465 3.075567 3.033602 3.156411 3.070225 3.063477 3.117851 3.152276 2.905568 1.361828 2.185855 1.577169 1.463121 0.313788 1.896670 1.896670 0.047430 0.062251 0.047430 1.666640 0.724594
1.913054 2.907827 2.971084 2.608262 2.730844 2.140328 2.709393 2.998608 2.850168 2.363344 2.336819 1.680867 2.226396 1.925510 1.958386 1.860377 2.415763 2.320224 2.211645 1.787205 2.589567 2.589567 0.408818 2.599742 2.902733 2.599425 1.567937 2.220575 2.181262 2.632699 2.850214 2.727137 2.911222 3.090290 2.637729 2.822379 2.754598 0.047430 0.047430 0.765001 0.047430 0.962254 2.931540 2.999980 1.749768 3.151239 3.026009 3.082889 3.141984 3.141984 3.167060 2.601883 2.127190 0.105081 1.596930 1.229889 0.816055 0.691156 0.069959 0.076480 1.294155 1.284740 1.245421
1.382927 2.689871 3.072533 2.817141 2.534935 1.610651 2.817283 2.818219 3.109448 1.542756 2.336819 1.766394 2.226396 1.922629 1.922629 1.601062 2.159205 1.526448 2.220575 2.241858 1.391368 1.199404 1.515893 2.817707 2.334716 2.220575 2.181262 2.341080 2.232818 2.910902 3.019035 2.915998 2.942347 3.098571 2.374471 2.658134 2.494987 0.047430 0.047430 0.047430 0.047430 2.813074 2.258722 3.098245 2.622465 2.143889 3.082889 2.838325 2.974606 3.141767 3.152417 2.193853 1.822655 0.105081 0.108967 0.206668 2.121175 0.072330 0.550866 0.047430 0.573856 1.766394 0.746232
1.864751 2.636869 2.911849 2.814323 2.672244 1.610651 1.636307 2.236328 2.426871 3.121134 1.762236 2.184709 2.540104 2.181262 2.336819 2.559339 2.813427 2.241858 2.066413 2.241858 2.433429 0.047430 2.241858 2.599742 1.567937 2.181262 2.181262 1.857078 3.140519 2.917652 2.917652 2.922229 3.100909 2.937692 2.970326 1.540866 2.220575 0.047430 0.047430 0.047430 2.090358 3.143215 1.749768 3.109915 2.622465 3.109915 3.019426 3.042065 2.914197 3.164634 3.121640 2.193853 1.866928 0.809594 0.646670 0.755590 0.141571 0.816055 0.550866 0.643750 0.845415 0.845415 0.141571
2.218364 2.463372 2.691374 2.173181 2.015009 2.672244 2.355900 2.316904 2.849042 2.795752 2.066413 2.048351 2.181262 2.181262 2.232111 2.599742 2.850911 2.672244 2.759391 2.338711 1.181240 1.270266 2.535079 1.567937 2.719231 2.061906 2.061906 2.566939 3.000933 3.108538 2.746311 2.907097 3.117348 2.843374 1.901838 2.090358 0.533226 0.047430 0.047430 0.047430 2.809346 3.093222 2.999536 3.075567 2.810807 3.057065 3.021035 3.075203 3.140346 3.076552 3.018472 1.743538 1.614738 1.614738 2.363402 1.351278 2.176651 1.253175 1.477896 1.616097 1.232952 1.245421 0.676185
2.518288 2.636869 2.534935 2.518288 1.959805 2.213899 1.988003 2.829158 2.840780 2.817463 2.181262 2.241858 2.181262 2.165047 2.336819 2.616543 2.850911 2.287000 2.287000 1.670538 1.861473 1.626918 1.492672 1.567937 2.901915 1.416690 1.822655 3.156275 1.567937 2.914006 2.818204 3.058852 2.404651 2.348809 1.499005 2.052875 1.852655 0.047430 0.047430 0.047430 2.536368 3.088660 3.027966 3.075567 2.723697 3.099718 3.099718 3.072553 2.914176 3.118384 3.109353 3.018472 2.564771 2.623528 2.817141 0.065216 0.047430 1.924070 0.503479 1.467343 1.184260 1.887259 0.047430
1.622871 1.588381 2.534935 2.743138 1.959805 1.697940 1.693802 2.931008 2.814972 2.817463 3.005311 1.567937 2.220575 2.181262 2.181262 2.241858 2.599742 2.019573 1.720720 1.260598 1.391368 1.133270 2.201702 2.116343 1.372377 1.670538 1.839369 3.078672 2.336199 3.058852 2.818204 2.336819 3.117822 2.511630 2.813254 2.445073 0.939777 0.047430 0.047430 0.047430 0.047430 2.815529 3.070843 3.052275 2.996991 2.333501 3.064544 3.118945 2.914176 3.042065 3.060494 1.577990 2.025650 3.007934 1.958386 0.065216 0.047430 0.047430 1.157170 1.103634 2.348809 1.266823 0.047430
1.884090 2.129589 1.340729 1.822655 2.612156 2.518288 1.450457 2.344765 2.634517 2.849042 2.403063 2.599742 2.220575 2.181262 2.334716 2.220575 2.155687 1.584446 0.845415 2.542532 2.209375 2.540560 2.698845 2.334924 2.019573 1.670538 2.227116 3.127044 2.201702 2.925337 2.925337 2.336199 2.541861 2.912873 2.817845 2.473355 1.616097 0.047430 0.047430 0.047430 1.876636 2.815529 3.033998 3.062244 3.057065 2.822036 2.833655 3.079604 3.142302 3.076762 2.812124 2.809849 0.058101 0.224999 2.134373 0.047430 0.047430 0.047430 0.047430 0.047430 0.047430 0.232523 0.047430
2.052875 2.540995 1.824744 2.051368 2.730844 1.685995 1.244428 1.870179 2.814972 3.136931 1.549278 2.220575 2.129589 2.181262 1.567937 2.220575 1.450457 1.959805 1.787205 2.287000 2.209375 1.822655 1.822655 2.169702 2.181262 2.602327 2.153336 2.704076 2.131983 2.232111 2.602916 2.601636 1.841460 2.871597 1.932695 2.220575 1.255997 0.047430 0.047430 0.047430 3.073510 3.094552 3.105243 3.021880 2.983648 2.962734 2.602645 3.143218 3.018521 3.109180 3.109180 3.018521 2.372881 1.300161 0.129030 0.047430 0.047430 0.047430 0.047430 0.047430 0.047430 0.047430 0.047430
1.513781 2.537327 0.967900 2.534935 1.720720 2.672244 1.244428 2.739580 3.048484 3.153407 2.957516 2.220575 2.181262 2.181262 2.220575 2.220575 2.850911 1.630951 2.188146 2.241858 2.336819 2.810961 2.116343 1.567937 1.526448 1.321742 2.674010 2.519953 2.597052 2.730844 2.827748 2.897782 2.222770 2.813539 2.891882 2.599549 0.047430 0.047430 0.047430 0.047430 3.010722 3.055524 3.032808 3.057688 3.034570 2.504973 1.261503 2.481675 2.867716 2.541931 2.839568 2.908273 2.372881 0.047430 0.047430 0.047430 0.047430 0.047430 0.047430 0.047430 0.047430 0.047430 0.047430
0.450559 2.612156 0.809594 2.431766 1.708290 2.747699 1.544635 1.255997 1.948428 3.014934 2.339331 2.643432 1.567937 2.404651 2.599742 2.181262 1.863660 1.670538 1.910016 2.182412 1.357608 1.592239 2.719231 2.336199 2.922838 2.051368 1.450457 4.348892 2.541675 2.703237 2.636869 3.001434 2.630835 2.813074 1.911030 1.706219 2.659897 0.047430 0.047430 0.047430 2.537706 3.076144 3.134848 3.125299 2.908007 2.504973 3.079208 1.614738 2.824081 2.849042 2.849042 1.951278 0.047430 0.047430 0.047430 0.047430 0.047430 0.047430 0.047430 0.047430 0.047430 0.047430 0.047430
1.263297 2.188146 1.567079 2.600582 1.595271 2.354845 2.842957 0.137349 0.047430 2.601185 2.623528 2.559339 2.599742 2.129589 2.241858 2.241858 1.509559 2.337898 2.147440 2.234929 1.526448 2.841217 2.220575 2.875475 2.922838 1.670538 1.450457 1.450457 2.603056 1.469453 2.811548 2.866745 2.915998 2.816677 1.945576 1.539915 1.880906 0.047430 0.047430 0.047430 3.063912 2.929216 3.056463 3.016297 3.023864 1.679581 2.824081 2.541931 3.122845 2.357459 2.173181 2.541931 3.019426 0.047430 0.047430 0.047430 0.047430 0.047430 0.052765 0.047430 0.047430 0.047430 0.047430
1.714504 0.809594 2.602395 2.600582 2.455054 1.539915 1.520115 0.058101 2.812073 2.102271 2.623528 2.169702 1.876636 1.876636 2.196128 2.531820 2.061906 2.337898 2.287000 2.287000 2.348428 2.698845 2.241858 2.181262 2.066413 2.090358 2.019573 2.809756 1.576345 1.603809 1.401919 3.029219 2.912873 2.698763 1.254121 2.220575 1.255997 0.047430 0.047430 0.047430 3.134848 2.913687 2.907118 3.100909 2.771488 1.841460 2.824081 2.824081 2.239797 2.849042 2.849042 2.531605 2.541931 2.283675 0.047430 0.047430 0.047430 0.047430 0.047430 0.063437 0.232523 1.004857 0.047430
2.172022 2.540259 2.936686 1.630951 2.241858 2.599742 2.320224 0.120879 0.047430 2.143889 2.834087 2.336832 2.797778 1.416690 1.958386 2.137949 2.359492 1.410360 2.921451 2.241858 2.066413 2.599742 1.568791 1.583650 2.063409 2.019573 1.475785 1.298863 1.576345 2.374471 2.532556 2.232111 2.698763 2.813254 1.733162 3.098601 0.047430 0.047430 0.047430 0.047430 0.047430 3.124445 3.066941 2.893581 3.091758 2.612156 2.818384 2.541931 1.983795 2.849042 2.531605 2.531605 3.020058 1.050958 0.047430 0.047430 0.047430 0.047430 0.047430 0.047430 0.047430 0.047430 0.047430
2.594916 3.038076 2.599041 2.599742 2.599742 1.630951 2.931008 0.120879 0.803155 0.047430 2.354845 2.845196 2.220575 2.088866 2.361688 2.356717 3.035667 1.720720 2.244583 2.241858 2.015009 2.241858 2.232111 1.670538 1.302697 1.263297 1.685995 1.588381 1.576345 1.751845 2.600791 2.600791 2.813903 2.630835 2.630835 1.751845 2.599041 3.157383 0.047430 0.047430 0.047430 3.134848 2.965797 3.023500 2.817707 2.698763 2.914350 2.441746 1.768474 2.912095 2.967956 3.063985 0.065808 0.047430 0.047430 0.047430 0.047430 0.047430 0.047430 0.047430 0.047430 0.047430 0.047430
2.362924 2.536741 2.842398 2.181262 0.661356 2.100784 1.670538 0.120879 0.620595 0.508394 1.534151 2.211645 2.356717 1.760157 2.361688 2.637444 1.475785 2.188146 1.450457 2.616543 2.015009 2.241858 2.287000 2.287000 1.385037 1.685995 1.753923 2.049860 0.508394 2.518288 1.469453 2.908007 2.602759 1.932695 2.913476 2.722258 3.129027 0.047430 0.047430 0.047430 3.040729 3.043754 2.981641 3.092822 2.630204 2.908273 3.058852 2.196128 1.289194 2.863830 2.936686 2.936686 2.906349 3.117630 0.047430 0.047430 0.047430 0.047430 0.047430 0.047430 0.047430 0.047430 0.047430
2.362924 2.220575 1.567937 2.287000 0.066401 0.530723 2.181262 1.592239 1.050958 0.984901 1.853763 2.265378 2.369703 2.693453 2.197803 2.015009 2.015009 1.843551 2.364934 2.133178 1.567937 2.181262 2.723235 1.614738 2.108213 1.271957 3.081985 2.088866 1.601062 1.868013 2.842957 2.415763 2.815711 2.277023 2.834138 2.445073 0.047430 0.047430 0.047430 0.047430 3.010722 3.125080 3.058137 3.082889 2.845543 2.864802 3.057080 2.689914 1.951278 2.824081 2.541931 3.009661 2.350624 3.117630 0.047430 0.047430 0.047430 0.047430 0.047430 0.047430 0.047430 0.047430 0.047430
2.241858 2.209375 2.103758 1.816393 2.822036 1.883031 2.181262 1.793454 1.685995 0.457653 1.256928 2.039287 2.532797 2.013486 1.567937 1.860377 2.336819 2.226396 2.536135 2.308601 2.446736 1.638977 2.616543 1.630951 1.868013 0.047430 2.817283 1.670538 2.849794 2.119969 2.744920 2.910578 2.815711 3.007060 2.912609 2.912609 2.696992 0.047430 0.047430 0.047430 0.047430 3.141681 3.125080 2.898614 3.037153 3.134848 2.924261 2.924261 2.689871 2.824081 3.010998 3.136931 2.849042 0.047430 0.887075 0.047430 0.047430 0.047430 0.047430 0.047430 0.047430 0.047430 0.047430
2.540259 1.550197 2.599742 1.556546 2.066413 3.106112 2.220575 2.119969 1.160169 2.232818 1.205479 2.039287 2.743138 2.616543 2.220575 1.387148 2.106729 1.720720 2.536135 1.567937 2.244583 2.220575 1.630951 1.513781 1.226829 0.047430 1.851545 2.616543 2.616543 2.914049 2.518288 2.895270 2.732468 2.529940 2.697251 2.976003 0.694167 0.047430 0.047430 0.047430 1.741462 3.141681 3.090975 3.134848 3.037153 2.539665 2.924261 2.832337 2.587423 2.839568 2.970848 3.059900 2.849042 1.306346 0.082409 0.082409 0.047430 1.030705 0.399732 0.047430 0.047430 1.214613 0.047430
2.287000 2.241858 2.181262 2.287000 2.066413 2.287000 2.181262 1.241420 0.120879 0.101236 1.565354 1.929824 2.848285 2.842523 2.599742 2.241858 2.073912 2.287000 2.599742 2.220575 2.220575 2.241858 2.139139 1.875565 1.226829 0.809594 2.846752 2.377649 2.019573 2.160376 2.717926 2.003364 2.712107 3.109142 2.908273 1.979580 2.834138 0.047430 0.047430 0.047430 2.000579 3.180718 3.141681 3.125080 2.438419 2.945425 3.132896 3.010998 3.010998 2.839568 3.125080 3.132184 3.122845 2.087373 3.011329 0.047430 0.047430 1.030705 1.573855 1.406139 0.284100 1.673129 0.664311
2.599742 2.609380 2.219840 2.695865 2.540560 2.616543 1.590705 1.766394 0.959435 2.535267 1.573019 1.530246 1.666640 2.244583 2.542056 2.220575 2.220575 2.599742 2.599742 1.630951 2.220575 2.287000 1.253175 2.191573 0.809594 1.956966 2.913141 1.630951 2.615998 2.119969 2.563686 2.540411 2.668715 2.725238 2.735264 2.480011 2.834138 3.098211 0.047430 0.047430 0.047430 1.361828 3.142532 2.974606 3.003562 3.155633 3.134848 3.141044 3.143422 3.125080 3.134848 2.849042 2.849042 2.818219 0.892577 0.982061 0.982061 1.729013 2.198586 1.826832 1.822655 1.679581 2.198586
1.704149 2.631773 3.106574 3.007060 2.220575 2.287000 2.287000 1.630951 1.281668 1.265949 0.077073 1.007718 2.594916 2.744920 2.842523 2.220575 2.323544 2.599742 2.599742 1.720720 1.670538 1.513781 1.253175 2.350624 2.216883 0.643750 2.598588 2.232111 2.213899 2.119969 2.816517 2.602258 2.602258 2.740728 2.908273 2.908007 2.812876 1.380817 2.600791 0.047430 2.982028 3.010722 2.998608 3.061614 3.030403 2.978413 3.001434 3.093744 2.914006 3.132896 3.010998 2.834087 2.849042 1.880906 0.936979 1.267691 2.097808 1.929824 2.067914 1.289194 1.289194 1.586816 1.303934
1.465232 1.567079 3.158340 3.349032 2.301957 2.220575 2.181262 2.741359 1.281668 1.184260 1.955545 0.953805 2.418937 2.815711 2.599742 2.531963 0.809594 2.270370 1.450457 2.578824 2.188146 2.360488 1.596930 0.646670 0.646670 1.680867 2.241858 2.539929 2.703237 2.578824 2.336199 2.337462 2.149801 2.903956 2.574510 1.546501 3.000089 2.280349 0.047430 0.047430 3.116196 3.134848 2.929216 3.134848 3.132896 2.997629 3.062593 3.028610 3.078672 3.087342 2.344262 1.684715 1.684715 1.816393 0.790345 1.637643 1.912043 0.790345 2.189289 1.435684 0.892577 1.586816 2.067914
1.257853 2.592778 2.599742 2.181262 2.220575 3.028612 2.220575 3.149065 1.907982 1.245421 2.335563 1.243431 1.157170 2.741359 2.417350 1.670538 0.780798 0.780798 2.912459 0.809594 1.263297 2.827748 2.635996 1.879841 2.532067 3.000933 2.287000 2.384004 2.539948 2.813432 2.599672 2.812876 2.221308 3.025770 2.811933 1.945576 2.826094 2.534935 0.047430 0.047430 3.116196 3.010722 3.105279 3.095760 3.148163 3.105665 3.030403 3.070081 2.986033 2.169702 2.380827 2.518288 1.870179 1.620166 1.586816 2.749085 1.211566 2.346770 2.361472 1.948428 1.586816 1.242428 1.931260
