Example_Watersheds/WA_MashelWatershed/DataInputs/o_3_ChemistryPools/Mashel_1990_Pools/N_g_Det_BgStem_2.asc
ncols         923
nrows         455
xllcorner     550005.67551598
yllcorner     5180549.8134422
cellsize      30
NODATA_value  -9999
[rows 140 to 167 of 455, columns 315 to 377 of 923]
3.163905 5.471615 5.314287 3.163905 5.168734 5.473013 2.805831 3.163905 3.163905 3.163905 3.163905 3.163905 3.163905 4.876204 4.376514 4.201815 0.948134 2.174000 1.355471 0.927345 0.787331 2.441858 2.269327 2.698019 2.236459 3.521444 3.705078 5.444646 3.163905 3.163905 3.401198 3.163905 3.163905 3.163905 2.554783 3.163905 2.355593 3.163905 3.163905 3.163905 3.163905 3.163905 1.366100 3.714795 3.677183 3.306291 4.431517 3.163905 3.163905 3.163905 3.163905 3.163905 3.163905 3.163905 3.163905 3.163905 3.163905 3.163905 3.163905 3.157696 3.638491 4.797018 3.163905
4.875588 5.413079 5.413079 3.163905 3.163905 3.163905 3.915333 4.453620 5.435575 5.430057 1.473799 4.398720 5.308883 4.876204 1.844975 1.748668 1.318872 2.639864 4.210908 1.388041 0.787331 1.942323 2.639864 2.911515 3.821847 4.289896 4.584861 5.444646 3.163905 3.163905 3.163905 3.163905 3.163905 3.717589 5.473013 3.163905 3.163905 5.473013 4.847676 2.027096 1.347568 4.794114 1.165226 0.838351 0.900701 1.807722 0.954006 3.163905 3.163905 4.639201 3.163905 3.163905 4.073528 3.163905 3.163905 3.163905 5.406672 3.163905 3.163905 5.284107 2.432699 3.420043 5.318091
3.963168 4.444250 3.163905 3.163905 4.033979 3.163905 3.915333 3.976136 1.838277 1.452040 4.048674 4.511814 1.652907 1.134088 1.106833 1.318872 2.666979 3.207980 1.669981 1.507986 1.525988 2.066931 2.066931 2.554783 3.702619 3.685613 3.437812 2.900347 3.163905 5.459929 3.163905 3.163905 3.480296 3.163905 3.163905 3.717589 3.163905 3.163905 2.155242 2.285197 0.975353 0.885634 1.191636 1.315300 0.773349 0.812190 0.773106 0.839716 4.863638 0.767792 0.767792 5.022700 4.582359 1.645508 3.546360 3.163905 3.234604 3.163905 3.163905 5.284107 1.642190 4.458766 0.918555
3.611011 3.163905 3.163905 3.163905 3.163905 4.505026 4.262243 3.976136 1.791277 1.634655 4.672841 3.163905 3.576583 1.552238 2.285197 2.285197 2.895248 2.316211 3.747292 3.087976 1.569456 2.639864 2.301603 2.911515 2.032070 2.352238 3.006528 4.419571 3.163905 3.163905 3.163905 3.163905 3.163905 3.163905 3.163905 3.163905 3.163905 3.163905 2.155242 1.050594 4.288529 1.534409 1.406093 1.219345 1.366100 0.929183 2.548364 0.898798 0.767404 0.797369 1.030423 0.794041 2.772204 0.792269 5.317301 4.217518 1.227193 2.683417 1.393242 1.464430 1.272480 1.366100 2.412982
3.437812 4.033979 3.163905 4.055213 4.874135 3.399586 2.343177 4.772325 3.521444 2.066931 3.322468 3.012099 3.841864 4.518462 0.835294 1.279040 2.639864 2.316211 2.639864 3.268244 2.032070 2.639864 1.886284 3.917722 2.032070 1.344242 3.816414 3.163905 3.163905 5.473013 3.163905 3.163905 3.163905 3.163905 3.163905 3.717589 5.459929 5.406672 3.163905 2.094189 1.366100 1.366100 1.621025 0.767792 1.742878 4.288529 0.925776 1.050594 1.048886 0.813210 1.006462 0.925776 0.835294 0.898558 1.949307 1.193279 0.810113 0.827085 1.165226 0.959184 1.850657 0.816021 0.816021
3.521444 4.528172 3.163905 3.163905 4.053049 4.874577 4.143348 1.246979 2.257177 2.257177 3.322468 2.213086 3.539908 1.900043 1.109110 1.182689 2.431405 2.665585 3.015785 3.268244 2.639864 2.639864 2.639864 3.228778 1.501670 1.084947 4.468987 4.468987 4.870306 3.163905 3.163905 3.163905 3.163905 3.163905 3.163905 3.163905 3.163905 3.163905 2.263953 1.050594 1.326636 1.397283 0.959184 0.959184 1.272480 1.366100 0.934249 0.934249 2.602577 2.278630 2.883519 1.219345 0.925776 0.781065 0.781065 0.802383 2.220707 1.050594 3.168912 1.971318 1.566627 1.276664 1.160366
2.122432 3.163905 3.163905 3.163905 4.830010 4.785090 1.868962 1.851599 3.051403 1.760824 3.187450 2.066931 4.464260 4.668624 3.163905 3.163905 1.576935 2.022897 3.152799 3.152799 2.553184 2.639864 1.525988 1.304468 1.501670 3.197863 3.940829 2.856189 3.163905 3.163905 3.163905 3.163905 4.271272 3.163905 3.163905 1.752739 4.875820 4.861239 1.467326 0.802829 0.778771 1.030921 0.959184 1.366100 2.205331 0.777322 1.599960 1.599960 0.866591 0.934249 2.063135 2.101345 1.251617 3.032092 0.906152 0.922849 1.138474 0.846219 2.985912 1.915656 2.482727 1.077004 0.924964
2.843321 4.668624 3.163905 3.163905 4.666100 5.419172 2.075716 1.165226 1.385993 1.433344 3.633159 3.163905 2.789276 2.285197 3.521444 3.163905 3.163905 3.163905 3.163905 3.163905 2.639864 2.639864 1.421051 2.805831 1.176508 1.669981 3.297940 4.046461 3.163905 3.163905 3.163905 3.836235 5.536835 3.717589 5.536835 1.752739 4.091331 1.162691 0.792977 0.792649 0.878178 1.849714 1.020887 0.842939 0.806689 1.246979 1.204631 0.894490 1.915656 2.306513 1.863461 0.925776 1.109582 1.077004 1.348893 1.254908 0.780984 2.049049 4.249746 3.531646 1.059030 0.882105 1.121355
3.394297 3.163905 3.163905 3.163905 3.163905 3.163905 4.306647 3.170490 5.203295 2.859001 1.414007 2.843321 3.163905 3.163905 3.521444 3.163905 3.163905 3.163905 3.163905 3.163905 2.043863 1.133132 3.120524 3.152799 3.963168 5.305373 3.385326 3.163905 3.163905 3.163905 3.163905 3.163905 4.146109 3.685613 3.721957 4.087581 1.006462 1.359411 1.412431 0.919541 1.010087 0.925776 0.898798 0.835294 2.849084 0.917557 1.880917 0.774350 0.920038 2.931047 0.923838 1.901090 2.038643 1.726844 0.835294 0.946229 3.324048 0.923838 1.092168 1.092168 2.381466 1.985997 0.906106
3.483259 3.707526 3.163905 4.873641 3.163905 3.678040 3.771174 3.176742 2.546750 3.408246 3.773273 2.759465 1.318872 2.388450 3.163905 3.163905 3.163905 2.066931 3.152799 0.926520 1.479490 1.776716 2.302834 2.302834 2.375826 3.163905 3.163905 3.163905 3.163905 2.559560 2.607018 2.899079 1.725987 0.949903 4.272177 1.149262 1.101000 0.906673 0.948105 1.004037 0.891250 0.835294 0.766383 1.050594 1.463708 1.374247 1.880917 1.175886 0.909004 0.964562 1.021267 1.021267 1.176508 2.494445 1.764832 0.835294 0.835294 0.835294 0.978233 2.661381 2.300369 1.958164 0.906106
4.457149 3.163905 4.113077 3.163905 3.163905 4.862465 3.896394 4.599140 4.450716 2.971504 2.792324 3.163905 3.163905 1.715605 1.317446 2.887468 4.455433 3.163905 3.170490 3.963168 1.847823 1.760824 2.868704 2.346594 3.246069 3.163905 3.163905 5.293273 3.834102 0.786395 2.357818 2.998370 1.725987 1.015139 1.252277 2.573695 0.774350 0.860013 1.289017 1.004037 1.478073 0.767855 1.035381 0.767623 0.919219 1.959139 1.017064 0.959184 0.835294 1.880917 3.053124 0.766163 0.766358 1.244314 3.013945 1.149262 1.797010 1.160366 1.121355 3.179831 2.097827 2.060593 2.277309
3.735956 4.113077 3.163905 3.163905 3.163905 3.163905 4.854168 3.163905 3.163905 5.523726 4.637643 3.163905 5.294896 3.640906 3.163905 3.006528 3.347498 3.163905 3.170490 1.631275 2.639864 1.421051 3.363003 4.033979 5.424953 5.553251 3.785615 4.546647 0.773005 0.802383 1.057998 1.849714 1.147122 1.279040 0.767755 0.767755 0.809953 1.751722 1.782580 1.081483 1.565206 1.365814 0.795164 0.774350 4.325910 0.946308 3.447107 3.163905 4.055213 2.799871 3.163905 3.163905 2.333951 1.731957 3.163905 3.717589 1.279632 1.844975 1.416363 3.442494 2.263953 4.672259 2.120247
3.368689 2.120247 4.862339 3.163905 3.163905 3.163905 4.875984 3.163905 4.875798 3.163905 3.163905 5.287548 4.271272 3.163905 4.876128 2.716176 3.453148 2.398103 2.261251 2.675264 1.364397 1.532124 3.163905 4.543656 3.163905 3.163905 1.402902 3.967612 3.967612 1.418711 0.872270 1.366100 0.866625 0.946308 1.326636 1.030921 0.969872 1.390806 1.050464 1.289017 1.100036 0.890949 0.777683 3.581030 4.396823 2.304063 5.238900 3.163905 3.163905 3.163905 3.163905 3.163905 3.163905 3.163905 3.163905 3.163905 5.394239 0.914109 2.338584 3.149505 5.244211 3.163905 3.163905
3.368689 4.033979 3.163905 3.559394 3.163905 3.163905 3.163905 3.163905 3.163905 3.163905 3.163905 3.163905 3.163905 3.163905 3.857980 1.791277 3.835805 2.884840 2.553184 1.421051 1.421051 1.720819 2.971504 3.163905 4.663015 3.163905 4.871775 2.717895 2.063135 1.418711 1.632122 1.366100 1.030921 1.686818 0.767768 2.095404 0.969872 0.832211 1.879838 1.398893 0.901174 3.673740 3.479421 3.581030 3.163905 3.163905 3.163905 5.145864 5.227743 3.836235 3.163905 3.163905 5.474827 3.163905 3.163905 5.067650 5.537260 3.654069 3.163905 3.163905 3.163905 3.163905 4.678173
2.398103 4.976118 3.163905 3.163905 3.163905 4.432900 3.163905 3.163905 4.508565 3.163905 3.163905 3.163905 3.163905 3.163905 3.163905 3.268244 2.138555 3.163905 3.587623 2.943153 2.617516 3.919580 2.971504 3.940829 4.929442 3.697664 2.130014 3.721957 1.101000 1.007340 0.939291 2.441858 1.094714 1.812749 0.915620 0.828008 1.366100 0.770496 1.467326 3.200784 4.852623 4.864644 2.895248 4.656272 3.163905 3.163905 5.101798 3.163905 3.163905 3.163905 5.473013 5.473013 3.163905 3.163905 3.163905 3.163905 5.473013 3.163905 3.163905 3.638491 5.456417 3.163905 3.163905
3.650359 4.976118 4.033979 3.163905 3.163905 1.784523 4.838384 3.163905 4.033979 3.163905 3.163905 5.474098 3.163905 4.650405 4.669168 1.873332 2.911515 2.302834 1.552238 3.037426 1.803674 1.692338 1.244314 3.163905 5.320896 3.440747 2.215004 4.439450 4.201815 0.846280 1.845926 0.999372 0.999372 1.042732 0.835294 1.880917 1.170892 1.725987 1.820712 0.877307 5.049036 3.163905 3.163905 3.163905 3.163905 5.473013 5.469904 3.163905 3.163905 5.473013 3.163905 3.163905 3.163905 3.163905 3.163905 3.163905 3.692172 3.875784 3.163905 3.163905 3.163905 3.163905 3.163905
5.311347 5.037571 3.163905 3.163905 3.163905 2.289106 3.163905 5.523726 3.163905 3.163905 4.091331 3.894374 3.818237 3.163905 3.993609 2.775347 3.521444 1.050594 1.959139 4.537567 2.032070 1.421829 3.539908 1.627877 1.627877 3.163905 2.849084 1.427241 5.408191 3.777435 0.920874 3.215026 1.435617 1.042732 1.147122 1.328009 1.759819 1.463708 0.905617 3.721957 5.049036 3.163905 3.163905 3.163905 5.419172 5.314287 3.163905 3.163905 3.163905 3.163905 5.473013 3.163905 3.163905 3.163905 5.473013 3.163905 3.163905 3.163905 5.473013 3.163905 3.163905 3.163905 3.163905
3.317688 3.163905 3.163905 4.840347 3.059954 3.163905 3.163905 5.499113 3.678040 5.311347 4.177689 4.672841 4.201815 1.182689 1.081483 3.244175 3.285956 1.150861 1.528296 1.835384 3.165737 2.473440 1.773765 2.473440 2.066931 1.000710 2.849084 1.231726 4.190001 2.006883 0.809307 0.913603 1.149262 1.660446 2.796865 1.844975 1.844975 0.905617 1.223281 0.967110 4.904053 3.163905 3.163905 3.163905 3.163905 3.163905 4.469016 3.163905 3.163905 3.163905 3.163905 3.163905 5.473013 3.163905 3.163905 3.163905 3.163905 3.163905 3.163905 5.473013 3.163905 3.163905 3.163905
4.632759 3.364906 3.163905 4.055213 4.003812 3.163905 5.435575 5.435233 5.435575 3.163905 3.381683 4.830010 3.823634 2.431405 0.781205 4.110772 3.963168 3.621232 3.976136 3.079904 3.445577 2.639864 1.757803 1.524443 1.929133 1.401301 1.071242 4.524970 1.090831 0.954401 0.764459 0.840351 0.828609 3.010248 4.872431 0.768005 0.768005 2.431405 2.285197 1.397283 5.394239 3.163905 3.163905 3.163905 3.163905 3.163905 3.163905 3.163905 3.163905 3.163905 5.473013 3.163905 5.473013 3.163905 3.163905 5.308883 3.163905 5.474098 3.163905 3.163905 5.473013 3.163905 3.163905
2.690110 2.690110 3.163905 3.163905 3.163905 3.930447 3.163905 5.523726 4.745858 3.163905 3.216937 4.914771 3.266435 5.299904 3.403074 3.100843 3.228778 3.835805 3.127500 3.555776 3.094333 3.415034 3.399586 2.703218 1.165858 0.847728 4.427221 2.326924 2.326924 1.847823 1.927078 0.915369 0.792671 0.807004 1.826622 0.944105 4.162257 2.431405 1.552967 2.647129 5.474827 3.163905 3.163905 5.474827 3.163905 5.317001 5.314287 4.670993 3.163905 3.163905 5.473013 3.163905 3.163905 3.163905 3.163905 3.163905 3.163905 3.163905 3.163905 3.163905 5.473013 5.473013 5.473013
3.277188 2.773778 3.663164 5.497286 5.459715 3.163905 3.163905 4.033979 3.163905 4.990319 3.805225 3.073344 3.163905 1.829556 1.858149 4.993637 2.883519 3.006528 1.354161 2.043863 2.384268 2.384268 3.210816 2.639864 2.221650 2.497015 2.828609 4.461010 1.360840 1.252277 1.927078 0.924511 0.821986 0.998031 0.902118 1.703237 0.881450 2.622052 4.112441 3.163905 3.163905 5.444945 3.163905 3.163905 5.474827 3.163905 5.473013 5.473013 5.473013 5.473013 3.163905 3.163905 3.163905 5.473013 3.163905 3.163905 3.163905 3.163905 3.163905 5.227743 3.163905 5.475328 3.163905
3.521444 4.146109 3.663164 4.182674 4.832182 3.163905 3.163905 3.163905 3.163905 4.990319 3.385326 5.049036 3.163905 3.873437 4.755193 0.906166 2.381466 1.165226 1.715605 1.967886 0.874397 0.930837 1.279040 1.527528 0.881001 3.317688 4.413012 0.835294 0.835294 1.397283 1.388041 2.323376 0.974898 0.814540 0.768288 1.651271 0.958964 3.092752 3.163905 3.163905 3.163905 3.163905 3.163905 3.163905 3.163905 3.163905 5.473013 3.163905 3.163905 5.473013 5.473013 5.473013 5.473013 5.473013 3.163905 3.163905 3.163905 3.163905 3.163905 3.163905 5.474827 5.474827 3.163905
1.725987 3.589800 3.648489 4.271272 3.163905 3.163905 3.163905 4.785407 3.163905 3.163905 2.963320 4.871066 4.612160 2.925782 3.587623 1.494839 1.075681 1.059030 1.112878 0.768891 1.175886 1.880917 1.427241 1.880917 1.913557 0.807177 1.246979 0.798885 1.366100 2.000360 1.438636 2.124609 1.772778 1.772778 4.298024 1.060860 1.475227 1.844975 5.406223 3.163905 3.163905 3.163905 5.314287 3.163905 3.163905 3.163905 5.474827 3.163905 3.163905 3.163905 3.163905 3.163905 3.163905 5.473013 5.473013 3.163905 3.163905 3.163905 3.163905 3.163905 3.163905 3.163905 3.163905
4.874966 3.623245 4.847857 3.163905 5.418188 3.322101 3.163905 3.163905 4.548114 3.163905 2.778472 5.047313 3.561879 4.729012 1.477363 1.661405 2.664187 1.421051 1.124926 0.915888 0.925182 0.848606 0.774759 1.115233 1.321006 1.321006 1.408477 0.909519 3.955493 3.071690 3.677183 3.292846 3.163905 2.683417 4.298024 5.467879 1.905260 4.427221 3.163905 3.163905 3.163905 3.163905 3.163905 3.163905 3.163905 3.163905 3.163905 3.163905 3.163905 3.163905 3.163905 5.474870 3.163905 3.163905 5.473013 5.473013 3.163905 3.163905 3.163905 3.163905 3.163905 3.163905 3.163905
3.163905 4.666761 5.458250 3.163905 4.033979 3.163905 3.163905 3.163905 3.163905 0.903058 2.499572 4.540629 3.976136 4.729012 1.358731 1.612139 1.174018 0.778771 2.218814 1.532124 0.841611 0.835294 3.479421 0.766721 0.897510 1.092291 3.583238 0.880524 4.577249 3.864685 4.457149 4.712902 3.163905 3.163905 4.213131 1.862356 3.163905 3.163905 4.508437 3.163905 3.163905 3.163905 3.163905 3.163905 3.163905 3.163905 3.480296 3.163905 3.163905 5.453063 3.163905 3.163905 3.163905 3.163905 3.163905 3.163905 3.163905 3.163905 3.163905 3.163905 3.163905 3.163905 3.163905
4.785407 4.745858 4.706309 4.785407 5.394239 3.480296 3.717589 5.413079 4.534470 2.398103 2.767459 3.053124 5.557432 3.875591 3.349464 1.892669 1.025922 1.706813 4.247881 0.883634 0.990162 0.941890 0.803130 1.551508 0.795849 1.880917 0.966186 3.836235 3.244175 3.719582 5.145864 5.394239 3.163905 3.913965 3.294551 1.526758 3.163905 3.163905 0.766075 4.663015 3.163905 3.163905 3.163905 3.163905 3.163905 3.163905 3.163905 3.163905 3.163905 3.163905 3.519845 3.163905 3.163905 3.163905 3.163905 3.163905 3.163905 3.163905 3.163905 3.163905 3.163905 3.163905 3.163905
4.310821 5.412651 5.412651 4.706309 3.163905 3.598942 3.322101 3.163905 5.474827 3.547951 2.351114 2.880865 3.163905 2.478765 2.387059 2.843321 0.875564 1.612139 2.464001 0.881092 0.767392 0.802977 1.203025 0.865530 0.824756 0.788224 4.456303 4.159616 1.091029 1.091029 1.271278 2.911515 1.298618 3.163905 4.857101 1.863461 2.089310 0.842939 0.766075 1.102277 0.869888 3.820048 3.163905 3.163905 3.163905 3.163905 3.163905 3.163905 3.163905 3.163905 5.424953 5.473013 5.474827 3.163905 3.163905 3.163905 3.163905 3.163905 3.163905 3.163905 3.163905 3.163905 3.163905
3.747292 3.163905 4.231724 5.561038 4.904053 3.163905 4.904053 3.163905 3.163905 4.691588 2.351114 3.461720 4.866845 4.729012 2.615997 1.009304 1.118365 1.612139 1.494839 2.367278 0.842614 1.178369 1.178369 2.584488 0.916884 2.528758 1.104834 0.766603 0.924579 0.806689 1.740377 4.374349 1.290758 4.671362 1.906298 3.418381 2.662786 1.919833 1.165226 0.905617 3.163905 3.163905 3.163905 3.163905 3.163905 3.163905 5.474827 3.163905 5.473013 3.163905 3.163905 3.163905 3.163905 3.163905 3.163905 3.163905 5.474827 3.163905 3.163905 3.163905 3.163905 3.163905 3.163905
