Example_Watersheds/WA_MashelWatershed/DataInputs/o_3_ChemistryPools/Mashel_1990_Pools/N_g_Det_root_2.asc
ncols         923
nrows         455
xllcorner     550005.67551598
yllcorner     5180549.8134422
cellsize      30
NODATA_value  -9999
[rows 140 to 167 of 455, columns 126 to 188 of 923]
2.783696 2.773421 3.046465 3.046465 3.046465 3.345461 3.345461 2.820994 2.699562 3.046465 2.668404 2.690310 2.708472 3.046465 3.046465 3.345461 2.899015 2.635703 2.623185 3.046465 3.046465 3.046465 3.046465 3.645871 3.046465 3.046465 3.046465 2.767665 3.389192 2.760885 2.792671 4.309463 2.624522 2.668604 2.668604 2.621895 2.811094 2.800057 2.769485 2.729143 2.785854 2.663085 2.721489 2.776693 2.637979 2.678810 2.767698 2.647736 2.803920 2.774663 2.823415 2.656587 2.807315 2.827597 2.819499 2.817409 2.823977 2.831951 2.829305 3.046465 2.884266 3.046465 3.046465
2.808811 2.636288 2.803920 3.046465 3.046465 3.046465 3.345461 2.927602 3.046465 2.672309 2.616677 2.754206 2.851115 3.046465 3.046465 3.345461 2.784733 2.716907 2.797001 3.046465 3.046465 3.046465 2.695884 2.613791 3.046465 3.046465 2.845680 2.627832 2.650129 2.668985 2.747749 2.894836 2.646123 2.729143 2.696976 2.667996 2.811094 2.833860 2.711909 2.917958 2.785834 2.836574 2.613520 2.776693 2.699682 2.832133 2.727382 2.811094 2.811094 2.801871 2.823415 2.708020 2.813995 2.813995 2.782359 2.821830 2.777491 2.765859 3.046465 2.672249 3.046465 3.046465 3.046465
2.618999 2.620514 2.816185 3.046465 3.046465 2.893351 2.742517 2.619711 2.639399 2.767779 2.627750 2.835429 3.693839 3.046465 3.645871 4.493536 2.819775 2.912835 2.912835 2.676708 2.772772 3.046465 2.634728 2.665752 2.771375 2.817663 2.845680 2.780338 2.845680 2.668985 2.874057 2.894836 2.811769 2.710063 2.790811 2.634161 2.703587 3.012670 2.906861 2.680948 2.801871 2.760675 2.701085 2.823415 2.811094 2.615176 2.615176 2.673191 2.809049 2.684022 2.819683 2.739231 2.794101 2.854436 2.646288 2.620875 2.844276 2.821245 3.046465 3.046465 3.046465 3.046465 3.046465
2.699007 2.847639 2.804575 2.819775 2.622707 2.748589 2.815003 2.724748 2.639399 2.628342 2.628342 2.616868 2.791749 2.926605 3.046465 3.046465 2.819775 2.705169 2.894648 2.728291 2.684576 2.701576 2.845680 2.710063 2.811739 2.611109 2.847346 2.807970 2.814494 2.785677 2.641375 2.665735 2.864795 2.814729 2.672293 2.613732 2.731438 2.767870 2.767870 2.672300 2.818387 2.613732 2.632722 2.775893 2.687908 2.858711 2.844276 2.805065 2.822431 2.832064 2.800086 2.621910 2.825560 2.774338 2.667369 2.653689 3.960404 3.046465 3.046465 3.046465 3.046465 3.046465 3.046465
2.678036 2.847639 2.813734 2.805171 2.854890 2.765859 2.675467 2.622707 2.821070 3.046465 2.808470 2.828097 2.852706 2.767471 2.766264 2.772772 2.767779 2.611109 2.728291 2.858444 3.386785 2.767779 2.661715 2.845680 2.813155 2.767779 2.837634 2.845680 2.817666 2.807394 2.812739 2.824655 2.807970 2.809625 2.710063 2.845680 2.634728 2.662076 2.671677 2.834964 2.818387 2.839332 2.650425 2.657888 2.722504 2.634161 2.714369 2.805065 2.820070 2.612749 2.776975 2.747749 2.842084 2.667369 2.667369 2.665735 3.059856 3.046465 3.046465 3.046465 3.046465 3.046465 2.674245
2.788127 2.798651 2.712854 2.831951 2.765859 2.822126 2.612460 2.765859 2.668176 2.797406 2.742236 2.834046 2.715777 2.611392 2.612749 2.783152 2.767779 2.734603 2.622707 2.625695 3.046465 2.651557 2.651557 2.777202 2.825833 2.801022 2.790638 2.791623 2.814494 2.680705 2.806662 2.824326 2.696510 2.809625 2.825380 2.809625 2.761234 2.715931 2.769781 2.791786 2.701085 2.699682 2.650425 2.685389 2.816016 2.776884 2.838019 2.796925 2.760130 2.783364 2.783364 2.787609 2.613732 2.613732 2.671222 2.613732 2.927459 3.046465 2.621344 2.891024 3.046465 3.046465 2.804592
2.824011 2.765585 2.840306 2.826453 2.665735 2.794101 2.819116 2.790811 2.664019 2.621188 2.742236 2.801871 2.715777 2.773729 2.828885 2.828885 2.824816 2.747133 2.845513 2.734603 2.800044 2.796821 2.824986 2.843502 2.777202 2.771564 2.765077 2.802424 2.802424 2.829212 2.716262 2.845680 2.662823 2.809481 2.812463 2.809968 2.767172 2.675467 2.610026 2.706993 2.633294 2.675467 2.675467 2.641098 2.811739 2.826712 2.842084 2.842084 2.622563 2.658417 2.625874 2.748589 2.787609 2.621910 2.766999 2.817065 2.665481 2.893972 3.046465 3.046465 3.046465 3.046465 3.046465
2.655070 2.799561 2.677334 2.775917 2.845065 2.794101 2.757466 2.757466 2.765859 2.765859 3.046465 2.668404 2.701579 2.832314 2.713264 2.666144 3.046465 2.745261 2.842398 2.839706 2.818141 2.808070 2.798024 2.800890 2.800890 2.843627 2.829416 2.844725 2.800890 2.669209 2.814508 2.800890 2.673869 2.788574 2.814508 2.814508 2.819116 2.637152 2.780179 2.706993 2.651865 2.675467 2.824529 2.737820 2.811739 2.807654 2.801526 2.805743 2.805171 2.824529 2.807759 2.748589 2.791635 2.611670 2.927459 2.823847 2.622707 2.787576 3.046465 3.046465 3.046465 3.046465 3.046465
2.663931 2.806576 2.659451 2.629354 2.840306 2.708472 2.668404 2.805171 2.827597 2.731693 3.046465 3.046465 3.046465 3.046465 3.046465 3.046465 2.825090 2.770169 2.808226 2.824472 2.770169 2.844725 2.802537 2.813995 2.800890 2.800890 2.800890 2.791786 2.779041 2.800890 2.800890 2.800890 2.800890 2.814508 2.800890 2.800890 2.675467 2.637152 2.613732 2.736132 2.847639 2.767395 2.714867 2.787609 2.833376 2.823713 2.803886 2.776105 2.873669 2.824418 2.808020 2.687677 3.046465 2.641098 2.641098 2.807637 2.813995 2.779171 2.612805 3.046465 2.740304 3.046465 3.046465
3.046465 2.627439 2.621910 2.907194 2.636929 2.842581 3.046465 2.812213 2.693003 3.046465 3.046465 3.046465 3.046465 2.765084 2.797759 2.844700 2.825090 2.797676 2.847639 2.847639 2.809558 2.767447 2.765859 2.773250 2.766899 2.724771 2.819826 2.709206 2.614370 2.797798 2.800890 2.796099 2.800890 2.800890 2.800890 2.709637 2.755293 2.612460 2.800086 2.769803 2.827137 2.762893 2.812463 2.702029 2.676708 2.765859 2.683587 2.683587 2.631659 2.699562 3.046465 3.345461 3.345461 2.742517 2.805171 2.765859 2.625376 2.767512 2.665481 2.826453 3.046465 3.046465 3.046465
2.788682 2.827790 2.621910 3.046465 3.046465 2.798651 3.046465 3.046465 3.046465 3.046465 3.046465 3.046465 3.046465 3.046465 2.670839 2.761116 2.813995 2.791685 2.808226 2.826907 2.791786 2.800086 2.778737 2.831685 2.685085 2.673191 2.714867 2.673191 2.714867 2.673191 2.831685 2.813995 2.822126 2.800890 2.675354 2.619143 2.836037 2.926928 2.835145 2.835145 2.828694 2.780338 2.825333 2.613732 2.757466 2.864795 2.765859 2.672768 2.631659 2.622707 3.046465 5.293233 3.116611 2.668802 2.745261 2.765859 2.885183 2.767803 3.046465 3.046465 3.046465 3.046465 3.046465
2.654757 2.923854 3.046465 3.046465 3.046465 3.046465 2.667350 3.046465 3.046465 3.046465 3.046465 3.046465 3.046465 3.046465 2.775893 2.831685 2.828050 2.794707 2.765907 2.668985 2.806273 2.831743 2.830267 2.674054 2.806580 2.630852 2.785834 2.643611 2.673191 2.673191 2.831685 2.831685 2.611991 2.819116 2.715931 2.695573 2.653150 2.788682 3.046465 3.046465 2.840723 2.780338 2.701860 2.774496 2.681957 2.624522 2.667369 2.758552 2.622707 2.622707 3.046465 4.188889 2.767779 2.819158 2.619829 2.645481 2.613610 2.694159 2.809551 2.681453 3.046465 3.046465 3.046465
2.758552 2.862838 2.711013 2.665038 2.726867 3.046465 3.046465 2.647435 2.627325 3.046465 2.812018 3.046465 3.046465 3.046465 2.619263 2.705504 2.766517 2.829235 2.799402 2.769291 2.806273 2.766684 2.677334 2.677334 2.926702 2.993058 2.650609 2.746807 2.676133 2.898772 2.785834 2.624270 2.812587 2.765859 2.660246 3.046465 3.046465 3.046465 2.676708 2.824326 2.819826 2.788682 2.796444 2.835610 2.805568 2.668802 2.650798 2.788682 2.819826 2.769980 2.707376 2.707376 2.766999 2.746592 2.710274 2.641098 2.770861 2.672033 2.767779 2.702029 2.636288 3.046465 3.617677
2.803886 3.046465 3.046465 3.046465 2.610291 3.013639 3.046465 2.651557 2.655634 2.669384 3.046465 2.711509 2.733511 3.046465 2.641375 2.831958 2.831958 2.819580 2.829235 2.834231 2.800890 2.819209 2.667645 2.667996 2.622707 3.010766 3.046465 2.862838 3.046465 4.392962 2.737419 4.131141 3.046465 2.836902 2.620875 3.046465 3.046465 3.046465 4.836263 2.831559 2.786783 2.767447 2.828789 2.828789 2.622707 2.849986 2.781117 2.841982 2.809737 2.792535 2.792535 2.850434 2.766999 2.784796 2.727382 2.672807 2.767665 2.667142 2.803989 2.702029 3.046465 2.619074 3.046465
2.701576 3.046465 3.046465 3.046465 3.046465 2.891823 3.046465 2.613621 2.613621 2.701576 2.652951 2.654310 2.702029 2.608827 2.675566 2.678036 2.846429 2.832391 2.823984 2.732817 2.785341 2.767447 2.824529 2.801673 2.691284 3.472619 3.046465 3.046465 3.046465 2.740437 3.658150 3.046465 3.046465 3.046465 3.046465 3.046465 3.046465 2.686378 2.762893 3.654360 3.654360 2.807635 2.700156 2.805480 2.665481 2.849986 2.809165 2.788682 2.814494 2.657888 2.794452 2.817273 2.678868 3.046465 2.655853 2.900807 3.046465 3.046465 2.613797 3.046465 2.672807 2.780104 3.960404
2.646288 2.788710 2.804709 2.823847 2.712303 2.663931 2.864795 2.639332 2.667369 2.657274 2.836362 2.637860 2.717065 2.670670 2.849986 2.704724 2.834964 2.813995 2.832064 2.835610 2.788311 2.755460 2.791786 2.791786 2.691284 2.613270 3.046465 2.921241 2.788682 3.046465 2.608378 2.635670 5.217071 3.046465 3.046465 2.839944 2.835583 2.742517 2.610815 3.654360 3.046465 2.778693 2.789434 2.789434 2.797226 2.819598 2.789434 2.789434 2.788682 2.610026 3.046465 3.046465 3.046465 3.046465 3.494420 3.494420 3.046465 3.046465 3.046465 3.046465 2.829212 2.613770 2.664131
2.805501 2.680705 2.830895 2.823847 2.668404 2.702805 2.809874 3.046465 3.046465 2.732817 2.836362 2.649476 2.670670 2.693211 2.686378 2.781983 2.791635 2.813995 2.667645 2.842581 2.842581 2.837756 2.668985 2.767779 2.776105 2.799795 2.821446 2.789434 2.807970 2.647670 2.670670 3.046465 3.046465 4.988586 2.639707 2.772647 2.620755 4.531616 3.884243 3.654360 3.835355 2.820766 2.825282 2.757466 2.796444 2.789434 2.608378 2.659496 2.659496 4.836263 3.046465 3.046465 3.046465 3.046465 2.826453 2.891823 3.046465 2.632713 3.046465 3.046465 2.927009 2.894754 2.614053
2.879055 2.810719 2.681957 2.670670 3.046465 3.046465 3.046465 3.046465 3.046465 2.665038 2.624314 2.781097 2.781097 2.634902 2.815422 2.788682 2.788682 2.813995 2.767973 2.737876 2.845822 2.782979 2.767356 2.845865 2.770678 2.812634 2.772772 2.696131 2.767779 2.732817 3.046465 3.046465 3.097995 2.710274 3.046465 3.046465 2.826394 2.673741 4.266298 3.046465 3.046465 3.046465 2.818834 2.767779 2.761808 2.688118 2.651537 2.674054 2.731368 4.836263 3.046465 4.112727 3.046465 2.891024 2.852233 2.649670 3.046465 2.847910 2.788682 2.638407 2.894754 2.818199 2.647435
2.788682 2.788682 2.614463 3.046465 2.916774 2.673696 3.046465 3.046465 3.046465 2.826453 2.826453 2.831851 2.815422 2.681453 2.845092 2.795476 2.613621 2.611109 2.823977 2.825532 2.837079 2.837249 2.829028 2.767779 2.792535 2.788682 2.681453 2.807635 2.767779 2.702932 3.046465 3.046465 3.884243 2.907936 2.608827 3.046465 3.046465 3.046465 2.998999 3.046465 3.046465 3.046465 2.753119 5.140909 2.767779 2.900807 2.864795 3.046465 3.046465 3.046465 3.046465 5.178990 3.046465 2.650425 2.866891 2.656930 2.607684 2.844177 2.799162 2.767095 2.622388 2.818199 2.892614
2.832314 2.788682 2.788682 2.622707 3.046465 3.046465 4.112727 3.046465 2.729685 2.708472 2.649289 2.811366 2.817489 2.831851 2.845092 2.726234 2.726234 2.720997 2.789434 2.786821 2.771203 2.837249 2.742236 2.615686 2.615686 2.763240 2.781495 2.767779 2.817273 2.843944 2.807397 2.998999 4.266298 4.266298 3.046465 3.274950 3.046465 2.851115 2.927409 2.921241 2.679178 3.046465 2.666976 4.303132 2.693232 2.831559 4.266298 3.046465 3.046465 3.046465 3.046465 5.064748 5.064748 2.887295 2.655530 2.655853 2.625859 2.817065 2.748875 2.684397 2.622388 2.894754 2.647435
2.832314 2.820766 2.788682 2.695884 2.926019 2.926928 2.811020 2.867196 2.815471 2.832314 2.820515 2.798083 2.677334 2.819775 2.726234 2.654385 2.654385 2.628987 2.664640 2.766918 3.012327 2.675032 2.787113 2.806310 2.789388 2.790988 2.626704 2.769980 2.836735 2.775917 2.809981 3.046465 3.046465 3.046465 3.884243 3.046465 3.046465 2.627573 2.654351 2.767779 3.046465 3.046465 3.046465 2.926702 2.926702 3.046465 3.046465 3.046465 3.046465 3.046465 3.012670 3.046465 2.849986 2.887295 2.782380 2.763978 2.782061 2.728218 2.647736 2.621895 2.642463 2.894754 2.647435
2.820766 2.665481 2.820766 2.776975 2.804290 2.832515 2.634902 2.808811 2.797090 2.797090 2.801102 2.832314 2.820766 2.821070 2.726234 3.046465 2.693232 3.046465 2.889814 2.829116 2.606338 2.797530 2.784706 2.767031 2.815959 2.846868 2.672567 2.646696 2.742517 3.046465 2.851115 2.775726 3.046465 2.881790 3.046465 5.293233 3.046465 3.046465 2.675661 2.674054 3.046465 3.046465 3.046465 3.046465 3.046465 3.046465 3.046465 3.046465 3.046465 3.046465 2.763236 2.627573 2.823745 2.704007 2.778693 2.635584 2.748875 2.613732 2.762546 2.821828 2.678950 2.613838 2.766918
2.617056 2.660015 2.673741 2.630495 2.612862 2.916774 2.820766 2.829975 2.696166 2.780043 2.767779 2.832314 3.046465 3.046465 3.046465 3.046465 2.852233 2.606542 2.889814 3.046465 2.649670 2.851380 2.636288 2.714467 2.834696 2.846868 2.668775 3.046465 3.046465 3.046465 2.790091 2.852233 3.046465 2.892528 3.046465 3.046465 2.879055 2.857659 2.740475 2.638407 3.046465 3.046465 3.046465 2.893351 2.825105 3.046465 3.046465 2.767779 2.789258 2.748589 2.817273 2.615060 2.768955 2.829975 2.803773 2.782247 2.782247 2.817065 2.671222 2.708020 2.737820 2.612862 2.774750
3.046465 3.046465 3.046465 3.046465 2.612862 2.824379 3.046465 3.046465 3.046465 3.046465 2.658823 2.697442 3.046465 3.046465 3.046465 3.046465 2.742475 2.883792 3.046465 3.046465 3.046465 3.046465 2.611991 2.679398 2.832580 2.799618 2.702029 2.794101 3.046465 3.046465 3.046465 2.622584 2.620875 3.046465 3.046465 3.046465 2.779414 2.835948 2.633294 3.046465 2.767779 2.767779 2.613404 2.713116 2.817330 2.696634 2.630495 2.649670 2.649670 2.767779 2.807635 2.915781 2.800664 2.767779 2.701860 2.642463 2.796488 2.817065 2.652822 2.668985 2.755460 2.792671 2.707657
3.345461 3.046465 3.046465 3.046465 2.639714 2.684751 3.046465 3.046465 3.046465 3.046465 3.046465 3.046465 2.774338 2.774338 2.776623 2.682193 2.666503 2.780825 3.046465 3.012670 2.613277 2.665038 3.046465 2.646544 2.828532 2.727711 2.809165 2.716617 3.046465 3.046465 2.622981 2.666722 3.046465 3.046465 3.046465 2.892528 2.779414 2.864795 2.822126 2.829975 2.726234 2.726234 2.827001 2.620510 3.661639 3.046465 3.046465 2.666503 2.767779 2.837338 2.819633 2.656694 2.803349 2.847276 2.792535 2.814856 2.683524 2.609968 2.779138 2.652822 2.650609 2.797406 2.925696
3.046465 3.046465 2.653954 2.685003 3.046465 2.766511 2.641246 3.046465 3.046465 3.046465 2.655197 2.700156 2.778693 2.824816 2.619109 2.682193 2.817273 3.134924 3.046465 2.807635 2.671618 3.046465 3.046465 2.689853 2.766899 2.693160 2.675936 2.817330 3.046465 3.046465 3.046465 2.672768 2.617056 2.767095 2.659526 3.012327 3.592694 2.611109 2.864795 2.656245 2.767779 2.683524 2.672293 2.923022 2.786493 2.611109 2.657819 2.625537 2.763240 3.046465 3.046465 3.046465 3.046465 2.767095 2.858711 2.919916 2.612077 2.689351 2.715777 2.652822 2.634161 2.927459 2.652409
3.046465 3.046465 3.465354 2.642704 2.823415 3.046465 3.046465 3.046465 3.046465 2.726234 2.668985 2.767779 2.807635 2.826674 2.776243 2.817273 2.766327 2.638407 2.765786 2.650592 2.826711 3.046465 2.689853 2.667141 2.615609 2.615609 2.613464 2.802424 2.672033 2.927660 3.046465 2.704724 2.783116 2.666503 2.681453 2.710898 2.612805 2.767779 2.767779 2.778693 2.622388 2.816785 2.873669 2.893522 2.718128 2.626704 2.767471 2.700156 2.763240 2.799360 2.673753 2.800714 3.046465 3.046465 3.046465 2.738697 2.678239 2.662823 2.613965 2.814724 2.642976 2.927459 2.847695
3.046465 3.046465 3.046465 3.046465 3.046465 3.046465 3.046465 3.046465 3.046465 2.753119 2.776243 2.817273 2.719975 2.719975 2.662973 2.613610 2.614950 2.614950 2.613520 2.662973 2.779138 2.767315 2.770756 2.764867 2.817273 2.812634 2.792535 2.672033 2.656930 2.639332 2.636983 2.780825 2.799411 2.651865 2.704724 2.613509 2.809165 2.629123 2.824761 2.807635 2.622388 2.809292 2.817273 2.720997 2.627588 2.627588 2.612749 2.762546 2.829292 2.830245 2.814856 2.843777 3.046465 3.046465 2.685943 2.906437 2.631502 2.613610 2.798273 2.808245 2.824902 2.623626 2.927701
