Example_Watersheds/WA_MashelWatershed/DataInputs/o_3_ChemistryPools/Mashel_1990_Pools/N_g_Det_root_1.asc
ncols         923
nrows         455
xllcorner     550005.67551598
yllcorner     5180549.8134422
cellsize      30
NODATA_value  -9999
[rows 28 to 55 of 455, columns 504 to 566 of 923]
2.795863 2.858125 2.838109 2.762419 2.613460 2.681955 2.581915 2.883435 2.681955 2.735546 2.651429 2.776247 2.809095 2.781357 2.918747 2.678334 2.576036 2.891621 2.498814 2.448832 2.578066 2.613438 2.578024 2.888957 2.750509 2.891596 2.918747 2.442280 2.442280 2.485227 2.891454 2.594494 2.670436 2.600611 2.681967 2.876976 2.757932 2.696946 2.891454 2.676546 2.730081 2.595703 2.615049 2.603964 2.689036 2.792613 2.842126 2.786634 2.797890 2.748350 2.593227 2.579865 2.762419 2.792181 2.800780 2.800780 2.576995 2.594639 2.743533 2.644280 2.666811 2.777929 2.650553
2.762419 2.702864 2.773766 2.829389 2.926436 2.666376 2.681955 2.463235 2.891001 2.681955 2.580112 2.592101 2.750509 2.735557 2.672438 2.739917 3.685324 5.714323 2.382028 2.575168 2.575168 2.463194 2.603707 2.735373 2.681020 2.750509 2.849102 2.918747 2.360658 2.929598 2.697294 2.429355 2.388519 2.579736 2.603464 2.774469 2.696946 2.888957 2.891454 2.657555 2.630570 2.720466 2.593538 2.603964 2.610715 2.607367 2.778010 2.773256 2.773256 2.647255 2.578257 2.592389 2.749518 2.592389 2.774469 2.891454 2.761826 2.594639 2.820560 2.593538 2.929437 2.807468 2.696125
2.529685 2.676310 2.719216 2.610715 2.581915 2.710607 2.929320 2.825377 2.597022 2.778415 2.891007 2.887514 2.594652 2.888596 2.750307 2.612682 3.312651 3.602508 2.622051 2.921818 2.784043 2.575168 2.603707 2.577753 2.576823 2.666319 2.466769 2.586130 2.360658 2.929598 2.888957 2.887905 2.799328 2.888957 2.757932 2.579736 2.696946 2.929632 2.576931 2.643497 2.657555 2.630570 2.714063 2.598319 2.599335 2.887035 2.621881 2.804705 2.764206 2.650553 2.929598 2.700746 2.577611 2.842316 2.750509 2.739162 2.767516 2.861823 2.808189 2.743736 2.883435 2.648598 2.665104
2.602214 2.746730 2.923989 2.579533 2.579533 2.609739 2.592491 2.578169 2.496724 2.913425 2.578168 2.574807 2.671788 2.636825 2.802825 2.612682 3.312651 3.975181 2.453777 3.389493 2.612314 2.655723 2.894797 2.727026 2.929437 2.603247 2.929598 2.746895 2.612325 2.817951 2.927009 2.918186 2.918186 2.458036 2.891751 2.907291 2.750509 2.884987 2.578257 2.809095 2.803152 2.764268 2.647255 2.800780 2.657555 2.773667 2.747218 2.760767 2.753750 2.861823 2.862301 2.889840 2.918186 2.876976 2.428733 2.434157 2.885367 2.714857 2.799050 2.571573 2.571573 2.697905 2.577092
2.886048 2.577286 2.681955 2.887035 2.598319 2.580457 2.703834 2.591294 2.701175 2.651429 2.597261 2.725319 2.661597 2.853037 2.680672 2.387524 3.312651 3.312651 3.312651 2.690555 2.660534 2.631573 2.495653 2.829085 2.829085 2.575168 2.894797 2.705585 2.746895 2.485227 2.918747 2.918747 2.635661 2.666586 2.627896 2.681967 2.741914 2.434157 2.613438 2.886417 2.689081 2.720466 2.800780 2.800780 2.680816 2.735557 2.578314 2.760767 2.789771 2.754480 2.600611 2.918186 2.918186 2.907291 2.592904 2.448832 2.461326 2.868911 2.803336 2.657555 2.621706 2.697905 2.702997
2.868911 2.785172 2.578169 2.681955 2.773607 2.796571 2.630212 2.861823 2.761826 2.776691 2.697905 2.661597 2.929218 2.358223 2.618319 3.685324 2.685544 2.685544 3.312651 2.632654 2.632654 2.438470 2.899576 2.590280 2.862301 2.652385 2.894797 2.578737 2.888596 2.618984 2.786024 2.749010 2.522729 2.666586 2.888957 2.891454 2.493459 2.612325 2.928671 2.577611 2.689081 2.772650 2.595288 2.784209 2.712028 2.772209 2.770259 2.695753 2.811786 2.613690 2.929437 2.606431 2.606431 2.578257 2.448832 2.550512 2.485227 2.781872 2.766374 2.929437 2.927762 2.827896 2.676812
2.505576 2.616027 2.655724 2.617019 2.819194 2.757115 2.827280 2.577015 2.731595 2.861823 2.713705 2.792484 2.519028 2.680672 2.776061 2.689257 3.850957 3.685324 3.312651 2.632654 2.891596 2.929539 2.491194 2.888957 2.604670 2.703834 2.609781 2.593096 2.798984 2.815631 2.743329 2.841906 2.581653 2.519028 2.727026 2.840187 2.840187 2.889840 2.927172 2.549497 2.587195 2.706212 2.748489 2.594652 2.782335 2.744775 2.786024 2.674256 2.578257 2.872302 2.929632 2.581523 2.690838 2.820260 2.448832 2.442280 2.739162 2.741388 2.692796 2.757932 2.574807 2.599943 2.706562
2.447954 2.447954 2.574393 2.929615 2.589529 2.704966 2.828479 2.803878 2.808612 2.666048 2.804765 2.561359 2.618068 2.918747 2.534289 4.140814 2.687388 3.312651 3.312651 3.312651 2.891868 2.499832 2.788113 2.911799 2.804765 2.809095 2.918747 2.891760 2.798984 2.798984 2.853559 2.716636 2.791557 2.590564 2.888957 2.694105 2.891247 2.596699 2.918186 2.461326 2.577611 2.578257 2.578257 2.786024 2.592389 2.578257 2.590702 2.872302 2.578257 2.883435 2.447149 2.581523 2.820260 2.917051 2.929320 2.522729 2.522729 2.746730 3.517971 2.613004 2.713705 2.588023 2.774469
2.577202 2.827896 2.920346 2.709522 2.594325 2.594647 2.599241 2.793340 2.650553 2.524459 2.929598 2.666376 2.433054 2.720182 2.887633 3.975181 3.643916 3.312651 3.312651 3.312651 5.507282 5.507282 2.891007 2.666376 2.666319 2.891690 2.585530 2.918747 2.522729 2.798984 2.853559 2.888957 2.891760 2.888957 2.876976 2.692585 2.632869 2.596699 2.918186 2.417839 2.929598 2.885367 2.578257 2.677292 2.592389 2.577535 2.582992 2.578257 2.577611 2.577611 2.577611 2.917051 2.820260 2.577611 2.820260 2.577611 2.799328 2.889193 3.517971 2.681166 2.768094 2.798692 2.770897
2.748489 2.737550 2.438470 2.520173 2.582090 2.589372 2.638002 2.650553 2.774803 2.729323 2.576301 2.620339 2.498814 2.358223 2.367486 2.502782 5.176017 3.083311 3.312651 4.660496 2.760725 2.607882 2.639660 2.666376 2.634607 2.533654 2.614372 2.918747 2.437544 2.509881 2.709181 2.485227 2.888957 2.696946 2.876976 2.918186 2.589005 2.517179 2.495653 2.727026 2.639539 2.401504 2.766256 2.577611 2.778415 2.577611 2.577611 2.578257 2.577611 2.577611 2.495653 2.820260 2.631104 2.577611 2.577611 2.928829 2.674167 2.805137 2.780077 2.735557 2.792484 2.694902 2.588023
2.589529 2.722562 2.438470 2.577611 2.688485 2.688485 2.650553 2.650553 2.770983 2.576890 2.382028 2.581380 3.643916 2.490036 2.463194 3.312651 3.643916 3.312651 3.312651 3.312651 2.690483 2.651429 2.651429 2.577088 2.891360 2.701117 2.688485 2.582090 2.463311 2.465704 2.445448 2.694105 2.613010 2.613010 2.891454 2.754285 2.876976 2.874507 2.517179 2.577611 2.918186 2.417839 2.436682 2.495653 2.918186 2.918186 2.766256 2.578257 2.577611 2.577611 2.464702 2.495653 2.578257 2.578257 2.920346 2.928829 2.929437 2.784794 2.661869 2.748133 2.742761 2.742761 2.607020
2.928887 2.657555 2.685804 2.582992 2.781357 2.759579 2.861823 2.764987 2.783311 2.577091 3.312651 3.312651 2.810512 2.830870 3.312651 3.312651 4.016589 2.400461 3.312651 2.879189 2.667140 2.593818 2.663958 2.893799 2.494565 2.494565 2.892786 2.594025 2.651429 2.929598 2.409985 2.758308 2.746895 2.694105 2.891454 2.577929 2.918747 2.876976 2.415858 2.865975 2.929437 2.417839 2.577611 2.517179 2.815543 2.927985 2.577611 2.580669 2.577611 2.577611 2.783005 2.766256 2.918186 2.918186 2.495653 2.891454 2.873410 2.767516 2.718371 2.803811 2.768094 2.674585 2.742761
2.464406 2.382028 2.923163 2.578314 2.651429 2.762300 2.739917 2.539796 2.887035 2.921341 2.499832 3.312651 4.016589 2.898648 2.799083 3.312651 3.312651 3.312651 3.312651 3.312651 3.312651 2.891624 2.888596 2.889625 2.701705 2.651429 2.577614 2.594025 2.576931 2.663958 2.650553 2.622234 2.595654 2.605183 2.888957 2.773563 2.643413 2.519028 2.434157 2.578257 2.929437 2.417839 2.577611 2.677292 2.924759 2.918186 2.577611 2.577611 2.776061 2.917051 2.927762 2.731341 2.918186 2.891454 2.891247 2.891454 2.767516 2.767516 2.580345 2.741313 2.736891 2.688485 2.607020
2.627896 2.541582 2.405693 2.624008 2.478823 2.459773 2.739917 2.397965 2.577193 2.582136 2.820260 2.777194 2.397246 2.582136 3.312651 3.312651 3.312651 2.899576 4.720527 3.312651 2.911799 2.577816 2.575607 2.858125 2.615049 2.762494 2.615049 2.665599 2.575754 2.485227 2.809095 2.861823 2.577614 2.746895 2.681020 2.632869 2.888596 2.888596 2.485227 2.461326 2.549497 2.862301 2.578257 2.657555 2.842316 2.918186 2.578257 2.577611 2.577611 2.918186 2.929437 2.918186 2.632869 2.590701 2.918186 2.656951 2.873410 2.485227 2.772458 2.741313 2.701705 2.689036 2.714063
2.889409 2.565132 2.565132 2.668713 2.795593 2.577455 4.552320 2.692585 4.637711 2.887339 2.766337 2.705950 2.750379 2.904003 3.312651 3.312651 4.099405 2.908850 2.664804 2.662732 2.773842 2.796195 2.749237 2.524052 2.917051 2.578890 2.578257 2.861823 2.604670 2.861823 2.861823 2.650553 2.861823 2.601461 2.646399 2.495653 2.632869 2.920346 2.485227 2.432395 2.450515 2.577611 2.864231 2.907291 2.829085 2.918186 2.918186 2.766256 2.924759 2.786024 2.829389 2.888957 2.632869 2.773668 2.674167 2.891454 2.612325 2.612325 2.918747 2.861823 2.777790 2.668530 2.764624
2.395424 2.597022 2.746191 2.924294 2.461232 3.561100 4.712825 2.888596 4.844752 2.655015 2.676644 2.678919 2.582154 2.426833 3.312651 3.312651 2.790428 2.690808 2.459773 2.888596 2.739568 2.747404 2.747404 2.855604 2.467666 2.772801 2.577092 2.822534 2.600407 2.574490 2.650553 2.650553 2.602214 2.602214 2.920346 2.417839 2.495653 2.593096 2.918186 2.577091 2.655015 2.428733 2.706212 2.884987 2.862301 2.896751 2.616027 2.667775 2.517179 2.916418 2.923163 2.592176 2.656951 2.888957 2.619956 2.889840 2.671368 2.861823 2.771742 2.787140 2.806429 2.788751 2.773159
2.438470 3.312651 2.786219 2.924294 2.635661 2.561343 2.501816 2.624718 2.388519 3.402250 2.676644 2.602214 2.496724 3.312651 2.464702 2.847572 3.602508 2.672607 2.928388 2.681967 2.450498 2.861823 2.445209 2.561359 2.666376 2.773456 2.741157 2.602214 2.639660 2.663958 2.650553 2.650553 2.878779 2.798896 2.517179 2.891621 2.920346 2.769353 2.748993 2.887514 2.461326 2.655015 2.379512 2.376349 2.916418 2.660143 2.620117 2.434157 2.579990 2.577091 2.577611 2.918186 2.670433 2.653191 2.765591 2.809095 2.888957 2.728068 2.770809 2.709873 2.727317 2.709873 2.740692
2.609512 2.558485 2.717624 2.792977 2.850425 2.659327 2.659327 2.746730 2.884614 2.813948 2.566064 2.705950 2.879819 2.891454 2.580625 2.613438 2.580868 2.576430 2.659961 2.670070 2.773371 2.578314 2.861823 2.664350 2.607020 2.650553 2.918747 2.858125 2.650553 2.792528 2.650553 2.861823 2.382028 2.624008 2.624008 2.575897 2.650553 2.586859 2.495653 2.577091 2.580345 2.832341 2.379512 2.902526 2.712566 2.734592 2.409811 2.434157 2.577091 2.577091 2.924759 2.727026 2.742948 2.927009 2.887035 2.772458 2.888957 2.643082 2.700274 2.822534 2.856046 2.856046 2.789771
2.820260 2.780621 2.800569 2.595288 2.607020 2.616115 2.580770 2.607401 2.781357 2.785260 2.655604 2.574807 2.754766 2.576667 2.841458 2.840171 2.525219 2.736189 2.601946 2.561359 2.582190 2.575168 2.580230 2.594617 2.749237 2.809095 2.809095 2.861823 2.632654 2.517179 2.681967 2.725319 2.460125 2.906490 2.485227 2.575897 2.861823 2.519028 2.397965 2.500833 2.577374 2.892786 2.884987 2.727839 2.727839 2.600611 2.928568 2.450515 2.611640 2.878779 2.495653 2.448832 2.578214 2.464702 2.464702 2.840187 2.577611 2.643082 2.647255 2.797992 2.796446 2.777790 2.774469
2.614372 2.619956 2.889193 2.741844 2.719216 2.887905 2.499832 2.607401 2.749350 2.781950 2.676310 2.643082 2.794877 2.750379 2.841458 2.591103 2.550512 2.600340 2.676644 2.580746 2.576931 2.577282 2.647810 2.886721 2.577092 2.768922 2.594603 2.577614 2.886417 4.306446 2.415858 2.578138 2.624008 2.853037 2.602214 2.861823 2.861823 2.888596 2.397965 2.397965 2.750509 2.581223 2.842316 2.890559 2.677292 2.924294 2.597589 2.379512 2.608360 2.577091 2.917051 2.820260 2.464702 2.594990 2.644961 2.793924 2.578547 2.589573 2.796446 2.774530 2.772209 2.593538 2.778385
2.614372 2.777929 2.627793 2.537620 2.599368 2.639660 2.616458 2.814863 2.796902 2.759174 2.891868 2.929598 2.608424 2.607367 2.616212 2.918747 2.578257 2.812342 2.812342 2.809095 2.523629 2.463235 2.591261 2.584962 2.597261 2.797622 2.577614 2.681129 2.659142 2.687144 2.827896 2.887905 2.561359 2.891690 2.929598 2.918747 2.619956 2.592878 2.592878 2.742761 2.448832 2.603464 2.730081 2.706212 2.859369 2.616027 2.597589 2.827896 2.577091 2.577611 2.820260 2.577611 2.577611 2.594990 2.706562 2.694105 2.702864 2.762743 2.792300 2.643082 2.772209 2.773151 2.759174
2.735557 2.771236 2.568838 2.568838 2.599313 2.784344 2.772702 2.792484 2.719070 2.616392 2.653835 2.594364 2.929598 2.639660 2.651885 2.698527 2.745873 2.756763 2.736310 2.511480 2.772458 2.724284 5.631506 2.632485 2.706404 2.602214 2.585530 2.781403 2.434157 2.519028 2.519028 2.519028 2.891129 3.312651 2.402911 2.817127 2.928388 2.582187 2.677487 2.742761 2.792484 2.594494 2.738030 2.399384 2.658743 2.597634 2.597634 2.859369 2.627896 2.577611 2.755817 2.762419 2.578314 2.706562 2.578252 2.696125 2.577092 2.794443 2.794443 2.613009 2.578314 2.794155 2.784606
2.719070 2.705600 2.597634 2.663958 2.758308 2.674063 2.604447 2.688485 2.795537 2.705585 2.674167 2.594364 2.397965 2.363076 2.864231 2.509055 2.722547 2.798983 2.736310 2.545541 2.673787 3.517971 2.891252 2.891252 2.680816 2.610648 2.753797 2.575754 2.697769 2.429355 2.382028 2.739014 2.739162 2.761826 2.388519 2.574393 2.573159 2.762419 2.650553 2.742761 2.762215 2.742761 2.764206 2.517179 2.887633 2.608360 2.608360 2.608360 2.407673 2.577611 2.878779 2.657555 2.606917 2.603247 2.578252 2.593872 2.577535 2.755004 2.741121 2.704881 2.578314 2.559863 2.658250
2.850425 2.466769 2.589048 2.754480 2.758308 2.650553 2.604447 2.661928 2.786596 2.791557 2.775457 2.751749 2.735373 2.929355 2.704937 2.436682 3.312651 2.811359 2.823221 2.715562 2.599241 4.554895 2.790428 2.509055 2.690808 2.680913 2.784128 2.722562 2.784368 2.593057 2.893799 2.593096 2.673400 2.896751 2.485227 2.573159 2.681967 2.891624 2.586363 2.775418 2.762215 2.805783 2.657692 2.607020 2.746651 2.624718 2.608360 2.597634 2.719070 2.606431 2.878779 2.581223 2.570240 2.578257 2.578106 2.495653 2.770897 2.755004 2.827896 2.674063 2.772209 2.703476 2.744135
2.519028 2.519028 2.655724 2.577614 2.704966 2.782023 2.650553 2.650553 2.823577 2.590135 2.590135 2.746022 2.639539 2.534289 2.601433 2.680672 2.553449 2.792484 2.841297 2.789980 2.656172 2.577015 2.576430 2.614022 2.755828 2.581454 2.655015 2.597634 2.522253 2.582090 2.594494 2.461946 2.825377 2.758308 2.473805 2.473805 2.573159 2.773668 2.721746 2.814863 2.815647 2.791913 2.773456 2.607020 2.590138 2.750509 2.658743 2.616212 2.616212 2.577611 2.892786 2.891798 2.578257 2.652385 2.927009 2.597876 2.616115 2.770630 2.594655 2.580868 2.883435 2.734196 2.734196
2.681967 2.656951 2.723703 2.888596 2.772702 2.683163 2.594652 2.771399 2.706562 2.575455 2.578193 2.704937 2.807070 2.674063 2.638834 2.680672 2.665316 2.807754 2.773070 2.706479 2.745873 2.887339 2.576430 2.650553 2.861823 2.485227 2.382028 2.382028 2.624008 2.761826 2.580419 2.927009 2.485227 2.786851 2.650553 2.809095 2.466769 2.790049 2.756763 2.853559 2.822534 2.764206 2.794334 2.741626 2.465317 2.658743 2.590135 2.805803 2.624014 2.593227 2.922280 2.657555 2.762419 2.578257 2.762419 2.762419 2.793924 2.594652 2.590482 2.592067 2.673229 2.884614 2.918747
2.608424 2.656951 2.678334 2.588435 2.748312 2.802959 2.650553 2.786070 2.706562 2.603596 2.752513 2.783447 2.781442 2.795914 2.660534 2.647283 2.721746 2.485227 2.872302 2.575897 2.826391 2.772006 2.749298 2.793981 2.659904 2.367859 2.580746 2.672201 2.804765 2.926436 2.707407 2.641252 2.694934 2.757165 2.793924 2.650553 2.763481 2.763481 2.778705 2.772209 2.593096 2.746895 2.586130 2.581380 2.658743 2.735546 2.590135 2.805803 2.664513 2.671788 2.559447 2.581223 2.593227 2.593746 2.864231 2.577809 2.601360 2.731826 2.579040 2.640387 2.704881 2.884614 2.800780
2.644233 2.605915 2.792484 2.696125 2.731240 2.740501 2.768922 2.775418 2.719070 2.775120 2.785456 2.785456 2.755555 2.775743 2.703420 2.640996 2.603496 2.660534 2.568838 2.703834 2.582168 2.817883 2.787469 3.326313 2.727784 2.466193 2.416647 2.601946 2.850425 2.847572 2.786893 2.782001 2.764945 2.650553 2.650553 2.812023 2.795622 2.785584 2.795863 2.795863 2.789771 2.656172 2.746895 2.657692 2.792181 2.668137 2.592878 2.805803 2.656972 2.580297 2.864231 2.592690 2.813991 2.640387 2.707792 2.578314 2.699805 2.755004 2.764776 2.594630 2.594630 2.578314 2.622833
