Example_Watersheds/WA_MashelWatershed/DataInputs/o_3_ChemistryPools/Mashel_1990_Pools/N_g_root_1.asc
ncols         923
nrows         455
xllcorner     550005.67551598
yllcorner     5180549.8134422
cellsize      30
NODATA_value  -9999
[rows 336 to 363 of 455, columns 693 to 755 of 923]
2.981355 3.720884 3.014929 3.062412 2.142343 3.974561 3.274551 2.220151 3.092882 2.993850 2.993850 2.989846 1.815286 2.906956 2.906956 2.456650 2.286642 2.398320 1.557940 2.852238 3.984298 4.034055 3.837324 1.660143 1.389458 1.381956 0.441178 0.278389 0.101645 0.060684 0.060684 0.060684 0.060684 0.101645 0.068269 0.154658 0.060684 0.060684 0.060684 0.060684 0.060684 0.250769 0.250769 0.233057 0.078889 0.531839 0.097853 0.823647 0.322182 1.645688 0.418281 0.278389 0.224411 1.588337 1.195243 1.408272 1.453774 1.263770 0.446990 0.060684 0.060684 0.060684 0.060684
3.643266 2.987724 2.710851 2.188324 3.597977 1.834187 1.834187 2.915468 3.247586 2.645795 2.480125 3.015304 2.821905 3.000013 1.589626 2.456650 2.467276 2.771563 3.000013 3.741842 4.018144 3.451138 3.837324 2.078113 1.241998 0.849953 0.075855 0.074338 0.060684 0.060684 0.374169 0.060684 0.060684 0.220141 0.220141 0.060684 0.060684 0.060684 0.060684 0.060684 0.070545 0.060684 0.446990 0.060684 0.060684 0.068269 0.228717 0.540665 0.540665 0.379561 0.768481 0.744126 0.097853 0.211705 0.744126 1.480542 1.098552 0.919238 0.207540 0.255285 0.100128 0.065994 0.060684
3.246631 3.362729 2.142343 2.456650 1.869292 1.569667 1.267411 3.353267 2.597543 2.597543 2.706209 2.771563 1.598468 2.422703 3.250783 2.455373 2.821905 2.821905 3.000013 2.911212 4.038281 3.991359 1.684620 3.132609 1.085877 0.970747 0.278389 0.081165 0.060684 0.060684 0.060684 0.269042 0.106955 0.124661 0.086474 0.060684 0.060684 0.060684 0.060684 0.100128 0.060684 0.101645 0.395945 0.211705 2.476459 0.103162 0.327223 0.476574 0.747439 0.134445 1.652220 0.907526 0.101645 0.423953 0.423953 1.842288 0.458718 0.600780 0.269042 0.203280 0.228717 0.065994 1.198819
2.829691 3.739846 1.519071 0.816197 1.107038 2.422703 2.067718 2.281313 2.597543 2.552503 2.456650 2.398320 2.422703 2.478293 3.170924 2.110574 2.422703 2.390032 2.390032 3.602548 3.801724 4.046203 3.042086 3.074603 1.381956 1.085877 0.069786 0.060684 0.060684 0.060684 0.060684 0.069786 0.060684 0.124661 0.091026 0.060684 0.060684 0.071303 0.060684 0.081165 0.060684 0.105737 0.990887 0.283114 0.060684 0.458718 0.458718 0.540665 0.650465 0.327223 0.170382 0.827383 0.482596 1.476708 1.472877 2.827758 0.938903 0.327223 0.540665 0.103921 0.588580 0.069786 0.500872
3.416749 3.300858 1.519071 1.971462 2.456650 1.598468 2.072924 2.821905 1.658429 2.552503 1.507477 1.507477 2.645795 3.250783 2.110574 3.170924 2.137373 2.593662 2.037193 3.602548 3.992994 4.044154 3.971022 2.112264 1.472877 0.075855 0.069786 0.060684 0.060684 0.060684 0.060684 0.067511 0.087233 0.060684 0.088750 0.060684 0.060684 0.154658 0.154658 0.103162 0.644177 1.085877 0.950790 1.119822 1.877393 0.505658 0.237433 0.237433 0.060684 0.698330 0.737517 0.108472 1.296658 1.064899 1.753190 0.730931 2.076385 0.322182 0.714561 0.165087 0.060684 0.094060 0.446990
3.143251 2.011527 1.119822 1.119822 3.325507 2.841117 2.597543 2.597543 0.880455 2.552503 1.322428 1.060725 2.422703 2.422703 2.137373 2.988240 1.156130 0.682236 3.635201 3.809242 4.028862 4.046203 3.326900 1.015295 0.561454 0.073579 0.060684 0.060684 0.060684 0.060684 0.071303 0.149525 0.060684 0.060684 0.060684 0.090267 0.073579 0.094060 0.561454 0.095577 0.628554 0.192099 0.794021 1.027597 0.631667 0.203280 0.106197 0.079647 0.081923 1.296658 0.591622 0.072821 1.736993 0.724366 1.959130 1.618595 1.044103 0.794021 0.794021 0.327223 0.101141 2.385858 1.585738
1.643763 2.676418 2.653469 2.030254 2.778996 2.881405 2.597543 1.322428 3.145379 2.855877 1.507477 1.060725 1.060725 2.119002 1.060725 2.072924 1.542352 1.227551 0.072062 3.725415 2.142343 3.594588 2.108883 2.474625 1.173858 0.628554 0.085716 0.060684 0.101141 0.100128 0.603844 0.203280 0.060684 0.060684 0.482596 0.092543 0.653617 0.094060 1.134969 0.631667 1.307682 0.070545 0.186589 0.531839 0.631667 0.181133 0.374169 0.241843 1.048248 1.170305 1.170305 0.060684 0.080406 0.062201 1.953016 2.438558 0.880455 1.663493 0.938903 0.613069 0.585544 0.831127 0.093301
1.587041 2.305304 2.837342 3.732875 3.252116 2.547136 2.119002 2.373215 2.597543 2.177728 2.398320 2.552503 1.322428 0.907526 1.507477 1.507477 0.698330 0.154658 0.088750 1.616326 0.072821 2.294638 0.418281 2.474625 0.543618 0.395945 0.096335 0.060684 0.060684 0.103921 0.603844 0.060684 0.591622 0.106955 0.097853 0.060684 0.060684 0.570446 1.646641 0.170382 1.639832 0.625446 0.625446 0.476574 0.060684 0.514335 0.337410 0.564446 0.186589 1.519071 1.115554 0.067511 0.060684 0.307269 0.407043 2.137373 0.974760 0.591622 0.464635 0.302368 1.461405 0.192099 0.107714
3.170924 2.305304 2.837342 2.450239 3.489375 1.664314 1.060725 1.060725 2.107190 1.322428 2.823864 3.092882 3.247586 1.060725 1.107038 0.619246 0.124661 0.283114 0.540665 0.060684 0.086474 0.060684 1.950315 1.107038 0.283114 0.363491 0.060684 0.060684 0.060684 0.060684 0.060684 0.237433 0.347738 0.060684 0.060684 0.060684 0.060684 0.060684 1.142009 0.701565 0.100887 0.337410 0.747439 0.088750 0.060684 0.895880 0.938903 0.666281 0.899755 1.252869 1.159669 0.060684 0.060684 0.091784 2.399694 1.893597 1.777487 0.390448 0.390448 0.105438 0.086474 0.060684 0.060684
1.107038 2.026203 2.069455 3.175182 3.015593 3.192215 0.744126 1.285665 2.119002 2.177728 2.113951 2.177728 2.989846 0.868962 0.641041 0.907526 0.744126 0.446990 0.101141 0.220141 0.101645 0.072062 0.103162 0.224411 0.352954 0.106955 0.060684 0.060684 0.060684 0.060684 0.060684 0.060684 0.060684 0.106197 0.106197 0.060684 0.060684 0.073579 0.292671 0.641041 0.237433 0.337410 0.730931 0.110388 0.211705 0.540665 0.812483 1.647588 0.899755 1.119822 0.834877 0.609988 0.060684 3.480154 3.480154 2.578105 1.569667 0.744126 1.412046 0.663107 1.646641 1.249242 0.579488
0.853740 0.827383 2.776027 1.419602 3.558906 1.842288 1.742392 2.902699 2.378857 3.330426 2.402434 2.564987 2.009367 0.644177 0.233057 0.233057 0.764862 0.876616 0.534775 0.534775 0.772108 0.899755 0.076613 0.508545 0.579488 0.096335 0.337410 0.060684 0.060684 0.060684 0.060684 0.711304 0.644177 0.543618 0.106197 1.326123 0.069786 0.139418 0.685444 0.616155 0.685444 1.241998 0.264421 0.727646 0.669461 0.816197 2.267999 2.267999 0.149525 0.075855 0.819918 0.390448 0.081165 0.805076 2.252035 2.065978 0.831127 1.198819 0.228717 0.476574 1.249242 0.704806 0.744126
1.081667 2.456650 3.248477 1.653127 3.192215 2.115636 1.742392 2.067718 2.721636 2.081562 1.667532 3.084759 3.084759 2.035230 0.672647 0.876616 0.698330 0.669461 0.647318 0.907526 1.134969 0.096335 0.081165 0.579488 0.060684 0.273698 0.060684 0.060684 0.060684 0.060684 0.154658 0.717824 0.175731 0.302368 0.525982 0.616155 0.149525 0.695100 1.588337 1.588337 0.573455 0.573455 0.087991 0.283114 0.834877 0.379561 0.446990 0.105737 0.096335 0.600780 0.500872 0.292671 0.332299 1.676551 0.714561 1.618595 1.366992 0.768481 1.223947 0.884300 0.220141 0.779383 1.793687
1.638833 1.090095 2.846715 2.002794 2.002794 2.706209 2.115636 2.029247 2.022088 2.140688 3.507345 3.160280 2.469115 1.249242 0.744126 0.579488 0.514335 0.283114 1.378210 0.772108 0.637911 0.241843 0.077372 0.278389 0.060684 0.060684 0.060684 0.060684 0.060684 0.060684 0.616155 0.259836 0.078889 0.672647 0.094818 0.233057 0.060684 0.104680 0.060684 0.070545 0.096335 0.446990 0.576469 0.170382 0.744126 0.379561 0.549541 0.075855 0.543618 0.105438 0.540665 0.337410 0.332299 1.522943 1.996080 1.742392 1.085877 1.515203 0.322182 0.322182 0.570446 0.794021 1.631654
1.285665 1.285665 0.907526 1.378210 1.519071 1.492065 1.763989 2.599483 2.157149 2.811982 3.461217 3.017425 1.245618 0.663107 0.534775 0.579488 0.564446 0.831127 0.144445 0.892013 0.711304 0.650465 0.074338 0.060684 0.060684 0.060684 0.060684 0.060684 0.060684 0.060684 0.097853 0.259836 0.060684 0.070545 0.695100 0.337410 0.347738 0.060684 0.060684 0.181133 0.104680 0.327223 0.352954 0.237433 0.452836 0.517239 2.342688 1.355805 0.106197 1.928707 0.740819 0.740819 1.177414 0.119850 0.368813 2.278650 0.990887 1.098552 1.216751 0.637911 0.853740 2.003900 0.688657
1.285665 1.632700 0.831127 1.044103 0.958751 2.053750 2.020008 2.676418 2.811982 3.461217 3.461217 2.102099 2.044958 1.107038 0.786687 0.927082 0.927082 0.395945 0.395945 0.091026 0.517239 0.347738 0.106955 0.060684 0.060684 0.060684 0.060684 0.060684 0.060684 0.060684 0.060684 0.091026 0.091026 0.095577 0.653617 0.060684 0.060684 0.091784 0.060684 0.069786 0.106197 0.327223 0.096335 0.096335 0.283114 0.395945 0.880455 1.015295 0.224411 1.124098 2.037193 1.742392 0.714561 0.647318 1.115554 1.885495 1.370728 0.857535 0.494745 1.631654 0.446990 1.785587 0.322182
1.844988 1.457588 1.587041 1.044103 0.573455 1.119822 1.282008 3.595468 3.595468 3.461217 3.252116 2.108883 2.035230 2.003900 2.015799 2.609168 0.337410 0.579488 0.653617 0.663107 1.019388 0.534775 0.119850 0.060684 0.060684 0.060684 0.060684 0.060684 0.060684 0.060684 0.060684 0.067511 0.060684 0.347738 0.675838 0.060684 0.060684 0.060684 0.060684 0.060684 1.159669 0.139418 0.101645 0.086474 0.641041 0.446990 0.927082 1.430962 0.805076 1.124098 2.348035 0.974760 0.352954 0.327223 2.783440 2.009367 1.370728 0.103921 0.233057 1.603376 0.966741 1.256499 0.888153
2.378857 1.788287 1.799086 1.587041 2.214842 0.872785 0.754081 1.621949 3.443349 3.461217 2.071190 2.152231 1.060725 1.611709 3.090851 2.148942 0.747439 0.089509 0.786687 0.094818 0.181133 0.786687 0.149525 0.060684 0.060684 0.060684 0.060684 0.060684 0.060684 0.060684 0.060684 0.060684 0.060684 0.060684 0.653617 0.573455 0.075855 0.060684 0.060684 1.630602 0.060684 0.724366 0.101645 0.407043 0.322182 1.587041 1.077464 0.452836 1.015295 1.680029 2.042031 1.267411 0.794021 2.067718 1.969027 1.969027 1.643763 1.166756 0.078130 0.546577 0.923156 1.888196 1.249242
3.284274 3.810736 3.594686 1.585738 1.507477 1.173858 1.107038 1.604586 3.259196 1.671405 2.130719 1.311364 2.001685 2.326657 3.090851 0.379561 0.098611 0.149525 0.129527 0.075855 0.075855 0.084957 0.613069 0.273698 0.060684 0.060684 0.060684 0.060684 0.060684 0.060684 0.060684 0.060684 0.087233 0.105737 1.685706 2.821905 0.060684 0.060684 0.060684 0.060684 0.078889 0.241843 0.085716 0.794021 0.555487 1.635796 1.166756 1.166756 0.927082 1.672909 1.599705 3.486968 1.648527 0.682236 1.755890 1.519071 1.363260 1.209568 0.322182 0.570446 0.698330 0.567443 0.570446
3.284274 1.538463 3.602761 1.285665 1.647588 2.583945 1.223947 1.604586 1.646641 2.039140 1.893597 2.583945 2.583945 2.042031 1.621949 0.384987 0.097853 0.097853 0.269042 0.269042 0.084199 0.794021 0.717824 0.093301 0.060684 0.060684 0.060684 0.060684 0.060684 0.060684 0.060684 0.215905 1.809886 1.777487 0.853740 1.920604 0.464635 0.102404 0.060684 0.060684 0.060684 0.060684 0.106197 0.060684 0.585544 1.644729 0.794021 0.097853 0.458718 1.378210 2.556075 3.391938 0.711304 0.682236 1.495913 1.282008 1.015295 0.931015 0.695100 1.177414 0.698330 1.947614 1.085877
1.064899 1.285665 1.285665 2.042031 1.366992 1.366992 1.632700 1.378210 0.831127 2.042031 2.042031 1.311364 2.538169 2.699254 2.520152 0.072062 0.505658 0.078889 0.060684 0.060684 0.060684 0.534775 0.505658 0.060684 0.072821 1.669876 0.060684 0.090267 0.358205 1.166756 0.452836 0.087233 0.395945 0.108472 1.647588 1.400736 0.907526 0.060684 0.060684 0.060684 0.907526 0.129527 0.088750 0.060684 0.794021 1.430962 0.794021 0.757645 0.764862 1.511338 3.834227 1.959130 0.790351 0.625446 2.340015 1.003058 1.785587 0.962742 0.740819 0.740819 0.892013 2.013671 0.570446
2.583945 1.285665 1.285665 1.696503 1.992669 2.589777 2.331999 3.620938 2.684043 2.407888 0.892013 3.111327 1.311364 2.559643 0.060684 0.129527 0.838635 0.060684 0.060684 0.352954 1.614031 0.923156 0.740819 0.511437 0.511437 0.088750 1.453774 0.124661 0.663107 1.085877 0.108472 0.292671 0.395945 0.081923 1.430962 1.430962 0.065235 0.060684 0.107714 1.119822 0.159846 0.701565 0.546577 0.060684 0.685444 1.220347 1.048248 1.220347 0.730931 3.249331 3.384095 1.611709 1.611709 0.363491 0.946821 2.152231 0.831127 2.796695 0.919238 1.322428 1.991524 1.389458 0.888153
2.869223 1.696503 2.042031 1.285665 1.992669 2.130719 3.080697 1.742392 3.016910 2.402434 2.879274 3.111327 1.898998 1.159669 0.073579 1.701901 2.201578 2.201578 0.060684 2.108883 0.561454 0.100128 0.246289 0.476574 0.092543 0.452836 0.812483 0.134445 0.085716 0.558467 0.203280 0.283114 0.761250 0.149525 0.794021 0.237433 0.579488 0.106197 1.617464 1.177414 0.634786 1.127942 0.097094 0.106197 0.106197 1.180973 0.701565 0.986844 1.442353 0.805076 1.842288 0.966741 2.938864 0.747439 1.633738 2.000572 0.724366 0.682236 0.931015 1.526818 0.446990 0.698330 0.740819
1.260133 2.583945 1.647588 3.349130 1.260133 2.583945 1.704601 1.947614 2.079839 2.079839 2.407888 2.079839 1.378210 1.589626 0.552511 1.366992 1.073269 1.307682 0.352954 2.167138 0.094818 0.144445 0.081923 0.982809 0.609988 0.074338 0.794021 0.831127 0.149525 0.744126 0.744126 0.302368 0.106197 0.237433 0.395945 0.907526 0.573455 0.744126 0.464635 0.060684 1.594718 1.701901 0.974760 0.540665 0.283114 0.666281 1.077464 1.662666 2.871835 2.081562 1.842288 0.880455 1.363260 0.347738 1.573583 0.287875 0.312205 0.682236 1.267411 0.923156 1.587041 0.950790 0.672647
3.013184 1.823387 2.989846 2.699254 1.647588 1.671405 2.872883 1.064899 3.632959 2.079839 2.657302 1.842288 1.606987 1.643763 1.073269 2.364085 2.554290 2.183025 1.278353 1.366992 0.317176 2.246717 0.081923 1.107038 0.656775 0.264421 0.255285 1.985742 0.579488 0.579488 0.573455 0.555487 0.115092 1.836888 1.048248 1.119822 0.573455 0.907526 1.594718 0.233057 1.090095 1.170305 0.754081 0.768481 0.831127 0.086474 1.195243 1.378210 1.844988 1.608177 1.670644 1.647588 2.337343 1.090095 1.519071 0.603844 0.603844 0.505658 0.259836 0.974760 1.359531 2.422703 0.395945
2.198926 1.823387 2.042031 2.583945 2.069455 2.994635 1.223947 0.990887 3.632959 1.842288 1.842288 1.742392 1.098552 1.476708 2.305304 2.364085 2.651552 2.452810 1.073269 2.534575 1.609361 1.609361 1.484380 1.415822 0.970747 0.768481 0.241843 0.065235 0.634786 0.685444 1.216751 0.384987 0.717824 1.152595 0.619246 1.267411 0.958751 0.744126 0.464635 0.139418 1.023489 1.893597 0.907526 0.872785 0.907526 0.790351 0.634786 1.085877 1.085877 2.098695 1.682692 1.202399 1.920604 3.595066 1.400736 0.656775 0.103921 0.337410 0.241843 0.990887 0.619246 0.395945 0.888153
2.413307 1.285665 2.776027 2.185674 1.534578 2.139031 0.872785 2.768580 2.013671 1.969027 1.842288 1.378210 1.988067 1.988067 1.609361 1.173858 0.865145 2.014737 2.706209 2.152231 1.971462 2.090153 1.191670 0.812483 1.173858 1.003058 0.246289 1.304004 0.564446 0.685444 0.994936 1.863891 1.583112 1.430962 1.119822 1.885495 0.511437 1.666737 0.717824 0.363491 1.119822 1.119822 1.119822 0.974760 2.086722 0.573455 0.931015 0.091026 1.726195 1.085877 1.648527 0.966741 2.005001 1.801786 1.400736 1.492065 1.311364 0.337410 1.381956 0.124661 1.119822 0.395945 0.768481
3.500609 3.241198 1.662666 2.011527 3.330775 3.626716 3.626716 1.588337 3.441616 0.794021 1.942212 1.742392 1.683984 1.227551 1.718097 2.441170 0.892013 0.768481 3.194344 1.960381 2.768580 2.758096 1.592186 1.538463 0.701565 0.831127 0.246289 3.439634 2.487442 0.816197 2.310640 2.752075 1.044103 1.044103 0.744126 0.616155 1.044103 0.711304 0.508545 1.340937 0.644177 0.831127 0.634786 0.744126 0.435401 1.430962 1.119822 1.202399 2.993263 1.660143 1.329822 1.993810 1.677962 0.613069 1.672160 1.159669 3.022632 1.249242 0.060684 0.970747 0.970747 0.069786 0.215905
2.651552 2.069455 1.011209 2.169785 2.414656 1.311364 2.516535 0.091784 0.060684 0.540665 1.476708 1.446156 1.683984 1.688406 1.090095 1.609361 2.368961 2.622695 2.672601 1.960381 2.778996 2.850405 1.644729 2.025180 1.511338 1.511338 0.761250 1.608177 1.300330 0.823647 1.090095 2.413307 1.561846 0.962742 0.237433 0.582513 1.617464 0.060684 0.060684 0.327223 3.353951 0.682236 1.678658 1.300330 0.269042 1.625244 1.069080 0.078130 0.892013 0.831127 3.328444 2.358734 1.834187 1.834187 2.072924 0.892013 1.430962 0.585544 1.554038 0.097094 0.165087 0.470587 1.598468
