Example_Watersheds/WA_MashelWatershed/DataInputs/o_3_ChemistryPools/Mashel_1990_Pools/N_g_Det_root_1.asc
ncols         923
nrows         455
xllcorner     550005.67551598
yllcorner     5180549.8134422
cellsize      30
NODATA_value  -9999
[rows 168 to 195 of 455, columns 630 to 692 of 923]
3.312651 3.312651 3.312651 3.312651 3.312651 3.312651 3.312651 3.312651 3.312651 3.312651 4.761936 3.685324 3.685324 4.182222 3.312651 3.312651 3.312651 3.312651 3.312651 3.873468 5.838547 3.312651 3.312651 3.395467 3.312651 3.312651 3.231998 3.312651 3.312651 3.312651 4.261349 3.768140 3.941048 3.003576 3.873468 2.511279 2.460473 3.726732 2.682038 2.650680 4.016589 4.306446 3.312651 2.689415 2.704937 3.343930 3.312651 3.312651 3.312651 2.690274 3.312651 3.312651 3.312651 3.312651 3.312651 3.726732 2.642371 2.642371 2.392917 2.602406 2.458564 2.465657 2.407673
3.312651 3.312651 3.312651 3.312651 3.312651 3.312651 3.312651 3.312651 3.312651 3.312651 3.312651 5.797139 3.195092 4.182222 3.312651 3.312651 3.312651 3.312651 3.312651 3.312651 5.838547 3.312651 3.312651 3.312651 3.312651 2.677645 3.312651 2.656593 4.306446 2.860204 2.683305 3.312651 4.389262 3.326313 2.517179 3.083311 2.467214 2.689415 2.720182 3.020130 4.720527 3.312651 4.720527 2.466193 4.927568 3.312651 4.321889 3.312651 2.653946 2.407761 3.287433 3.312651 2.884293 2.577202 3.643916 3.312651 2.928313 2.451727 2.466769 2.473805 2.463811 2.683305 2.739917
3.312651 3.312651 3.343930 3.312651 3.312651 3.312651 3.312651 3.312651 3.312651 3.312651 3.312651 5.341649 3.312651 3.312651 3.312651 3.312651 2.697392 3.726732 3.312651 3.312651 3.312651 3.312651 3.312651 3.312651 3.312651 2.821323 3.312651 3.312651 3.312651 3.312651 2.384050 3.419108 2.598181 2.887514 5.548690 2.690822 3.436875 3.312651 3.312651 2.514470 2.860204 2.860204 2.784368 2.528685 2.570240 4.554895 2.361349 3.933773 2.829085 2.492335 5.010384 4.321889 2.884293 2.367859 2.466003 2.461326 2.923989 2.708753 2.471981 2.473805 2.367486 2.889418 2.473805
2.647283 3.312651 3.663689 3.312651 3.312651 3.312651 3.312651 5.548690 3.941048 3.312651 3.643916 3.312651 3.312651 3.312651 4.761936 4.099405 3.413793 4.439451 3.312651 3.312651 3.312651 3.312651 3.312651 3.312651 2.415858 3.312651 3.312651 3.312651 4.761936 3.941048 2.534289 3.561100 2.517813 2.711318 2.711318 2.507350 2.887339 3.312651 3.726732 3.478283 2.529685 2.681967 3.312651 5.465874 2.499832 4.554895 3.312651 3.343930 2.390203 2.460572 2.413860 2.890036 2.435874 2.704937 2.466769 2.517179 2.929598 2.525219 2.458036 2.473805 2.386293 2.386293 2.639231
3.312651 2.621881 4.720527 3.312651 3.312651 3.312651 4.389262 4.679119 3.195092 3.312651 3.312651 3.428828 3.312651 4.389262 2.612325 4.072688 3.343930 4.439451 5.341649 3.312651 3.312651 3.312651 3.312651 3.312651 2.415858 3.312651 3.312651 2.508211 2.892786 2.704543 2.648356 2.639231 2.689415 4.321889 3.312651 2.589436 3.155452 5.548690 2.678127 5.548690 4.803344 4.472079 2.413860 3.312651 3.312651 2.739917 3.312651 4.265038 3.312651 3.052328 2.459667 2.456977 2.888947 2.525219 2.911083 2.918747 2.918747 2.929598 2.891749 2.581053 2.689894 2.373441 2.367859
3.312651 3.312651 2.720182 3.312651 3.312651 2.689415 3.428828 2.754285 5.838547 3.312651 3.312651 2.883435 3.312651 4.389262 4.803344 2.623779 5.176017 4.321889 2.690173 2.690483 3.312651 3.312651 2.358223 2.414472 2.491194 3.312651 3.312651 3.312651 2.865975 2.701117 4.306446 3.113079 5.714323 3.312651 3.312651 4.347854 3.307480 4.761936 3.312651 3.343930 2.776867 4.389262 4.596303 3.312651 3.312651 3.312651 3.312651 3.312651 2.679208 5.838547 2.690555 2.409811 2.661869 2.581053 2.775300 2.774469 2.918747 2.821323 2.494565 2.453737 2.437544 2.891134 2.891134
3.312651 3.312651 3.312651 2.911799 3.312651 2.879189 4.886160 2.583784 2.690483 4.552320 4.513487 2.881865 4.886160 2.610965 3.312651 2.690173 4.472079 2.416647 4.679119 3.312651 5.010384 5.507282 3.312651 3.312651 3.312651 3.312651 2.473805 5.631506 2.744775 2.597791 2.474770 2.925472 3.382659 3.276953 3.312651 3.312651 2.670407 4.223630 4.223630 3.726732 2.898886 3.413793 5.921363 5.300241 3.312651 3.312651 3.312651 3.343930 4.472079 5.838547 3.312651 2.683305 2.772752 2.769298 2.594630 2.789771 2.462695 2.358211 2.812342 2.458036 2.434157 2.425586 2.467050
2.442280 2.787439 2.363076 2.363076 3.312651 2.575579 2.513010 2.434877 2.682038 2.890864 2.482718 2.814233 2.600611 2.892786 5.797139 2.511279 5.548690 2.860204 2.400461 3.312651 3.312651 5.507282 4.927568 3.312651 3.312651 3.312651 3.561100 2.463311 2.744775 5.921363 5.921363 5.879955 4.927568 5.300241 3.312651 3.312651 4.679119 3.141632 2.656593 3.768140 3.343930 4.844752 3.312651 3.312651 3.312651 3.312651 2.739917 2.528685 2.928973 3.155452 2.689637 2.419802 2.928499 2.525219 2.731483 2.750509 2.580565 2.863032 2.863032 2.580565 2.577927 2.464406 2.555723
2.463881 3.602508 2.697392 2.680672 4.596303 2.690695 4.265038 2.434877 2.793635 2.460125 2.806787 2.601360 2.740925 2.739263 5.797139 4.199635 3.312651 2.690483 3.312651 4.720527 3.312651 2.860204 3.561100 3.561100 2.577370 3.343930 2.688162 2.760725 2.923989 2.688162 2.466769 3.312651 3.312651 2.688838 2.683305 3.312651 3.312651 3.591417 3.312651 4.381257 5.465874 3.312651 3.312651 3.312651 3.312651 3.312651 3.663689 2.610559 2.541582 2.925122 2.897869 2.739162 2.596856 2.928499 2.485227 2.574807 2.429355 2.465704 2.884293 2.661928 2.577927 2.739917 2.925472
2.759812 2.577091 2.683305 2.573159 2.886707 3.312651 3.312651 2.639231 3.312651 2.795914 2.675622 2.618984 2.699036 3.312651 2.764987 3.312651 4.265038 3.312651 3.266170 3.312651 3.312651 3.413793 2.740925 2.753123 2.550512 3.312651 4.265038 3.389493 2.517813 3.312651 4.347854 3.312651 2.690483 3.312651 3.312651 3.312651 3.768140 3.312651 4.554895 2.662732 4.596303 3.591417 3.591417 3.312651 3.312651 3.312651 3.408173 2.747030 2.847767 3.312651 2.913189 2.928499 2.459667 2.928499 2.685544 2.926730 2.462695 2.929480 2.642371 2.921341 3.113079 3.312651 2.622051
2.596699 2.511480 2.520719 2.421747 2.758764 2.509055 3.312651 3.312651 2.660475 3.312651 2.407673 3.312651 2.827896 3.312651 3.312651 3.312651 3.312651 3.312651 2.662732 3.168969 2.580419 2.523629 3.933773 3.312651 3.312651 3.312651 3.312651 4.803344 2.686515 2.688651 3.312651 3.312651 2.690483 2.685242 3.312651 3.312651 3.312651 3.312651 3.312651 3.312651 3.312651 2.491194 2.600611 3.312651 2.569224 2.553449 4.099405 5.341649 3.312651 3.312651 2.913863 2.891134 2.525219 2.883435 2.458564 2.460525 2.581952 2.361349 2.891454 2.632654 2.423675 5.838547 5.838547
2.576171 2.573159 2.664379 2.606643 2.724324 3.517971 2.645413 3.312651 2.780619 3.155452 3.312651 3.312651 2.892786 3.312651 3.768140 3.312651 3.312651 3.312651 2.662732 2.668713 2.578257 2.384799 3.312651 3.312651 3.312651 3.809548 4.660496 4.660496 2.674223 3.413793 5.258833 5.341649 4.057997 3.231998 4.140814 2.916247 3.478283 3.312651 3.312651 3.685324 3.312651 5.631506 4.223630 3.312651 3.312651 2.698009 2.739917 5.383058 3.195092 5.548690 2.434157 2.519028 2.456117 2.450515 2.522729 2.464341 2.397246 2.645413 2.463235 2.577682 3.052328 5.300241 3.312651
2.441994 2.645168 2.582597 2.588866 4.389262 2.407761 2.581957 2.582597 2.599241 4.381257 5.093201 2.582115 2.690695 3.312651 3.312651 3.312651 3.312651 3.020130 3.312651 2.915800 2.545541 2.708821 4.513487 4.596303 4.430670 3.312651 3.312651 3.297608 3.287433 2.454014 2.890036 2.888596 2.820284 5.921363 3.360333 4.472079 4.007454 3.312651 3.312651 3.312651 3.312651 3.312651 3.312651 2.517813 2.590207 2.915800 2.525219 2.748503 2.887035 2.690695 3.312651 3.317048 2.678127 2.616223 2.456986 2.624718 2.450498 2.645413 2.451727 2.659142 2.689894 2.486691 5.838547
2.887905 2.887905 2.891596 2.928568 2.453737 2.642921 2.922728 2.754285 2.428733 2.753123 2.684474 2.684474 2.578026 2.625903 2.577538 2.594196 2.783005 2.704937 2.952089 2.367486 2.773479 2.525572 3.312651 5.465874 3.312651 3.312651 3.312651 3.067971 2.739917 2.454014 3.395467 2.522253 2.461326 3.312651 3.360333 3.602508 4.007454 2.718807 2.934320 2.934320 3.312651 3.312651 3.312651 3.312651 2.603964 3.312651 3.663689 2.533654 4.712825 3.343930 3.933773 4.182222 5.921363 2.627896 2.455088 2.891001 2.688838 2.889665 2.417839 2.606532 5.672915 3.312651 4.554895
2.736891 2.742761 2.650553 2.374903 2.374903 2.588866 2.588866 2.657555 2.891751 2.576890 2.640479 2.707316 2.663156 2.896751 2.600611 2.594196 2.644233 2.456986 4.430670 4.057997 3.312651 2.690274 3.312651 3.312651 3.312651 3.312651 3.287433 2.624008 2.771237 2.376349 3.354059 3.354059 3.312651 3.312651 3.312651 2.583151 3.360333 3.312651 3.312651 3.312651 2.522729 3.312651 3.312651 3.312651 3.726732 2.927172 2.928388 3.312651 3.663689 3.408173 2.670407 3.312651 2.674223 3.389493 2.622051 2.401504 2.524459 2.405693 2.639231 2.639231 2.463881 3.083311 5.797139
2.590423 2.577092 2.735557 2.657692 2.577611 2.445209 2.739162 2.886707 2.622833 2.439169 2.590135 2.885306 2.576470 2.723931 2.736219 2.673796 2.689036 2.519028 2.647283 2.515174 3.312651 2.683751 3.312651 2.379211 2.422896 3.312651 3.312651 3.312651 3.312651 3.312651 3.312651 3.312651 3.312651 3.312651 4.496472 3.312651 4.720527 3.850957 3.312651 3.312651 4.720527 4.554895 3.312651 4.057997 2.843881 2.491194 4.347854 2.674223 2.482718 2.390727 2.760725 2.927899 2.606532 3.312651 5.755731 2.505279 2.739917 2.450515 2.464341 2.598181 2.476139 3.083311 2.580297
2.806185 2.590423 2.600407 2.454014 2.924294 2.485227 2.767545 2.626576 2.888457 2.632654 2.769559 2.716261 2.767352 2.661548 2.841571 2.781412 2.831460 2.747065 2.929218 2.596699 2.630570 2.736076 2.603964 2.499832 3.312651 2.549497 2.929437 2.452146 3.312651 3.312651 3.312651 3.312651 3.312651 3.312651 3.312651 3.312651 4.223630 5.714323 3.312651 2.429355 4.720527 2.690173 2.521248 2.521248 3.312651 4.136748 4.554895 4.136748 2.689081 3.243692 2.743821 2.560835 3.591417 3.478283 2.600611 3.312651 5.258833 3.036381 2.897869 3.098347 2.570763 2.565848 2.476139
2.810520 2.661039 2.363076 2.577685 2.772458 2.656951 2.448832 2.591482 2.591482 2.621706 2.666319 2.593478 2.711012 2.742492 2.797703 2.841571 2.856494 2.804765 2.887035 2.596699 2.592176 2.581952 2.885306 2.797508 2.890870 2.576890 2.929437 2.509055 3.195092 3.195092 3.312651 3.312651 2.659142 3.561100 2.583151 2.583151 3.276953 3.312651 4.886160 3.312651 3.561100 2.462033 3.312651 3.312651 3.312651 5.010384 2.578024 3.663689 2.463194 4.554895 5.341649 3.312651 3.312651 3.312651 2.610559 5.051792 5.341649 3.276953 2.431213 2.466932 2.473805 2.656593 3.312651
2.602960 2.642987 2.448832 2.448832 2.448832 2.666811 2.917021 2.773668 2.616027 2.695725 2.755817 2.741941 2.589372 2.659459 2.795914 2.705022 2.589372 2.681129 2.483981 2.887035 2.769878 2.763708 2.732066 2.621706 2.582190 2.929150 3.312651 2.577813 2.577813 2.879189 2.618319 5.631506 2.504662 2.727784 2.612325 2.927899 2.392836 2.759812 2.723016 3.726732 2.395424 4.679119 3.312651 3.312651 3.354059 3.312651 3.312651 2.473384 2.523629 3.312651 3.312651 3.312651 2.670942 2.635465 3.360333 3.287433 2.561343 2.561343 4.554895 2.428733 5.797139 3.873468 3.312651
2.578026 2.561359 2.436682 2.448832 2.448832 2.750379 2.581020 2.913189 2.616027 2.756629 2.800778 2.790692 2.615240 2.594097 2.694105 2.746069 2.747397 2.597589 2.628407 2.582190 2.705022 2.695433 2.632654 2.674167 2.577611 2.525572 2.577813 2.718807 2.399384 2.689415 3.312651 3.312651 5.010384 3.933773 2.520719 4.199635 3.083311 2.759812 2.409985 2.409985 2.622051 3.312651 3.312651 3.312651 3.354059 3.312651 3.312651 3.312651 3.312651 2.523629 2.758057 3.312651 3.141632 4.389262 3.726732 4.637711 2.516528 3.561100 5.051792 3.517971 3.368079 3.643916 3.312651
2.448832 2.436682 2.863032 2.508211 2.448832 2.772458 2.448832 2.574458 2.616027 2.800778 2.800778 2.780506 2.780506 2.749303 2.695433 2.694105 2.747397 2.748489 2.580345 2.739983 2.695433 2.578257 2.771399 2.674167 2.421747 2.597876 2.915800 2.788113 3.312651 2.891458 3.312651 2.523187 2.625684 3.312651 2.454953 3.326313 2.916247 2.777243 2.387524 2.746730 2.746730 4.844752 3.312651 5.755731 4.472079 3.312651 3.312651 3.312651 3.312651 3.312651 3.312651 3.312651 3.389493 2.879189 2.688838 4.057997 3.312651 3.424120 4.389262 2.645413 4.660496 3.312651 4.660496
2.652385 2.854326 2.863032 2.500833 2.500833 2.500833 2.821810 2.582190 2.736076 2.593227 2.660534 2.621706 2.749303 2.748133 2.695847 2.747397 2.694105 2.669436 2.593227 2.594990 2.741052 2.775418 2.742761 2.666811 2.741626 2.594045 2.666811 2.360658 2.577370 2.762542 2.588866 2.929598 2.929598 4.927568 2.541582 2.384799 2.574393 2.581523 2.392836 2.593858 2.656593 3.312651 2.684474 3.396023 3.312651 3.809548 4.761936 4.496472 3.312651 3.312651 5.424466 4.347854 4.381257 3.312651 3.382659 2.801428 5.176017 3.941048 4.472079 3.602508 3.297608 4.712825 3.312651
2.448832 2.748350 2.629313 2.854326 2.508211 2.448832 2.596074 2.589372 2.929320 2.747397 2.747397 2.741626 2.749303 2.780506 2.621706 2.744243 2.593227 2.707741 2.593227 2.695433 2.769878 2.759377 2.593703 2.448832 2.792181 2.891839 2.676644 2.695433 2.754480 2.904003 2.650491 2.694902 2.784313 2.746730 2.873312 4.660496 2.619956 2.600704 2.645413 2.438470 2.656593 3.312651 3.892365 5.093201 2.467050 2.690555 2.450498 2.463311 3.312651 3.478283 2.684474 3.312651 3.312651 3.312651 3.312651 2.511480 3.312651 3.375520 2.689764 4.679119 3.312651 3.312651 3.312651
2.448832 2.748350 2.666811 2.448832 2.436682 2.448832 2.577611 2.888446 2.807455 2.772702 2.728760 2.590702 2.780506 2.590702 2.800778 2.780506 2.594571 2.738274 2.753797 2.636825 2.694105 2.615049 2.714063 2.887035 2.577611 2.581915 2.578257 2.695433 2.720182 2.654471 2.775418 2.599335 2.576995 2.473805 2.873312 4.552320 3.312651 5.631506 2.914523 2.413860 5.010384 3.643916 3.396023 3.312651 3.312651 2.887946 2.688162 2.573159 2.596699 3.312651 3.312651 3.312651 3.312651 3.312651 3.428828 2.712566 2.639539 2.511480 5.921363 4.321889 4.223630 3.312651 3.312651
2.448832 2.594494 2.745273 2.582030 2.817951 2.925808 2.577611 2.577685 2.861823 2.861823 2.786233 2.775418 2.695433 2.590702 2.721163 2.597589 2.669436 2.593227 2.593227 2.748489 2.748489 2.660534 2.588435 2.632485 2.891839 2.744528 2.805814 2.754480 2.577919 2.773256 2.771399 2.861823 2.880847 2.639231 3.312651 3.276953 3.276953 3.312651 5.300241 2.880847 3.312651 3.312651 3.036381 2.627896 2.671303 2.887514 2.688651 2.886721 4.552320 4.182222 3.312651 3.312651 2.683751 3.312651 3.312651 2.513749 2.676971 3.312651 3.809548 4.472079 2.577096 4.679119 3.312651
2.807455 2.807455 2.624426 2.657555 2.591294 2.448832 2.772458 2.614372 2.764987 2.575754 2.775688 2.818331 2.705022 2.748489 2.642921 2.748489 2.597589 2.621706 2.597876 2.577611 2.590702 2.592176 2.764268 2.591294 2.772458 2.565132 2.748350 2.508211 2.592927 2.592927 2.792484 2.746651 2.421747 2.681967 2.643497 2.748489 2.500833 3.352284 3.312651 4.381257 3.255083 5.797139 5.714323 3.312651 2.682714 2.887514 2.900490 2.477489 2.690483 2.683305 2.690808 5.838547 2.683751 3.312651 3.312651 2.714413 2.846422 2.367486 2.689637 4.016589 5.010384 4.430670 4.199635
2.766256 2.786345 2.624426 2.632869 2.697215 2.602214 2.635465 2.745070 2.577611 2.657555 2.707752 2.779088 2.772702 2.591103 2.887021 2.577611 2.669436 2.574458 2.578257 2.593227 2.577611 2.929355 2.887035 2.704768 2.657692 2.739983 2.741626 2.741626 2.928113 2.577611 2.802466 2.746651 2.929632 2.681967 2.519609 2.735373 2.906162 2.969555 3.312651 5.383058 4.140814 2.817951 2.690808 2.649195 2.870053 2.515860 2.426833 3.850957 3.850957 3.312651 3.892365 3.312651 3.312651 2.373441 3.312651 2.887339 2.515860 3.312651 3.312651 3.312651 3.312651 3.312651 3.312651
2.689637 2.624426 2.594494 2.573376 2.508211 2.605183 2.735557 2.745070 2.766256 2.577611 2.707752 2.602214 2.645168 2.645168 2.603707 2.578257 2.590482 2.578257 2.773438 2.663750 2.735373 2.438470 2.926730 2.577611 2.578257 2.577611 2.746200 2.739983 2.603496 2.739983 2.577611 2.820260 2.448832 2.448832 2.448832 2.517179 2.517813 2.627495 3.892365 3.312651 4.554895 4.554895 2.737550 5.341649 3.312651 2.376349 3.312651 5.010384 3.312651 3.312651 2.969555 3.312651 3.312651 3.312651 2.895781 2.664804 3.312651 3.312651 3.312651 3.312651 3.312651 3.312651 3.312651
