Example_Watersheds/WA_MashelWatershed/DataInputs/o_3_ChemistryPools/Mashel_1990_Pools/N_g_BgStem.asc
ncols         923
nrows         455
xllcorner     550005.67551598
yllcorner     5180549.8134422
cellsize      30
NODATA_value  -9999
[rows 112 to 139 of 455, columns 819 to 881 of 923]
1.645156 1.039638 0.941095 0.277056 1.882393 1.005202 0.377084 1.174603 0.232156 1.247944 0.528489 0.735112 0.722728 0.585929 3.536548 0.781577 0.474463 0.678050 0.707120 3.067340 2.511503 3.103679 3.259866 3.067340 1.120790 1.778068 1.778068 2.950406 0.389225 0.560064 0.339399 0.630860 0.682529 0.452608 0.473430 0.517520 1.767069 1.320128 2.153070 0.784971 1.128115 0.740787 0.506510 0.791756 1.152561 0.770258 0.770258 0.664596 1.364347 2.146818 1.120790 1.789070 1.180732 0.481027 0.481027 0.182665 0.364301 3.760649 2.971980 2.531746 3.566011 3.812790 4.124954
0.670204 0.359415 0.739652 0.418593 0.476572 2.571007 4.778897 2.670103 0.377084 2.622491 2.404653 2.404653 0.540507 1.299314 3.150225 0.761196 0.273028 1.472266 0.876553 0.876553 2.576077 1.881122 2.710178 2.318113 1.982390 0.871868 1.605659 0.670204 0.465142 0.328068 0.303641 0.225155 0.231264 0.544865 0.560064 0.624095 1.039638 1.876035 0.740787 0.791756 1.094298 0.740787 0.427178 0.758930 0.782708 0.565472 0.565472 0.770258 0.884752 0.754396 1.765847 1.326254 0.514222 0.491025 1.650297 0.182665 1.230825 5.477816 2.297440 2.531746 4.433098 3.812790 4.124954
0.609428 0.422892 0.472397 2.368381 0.137418 0.249940 3.740545 2.882277 3.139752 2.404653 3.099918 3.099918 3.599082 0.587001 2.921258 2.357091 0.561146 0.431450 0.771390 0.771390 2.576077 2.256107 2.582398 1.233269 0.990941 1.064577 1.764625 0.670204 0.182665 0.373933 0.244472 0.194396 0.234425 0.483251 0.560064 1.123231 1.294420 2.003434 1.056262 0.741921 0.789495 1.670880 0.741921 0.367211 0.627478 0.680290 0.605170 0.843771 0.861330 0.805318 0.907015 0.775918 0.608364 0.533958 0.973126 0.967191 1.600751 2.956750 2.531746 4.350376 4.451167 3.812790 4.141478
0.812094 0.681410 0.571948 0.971939 0.555729 2.569740 4.942120 2.809970 3.922696 2.404653 3.918672 2.645062 1.763404 0.587001 0.579485 0.771390 0.431450 0.853135 1.152561 3.550755 2.421582 2.591164 3.259866 3.748585 0.808706 1.665731 0.921081 0.339399 0.322843 0.292710 0.297105 0.220108 0.211154 0.240039 0.394710 1.277304 1.488518 2.314220 1.389050 0.500989 0.637618 1.670880 0.732842 0.612808 0.542687 1.056262 1.926766 0.889438 1.013526 1.336062 0.472397 0.517520 1.152561 0.551389 1.371754 1.555401 1.230825 2.882277 2.882277 4.942120 2.531746 3.506640 3.764672
0.711583 0.544865 0.415360 0.989752 3.344073 3.753946 2.850904 2.531746 2.971980 2.253676 2.243953 2.023666 1.555401 0.804188 1.085973 0.317570 0.134066 0.876553 1.249167 3.304999 3.550755 2.961826 2.040120 2.040120 2.040120 1.488518 2.021136 1.148891 0.389225 0.367211 0.230066 0.881238 0.942280 1.464771 0.877724 1.549279 1.436098 0.803058 0.444185 0.397990 0.662351 0.923426 0.986189 0.452608 0.619582 1.056262 2.201988 2.591164 1.211285 0.629733 0.629733 0.615066 0.428247 3.476663 0.805318 0.973126 3.226602 2.661342 4.061224 4.942120 4.451167 3.812790 4.202307
1.205184 1.205184 0.455753 0.381511 2.691388 3.531345 2.882277 3.432151 2.328498 2.716443 2.589912 2.023666 2.539340 2.074338 0.541597 0.541597 0.367211 0.456799 1.006391 1.203964 2.591164 3.103679 2.139320 1.780512 2.040120 1.265082 3.024220 1.835562 0.431450 0.332215 0.736247 0.881238 1.412556 0.591287 2.355790 1.567649 0.594497 0.653367 0.444185 0.296009 0.339399 0.377084 0.697070 0.697070 0.352495 0.469293 1.005202 0.740787 2.716443 0.983813 1.344649 0.713813 0.936353 3.017837 2.155576 1.819650 3.614514 4.380790 2.624998 2.297440 3.148916 4.448456 1.566424
1.668305 1.213726 0.735112 0.381511 1.219831 3.846002 4.693477 2.464965 2.798810 2.716443 2.645062 2.589912 3.704395 2.708925 2.673859 1.584807 0.372978 0.456799 0.771390 1.200305 1.089540 2.155576 2.961826 1.780512 1.376694 1.538263 0.636492 0.389225 0.317570 0.466181 0.733977 1.126894 0.782708 2.491364 4.556493 2.265831 1.157456 0.477687 0.508715 0.506510 0.339399 0.506510 0.929289 1.037264 0.506510 1.170927 1.424942 1.108591 2.511503 0.389225 0.782708 0.664596 2.977058 3.369394 3.330205 3.320121 3.230293 2.155576 2.065461 2.557069 3.398813 1.451040 1.451040
1.405129 2.150568 1.081217 0.611678 0.503198 1.006391 3.155463 3.477973 1.251614 1.530923 3.617153 4.451167 3.375787 4.134586 3.074857 0.717158 0.507613 0.219082 0.808706 1.299314 1.188091 1.824545 3.067340 1.342195 1.961364 1.101436 0.367211 0.367211 0.389225 0.779314 0.389225 2.005961 1.487268 1.529700 1.426181 1.019467 2.937722 2.061658 0.506510 0.983813 0.506510 0.983813 1.172152 0.983813 0.758930 1.082405 1.119569 0.583783 0.506510 0.389225 0.782708 1.051511 2.054054 3.103679 3.219219 3.219219 1.819650 1.392759 3.057320 2.396189 3.106186 3.097412 1.453536
0.889438 0.364301 0.574104 0.431450 2.607451 2.768664 3.082374 2.252461 2.947869 1.735210 2.716443 2.357091 2.642554 3.812790 1.652867 0.541597 0.512020 0.219082 0.368177 0.368177 0.808706 2.309031 2.155576 2.627506 2.433674 2.961826 0.782708 0.466181 0.389225 1.590938 0.442071 0.433581 0.573026 1.314003 0.821123 1.019467 4.042640 5.098511 1.219831 0.655614 0.523010 0.627478 1.172152 0.730571 0.644372 1.222273 0.396898 0.396898 0.389225 0.389225 1.730304 0.506510 2.136821 2.660091 2.627506 1.128115 1.372989 0.707120 3.755287 3.020390 3.243012 1.665731 2.340189
0.629733 0.423965 0.730571 0.354482 5.526343 2.327200 2.956750 2.252461 4.318715 2.446122 1.437338 0.450507 0.450507 2.947869 2.357091 0.437832 0.489915 0.448403 0.543776 0.397990 1.476015 2.309031 1.323803 3.259866 6.379312 2.591164 0.466181 0.506510 0.519717 0.857817 0.733977 0.566552 0.357447 0.692599 0.276054 2.655085 2.790132 1.877307 1.072896 0.951767 1.172152 0.389225 0.482139 0.562228 0.427178 0.356461 0.409955 0.396898 0.551389 0.389225 1.427420 1.615644 1.615644 0.754396 0.699304 0.923426 0.973126 0.757796 1.345876 3.067340 3.097412 3.450471 2.315517
0.629733 0.907015 0.610548 1.141555 0.279050 4.790163 2.297440 3.922696 2.267046 2.622491 5.088242 0.416439 0.756663 3.705674 0.454705 0.336331 0.484363 0.387025 0.219082 0.254255 0.533958 2.345388 0.637618 0.971939 2.776322 2.591164 0.466181 0.468256 0.466181 0.506510 0.721614 0.721614 0.667962 0.919909 0.401264 0.616195 2.582398 2.312922 1.153785 0.829020 1.528476 0.506510 0.446296 0.367211 0.189369 0.134066 0.388125 0.432515 0.630860 0.844941 1.031330 0.976688 1.031330 0.754396 0.910531 0.627478 0.589145 0.805318 0.594497 0.594497 3.048490 3.812790 2.591164
0.335305 0.551389 0.670204 0.435708 0.980250 0.805318 3.278028 0.579485 1.817202 1.808638 0.985001 0.678050 1.128115 0.621839 0.553560 0.361375 0.165907 0.450507 0.419669 0.159204 0.753262 2.591164 0.341434 0.932807 0.932807 2.627506 2.040120 0.857817 0.471363 1.023025 1.153785 0.782708 0.667962 2.028727 0.616195 3.077362 1.613081 1.715589 0.680290 0.829020 0.508715 0.506510 0.339399 0.339399 0.144121 0.134066 0.388125 0.855476 0.506510 0.996882 0.583783 0.583783 0.506510 0.437832 0.516421 0.910531 0.782708 0.910531 0.805318 0.627478 3.281921 3.680102 3.550755
0.561146 0.491025 0.491025 0.589145 0.967191 0.805318 0.528489 0.735112 1.368050 0.625223 0.224156 0.678050 0.441012 2.051520 0.448403 0.457845 0.457845 0.551389 1.601978 0.758930 0.285928 0.673568 1.743799 0.528489 2.424000 2.627506 0.964817 0.389225 0.784971 1.153785 1.812308 0.782708 1.841746 1.613081 2.795091 1.376694 1.322578 1.663157 0.506510 0.948209 0.689244 0.627478 0.656737 0.435708 0.396898 0.227135 0.134066 0.824508 0.648870 1.474765 0.636492 1.667018 1.993527 0.517520 0.396898 1.049136 1.049136 0.941095 0.876553 1.370519 1.353244 3.992180 3.680102
0.405616 0.320739 1.682475 0.390324 0.967191 0.661229 0.697070 0.735112 3.961598 2.219571 0.884752 0.476572 1.449793 0.277056 0.808706 0.134066 0.555729 1.096677 1.601978 0.159204 1.656725 1.740118 0.647746 0.478800 1.705783 0.921081 0.680290 0.506510 1.202744 0.389225 0.521913 0.573026 2.761008 1.469767 1.391523 1.153785 0.782708 1.361879 1.363113 1.031330 1.570099 1.663157 0.235554 0.303641 0.134066 0.140770 0.339399 0.454705 0.910531 1.152561 0.844941 1.812308 1.812308 0.506510 0.506510 0.566552 0.443128 0.941095 0.680290 1.125673 3.040824 3.550755 3.680102
0.276054 0.454705 0.482139 0.671326 0.592358 0.663474 1.436098 2.487592 3.832771 2.936454 2.215802 1.530923 1.566424 0.526299 0.990941 0.470328 0.667962 3.550755 0.757796 0.260630 0.219082 2.164351 0.574104 1.091919 2.115591 0.964817 0.857817 0.642121 0.642121 0.680290 0.389225 0.570870 0.343462 1.387814 1.140332 0.983813 0.782708 0.341434 0.566552 0.317570 0.397990 0.371063 0.272013 0.303641 0.134066 0.172610 0.372978 0.260630 0.426108 0.506510 0.844941 1.509801 1.342195 0.437832 0.437832 0.437832 0.996882 0.643246 1.031330 0.339399 0.341434 2.635029 3.550755
0.528489 0.330145 0.470328 0.848453 0.672447 4.063880 5.467991 4.500238 0.371063 0.142445 2.872223 0.333247 0.385924 0.516421 0.261681 0.470328 0.699304 1.390287 0.727182 0.247763 0.247763 0.134066 1.449793 0.302556 0.505406 1.042012 0.836912 1.294420 1.071707 0.680290 0.919909 0.414281 1.375459 1.663157 1.387814 0.487696 1.375459 3.038269 0.466181 0.741921 0.213872 0.274040 0.134066 0.259576 0.346490 0.248853 0.253181 0.339399 0.339399 0.377084 0.941095 1.039638 1.072896 1.365582 1.114689 0.505406 0.570870 0.615066 0.741921 0.925771 0.349501 2.501427 3.992180
0.427178 0.330145 0.525203 1.087162 0.529584 5.289966 4.921815 0.695952 0.371063 0.280042 0.257458 0.540507 1.449793 1.355711 0.278055 0.243369 0.466181 0.134066 0.416439 1.148891 0.134066 0.894125 0.599839 1.499782 0.408872 0.560064 1.044387 1.263857 0.680290 0.883581 1.214947 1.024212 0.964817 1.637450 1.434858 1.387814 2.376844 4.053258 1.570099 0.473430 0.328068 0.279050 0.134066 0.134066 0.371063 0.249940 0.513121 0.339399 0.395804 0.506510 1.342195 0.739652 1.072896 0.389225 0.627478 0.627478 1.049136 0.506510 0.910531 1.353244 1.576226 2.501427 3.535247
0.442071 0.702655 0.714928 0.808706 0.265853 0.536143 4.483721 2.755906 2.487592 4.659949 3.425694 2.357091 0.561146 0.724955 0.514222 0.134066 0.964817 0.134066 1.284637 0.515322 1.065765 0.257458 0.438893 0.339399 0.815481 0.836912 0.227135 0.857817 0.466181 0.917564 1.474765 2.870966 2.870966 3.220450 1.375459 1.009958 2.524153 2.338890 5.098511 1.170927 0.328068 0.134066 0.134066 0.134066 0.384822 0.269973 0.396898 0.339399 0.219534 0.513121 0.680290 0.782708 0.932807 0.389225 0.627478 0.422892 0.782708 0.506510 0.844941 3.005073 3.005073 4.764418 3.304999
0.419669 0.583783 0.531772 0.610548 0.397990 0.327027 1.201524 1.289528 2.793851 3.897496 4.017437 2.541873 2.508976 0.134066 0.182665 0.496564 0.932807 3.103679 3.103679 0.515322 0.237803 1.400180 0.339399 0.307961 0.307961 0.544865 0.832403 0.235554 0.468256 0.964817 0.680290 1.028957 4.507493 3.220450 2.743153 4.800274 3.040824 1.708234 0.667962 0.210681 0.137418 0.134066 0.140770 0.134066 0.330145 0.676929 0.317570 0.406702 0.134066 0.232156 0.619582 0.513121 0.513121 0.983813 0.389225 0.506510 0.506510 0.389225 1.294420 0.857817 1.797630 3.236532 2.591164
0.576258 0.561146 0.646621 1.543158 1.608113 0.327027 0.518619 1.374224 2.438588 0.333247 2.541873 0.694834 2.508976 0.134066 0.144121 0.634240 0.134066 0.134066 0.656737 1.210064 0.296009 0.201099 0.653367 0.266888 0.466181 0.414281 0.364301 0.397990 0.680290 0.680290 0.367211 0.799669 2.785174 2.743153 4.351698 2.003434 4.800274 0.964817 0.212814 0.167583 0.134066 0.134066 0.134066 0.165907 0.372978 0.278055 0.293811 0.396898 0.219534 0.164231 0.539417 0.339399 0.339399 0.731706 0.832403 0.389225 0.389225 0.389225 0.964817 2.803770 5.122573 0.619582 1.604432
0.981438 0.412120 0.643246 0.757796 1.051511 0.450507 3.227832 5.785530 0.333247 0.425037 2.441100 4.562123 4.689115 0.371063 0.420745 0.202775 0.199424 0.134066 0.159204 0.515322 0.283979 0.333247 0.236680 0.478800 0.397990 0.443128 0.189369 0.537235 1.374224 0.680290 0.466181 0.528489 0.750995 3.468803 1.311554 1.858247 1.858247 0.815481 0.305805 0.134066 0.134066 0.134066 0.134066 0.134066 0.372978 0.357447 0.494350 0.974313 0.466181 0.477687 0.533958 0.339399 0.191044 0.162555 1.012337 0.389225 0.680290 0.506510 0.964817 3.667321 3.198304 0.739652 1.434858
0.372022 0.372022 0.267919 0.538326 1.503538 0.989752 0.226148 4.134586 2.545671 1.471016 2.564671 3.610557 4.016111 0.187693 0.134066 0.202775 0.180989 0.179314 0.466181 0.372978 0.249940 0.321792 0.334277 0.478800 0.773654 0.388125 0.233292 0.466181 0.660106 0.660106 0.999259 0.466181 0.274040 0.816609 0.638744 0.803058 0.412120 0.815481 0.289786 0.177638 0.134066 0.137418 0.421819 0.297105 0.372978 0.220108 0.477687 0.339399 0.293811 0.873039 0.335305 0.339399 0.191044 0.150825 0.389225 0.437832 0.437832 0.506510 0.389225 1.376694 3.851149 3.304999 1.456032
0.714928 0.367211 0.267919 0.134066 0.289786 0.337355 0.476572 1.677320 3.835437 1.471016 2.541873 2.508976 0.741921 0.306884 0.159204 0.150825 0.180989 0.179314 0.305805 0.220108 0.387025 0.387025 0.232156 0.259576 0.265853 0.737382 0.737382 0.909359 0.944651 1.044387 0.740787 0.466181 0.197748 0.355472 0.638744 0.172610 1.255286 0.201099 0.249940 0.134066 0.134066 0.134066 0.134066 0.246669 0.249940 0.455753 0.275048 0.293811 2.008490 0.396898 0.513121 0.251024 0.209479 0.286897 0.244472 0.389225 0.389225 0.560064 0.566552 3.106186 3.729980 3.253382 1.600751
1.562749 0.342449 0.134066 0.159204 0.325984 0.419669 0.533958 2.549470 1.926766 1.715589 0.735112 2.155576 1.230825 0.466181 0.134066 0.134066 0.336331 0.202775 0.222885 0.236292 0.217014 1.814755 0.318628 0.231032 0.142445 0.737382 0.537235 1.088351 1.265082 1.443557 0.638744 0.466181 0.365273 1.932941 0.670204 0.541597 0.294911 0.257458 0.134066 0.134066 0.134066 0.134066 0.134066 0.134066 0.269973 1.368050 0.374886 0.454705 2.008490 0.500989 0.305805 0.237968 0.369141 0.339399 0.389225 0.389225 0.843771 0.389225 0.952953 1.488518 1.718041 1.915495 1.600751
0.134066 0.352495 0.226237 0.496564 2.836016 0.606235 0.378192 0.791756 1.533369 2.759733 0.431450 0.134066 0.456799 1.577452 0.394710 0.219082 0.211154 0.334277 0.219082 0.236292 0.317570 0.285928 0.318628 0.246669 0.249940 0.219082 0.737382 1.088351 1.265082 1.108591 1.489769 1.108591 0.192720 0.192720 1.720493 0.339399 0.466181 0.347496 0.253181 0.134066 0.134066 0.134066 0.145797 0.359415 0.357447 0.620710 0.339399 0.806447 0.764595 0.321792 0.237968 0.186017 0.339399 1.112249 0.389225 0.389225 0.389225 0.506510 0.674688 0.875382 0.875382 0.853135 1.265082
0.347496 0.234616 0.357447 0.226148 0.571948 0.427178 0.378192 0.468256 0.536143 1.106195 0.425037 1.567649 0.372978 1.577452 3.248197 0.227913 0.189369 0.219082 0.219082 0.219082 0.317570 0.259576 0.272013 0.318628 0.134066 0.134066 0.134066 0.619582 0.438893 1.085973 0.619582 0.814352 0.537235 0.343462 0.279050 0.691480 0.466181 0.466181 0.134066 0.217014 0.134066 0.134066 0.234425 0.269973 0.278055 1.107385 0.389225 1.180732 0.513121 0.201099 0.328068 0.261681 0.339399 0.339399 0.466181 0.389225 0.389225 0.328068 0.339399 0.477687 0.477687 0.999259 0.506510
0.134066 0.159204 0.427178 0.229095 0.402353 0.887095 0.537235 0.745324 0.553560 0.226237 4.005486 8.241970 1.698431 2.508976 3.896208 0.254255 0.312250 0.494350 0.494350 0.257458 0.466181 0.213872 0.187693 0.134066 0.226237 0.369141 0.207803 0.775918 0.533958 1.064577 0.777050 0.579485 1.567649 0.340417 0.269973 0.580560 0.339399 0.301470 0.352495 0.169259 0.134066 0.134066 0.236680 0.620710 0.782708 0.506510 1.474765 1.919318 1.424942 0.191044 0.167583 0.223152 0.241153 0.466181 0.358432 0.389225 0.339399 0.396898 0.494350 0.477687 0.362353 0.471363 0.752129
0.975500 0.217858 0.357447 0.134066 1.775623 1.164802 1.309105 0.521913 3.432151 0.989752 0.577334 0.874210 4.029373 2.607451 0.942280 0.134066 0.159204 0.597703 1.343422 0.263774 0.134066 0.292710 0.234425 2.970710 0.134066 0.211154 0.374886 0.835785 0.558981 0.420745 0.921081 0.861330 1.583581 0.226237 2.717696 1.333610 0.564391 0.564391 0.474463 0.134066 0.246669 0.134066 0.134066 0.390324 0.962444 0.506510 1.418747 1.007580 0.389225 0.313318 0.273028 0.304724 0.855476 0.299291 0.389225 0.389225 0.444185 0.339399 0.339399 0.432515 0.305805 0.293811 0.666840
