Example_Watersheds/WA_MashelWatershed/DataInputs/o_3_ChemistryPools/Mashel_1990_Pools/N_g_Det_BgStem_1.asc
ncols         923
nrows         455
xllcorner     550005.67551598
yllcorner     5180549.8134422
cellsize      30
NODATA_value  -9999
[rows 308 to 335 of 455, columns 0 to 62 of 923]
0.862532 2.570700 5.484165 3.455884 1.035327 3.814531 4.865864 4.538011 4.434484 5.325305 2.286237 4.140531 4.421682 5.301871 4.176784 2.603354 6.711530 6.711530 3.859299 3.591807 0.807106 3.163923 4.249860 4.363766 5.270589 5.327644 6.456725 2.304104 3.761154 3.239244 2.915530 5.561063 5.609678 4.265914 4.182997 3.859299 2.852983 2.398949 5.605628 5.878942 5.788948 3.859299 3.859299 6.682271 6.427562 6.248106 4.186080 4.641110 3.358366 5.595731 5.710046 2.443988 6.492215 5.879779 4.031166 1.352807 1.847244 4.147821 2.646092 3.241338 4.408565 3.026608 4.899047
1.352807 3.829427 5.050478 2.973365 4.641110 2.928298 3.814531 3.947361 4.572559 4.572559 4.434484 3.611863 3.563912 4.771526 5.553404 4.549939 3.131111 4.872365 4.742355 5.150109 0.840588 3.170892 4.249860 3.643434 4.637716 5.327644 3.580344 2.123486 1.766956 3.239244 2.710275 3.184641 4.230405 3.731609 5.325305 2.304104 2.852983 2.889384 2.436386 3.222243 5.117642 5.450594 4.438194 5.325305 6.248106 6.427562 5.642869 5.880200 3.133283 5.022749 5.349301 6.248106 4.872365 1.417536 0.957354 2.594902 3.111274 3.380293 2.900377 4.726485 2.849599 2.712204 2.942935
0.708036 0.708036 4.701076 3.455884 4.985562 2.973365 3.320357 0.818826 4.377903 5.313552 5.325305 4.959203 3.591807 2.708341 3.131111 4.549939 2.307311 6.020589 2.846196 3.006638 3.207003 4.923485 6.233282 2.582899 5.279400 5.561063 2.328898 2.650243 3.504161 3.504161 3.524665 3.265924 2.186621 5.600172 5.161604 3.632556 3.767726 5.966564 3.161587 4.676873 4.130613 5.847432 5.607144 6.427562 5.036676 4.568713 3.093194 3.954542 4.170507 3.912399 4.453099 6.427562 3.767726 0.825694 0.957354 1.888263 1.888263 4.091404 2.844487 3.415376 3.241338 3.493690 5.296810
1.650711 0.759154 4.595134 5.472041 3.769896 2.024061 1.075549 1.037559 5.325305 5.313552 5.733795 5.733795 3.453115 3.600812 1.214405 2.568941 2.352388 2.572455 0.978043 1.091551 3.869514 3.869514 5.553404 2.568941 5.463648 5.561063 2.764529 4.554573 3.353404 4.627391 3.109037 2.175364 4.135600 3.173201 5.874896 5.880031 3.904596 4.170507 5.179937 5.161812 4.130613 6.456725 5.865491 5.825776 5.017089 4.003440 2.814699 3.954542 5.606534 5.606534 4.822181 3.115728 6.507904 0.812350 2.205902 5.488082 2.099238 3.554320 3.488399 5.000492 2.406691 4.408565 1.090479
0.792065 3.829427 4.291393 4.437636 4.348107 2.392695 3.726909 4.195232 3.682764 5.733795 4.303534 4.889399 2.688749 2.688749 5.281499 3.453115 0.708306 3.207003 2.684775 0.850719 3.659444 3.090904 5.044643 6.464326 6.571338 5.277259 2.764529 3.859299 3.083997 3.591807 6.507904 5.242959 2.026588 3.173201 6.560808 4.236043 3.859299 3.859299 4.022051 3.899333 6.497830 3.859299 5.644225 5.603474 3.859299 3.940071 5.301871 3.859299 4.905332 4.040153 5.609833 5.855761 2.734989 3.869514 1.888263 6.517397 2.540251 2.594902 2.712204 2.594902 3.247578 2.267983 0.923587
0.711534 3.967998 4.525592 4.434484 1.722627 2.392695 4.360182 4.641110 2.368763 3.509342 4.037171 3.213576 3.820526 5.733795 2.375219 0.852201 1.352807 1.506561 0.933786 0.850079 0.796535 2.380026 5.506738 4.080410 6.078396 4.727641 4.052264 6.571338 4.040153 5.601572 4.438194 5.874896 4.782669 4.782669 5.258295 6.223119 3.859299 4.201254 5.857354 3.859299 3.859299 6.120503 6.030155 5.644225 5.021055 5.354777 3.859299 3.859299 3.859299 5.597023 5.510284 4.631159 0.825694 2.646092 2.064226 2.902559 3.122360 4.408565 2.712204 4.471006 4.216029 4.216029 1.881783
2.631339 0.759154 3.729264 2.051344 2.932508 3.375477 2.371998 4.263278 3.060544 5.036676 4.037171 4.752459 5.087068 3.782700 3.453115 2.171097 0.765636 2.521818 2.521818 0.759440 2.422932 6.050421 3.784798 4.308278 5.459359 5.459359 5.403018 3.859299 5.403018 6.030748 3.859299 6.603559 6.427562 5.880031 3.859299 4.293470 6.264687 4.218936 4.218936 5.245677 4.437636 6.435005 6.802014 5.852616 5.021055 2.837603 4.491005 3.859299 5.966564 5.722144 6.618548 4.631159 2.646092 2.646092 3.380293 2.064226 5.608964 4.324382 4.747454 3.184641 2.012579 2.409764 3.380293
5.325305 1.864691 5.558572 4.465115 4.405237 2.142025 4.025103 3.392191 5.219730 5.219730 3.611863 3.147421 2.375219 1.326740 2.698604 1.133285 3.778473 3.026608 3.026608 0.708306 3.719783 2.327194 2.120289 2.554725 6.727296 6.435005 3.859299 6.705532 5.878356 5.692466 3.859299 6.509776 5.876849 6.435005 3.859299 5.788948 6.609049 4.218936 5.323539 3.859299 5.245677 3.859299 6.265293 5.030779 3.859299 5.027654 5.650088 5.869653 5.523844 6.508745 2.867973 0.977577 2.186621 2.611705 1.863362 4.072017 3.514486 4.408565 4.810601 3.239244 1.722627 0.799911 3.561527
5.499462 4.641110 5.382294 5.382294 2.915530 3.193669 1.803802 3.046157 4.966743 5.219730 4.754925 4.063497 4.152611 2.451529 3.453115 3.079359 1.352807 3.869514 1.427337 1.352807 3.844019 1.305498 3.547030 6.447213 5.788948 5.161812 5.879922 5.838820 6.618548 5.354777 5.258649 3.859299 6.248106 4.286425 3.859299 3.859299 6.340120 3.605260 5.733795 5.876849 3.859299 3.859299 4.810601 5.874352 6.483914 5.403018 5.861645 6.509176 5.253584 1.771967 1.048028 2.279644 2.274666 0.841261 2.989073 3.304642 3.380293 3.241338 3.195909 1.965612 2.729355 2.466426 3.561527
3.041309 4.437636 4.437636 1.035327 2.286237 0.708375 2.095957 2.534757 3.591807 2.190798 5.871131 2.120289 2.462725 2.120289 2.031613 2.069303 2.698604 1.041359 3.079359 1.658865 3.922632 6.802014 2.477437 5.517188 4.186080 5.065330 4.004023 3.859299 5.818585 3.859299 3.859299 3.859299 4.453099 5.065330 3.859299 6.497921 3.859299 6.440041 5.491937 5.306536 3.859299 3.859299 6.560808 3.859299 5.574706 5.550727 5.607144 3.222243 5.253584 1.207632 1.138219 2.055706 3.488399 3.304642 3.380293 3.304642 4.686128 4.686128 3.380293 1.965612 3.333230 2.538424 3.648812
3.714981 1.002038 1.836331 1.514196 1.035327 1.035327 4.348107 3.726909 5.325305 3.682764 3.682764 4.301138 5.620541 4.486435 2.357336 2.869615 2.488308 0.753004 0.770278 2.698604 4.440767 1.775706 1.775706 4.308278 3.758943 3.627055 6.126637 3.859299 5.256137 5.451260 3.859299 3.859299 5.609761 5.780706 3.859299 3.859299 6.495789 5.015798 6.509776 5.644225 5.644225 3.859299 4.123025 6.246450 5.172728 2.872883 2.702513 3.046157 0.767423 3.514486 3.514486 1.856683 3.488399 3.488399 3.488399 3.488399 4.810601 3.380293 2.466426 3.113504 2.312097 3.504161 4.182997
3.767726 1.035327 3.102286 4.879488 3.624821 1.069002 5.325305 5.325305 3.573357 2.867973 5.596606 2.991011 3.859299 4.486435 4.754925 4.052264 0.733607 0.751105 2.852983 0.795211 2.328898 3.589533 2.682781 3.033988 4.322129 4.004023 5.880200 3.859299 3.859299 6.010214 3.859299 4.186080 5.722144 3.859299 3.859299 5.760972 5.065330 3.859299 4.241618 6.223119 2.821833 5.323539 3.780592 1.588451 5.606951 0.750666 0.715901 4.170507 4.981033 3.380293 2.646092 0.954329 3.872286 3.330672 4.872734 3.380293 2.821833 0.957856 3.294003 2.406691 3.784798 1.559155 3.333230
2.621595 0.865188 3.891347 5.599422 3.814531 4.620389 5.325305 5.325305 5.330186 5.330186 3.509342 2.996791 5.775940 5.015798 6.174878 4.276297 0.921583 3.156892 0.770199 0.958859 3.142643 1.743324 3.113504 3.041309 5.161604 6.479188 6.464326 3.859299 4.255275 4.438194 4.418432 3.761154 5.876849 5.873154 5.873154 3.700327 5.780706 6.382822 3.600812 5.733795 2.637754 5.642869 2.322065 0.942119 1.115780 0.795003 0.845305 3.667310 2.646092 1.077311 0.813136 2.406691 3.872286 2.859694 3.488399 0.784886 0.807371 0.826872 2.205902 2.406691 1.796569 2.490106 2.490106
5.527079 3.672502 0.711411 4.405237 4.606100 3.949767 5.325305 4.542841 4.542841 4.542841 3.509342 4.348107 3.453115 4.471006 2.294407 3.589533 4.985562 6.711530 3.563912 2.077710 3.115728 2.077710 2.660539 5.317253 3.927676 5.161604 5.161604 6.898497 6.382822 3.083997 6.435005 2.796527 5.360547 2.322065 1.015364 5.327644 3.547030 5.360547 3.600812 4.858876 3.712564 2.867973 1.075901 1.352807 0.877990 0.795003 0.767423 2.646092 0.759692 0.767423 0.957856 0.853068 2.286237 3.380293 3.380293 3.204798 5.309481 1.908013 3.016676 1.510389 2.267983 3.472307 3.083997
3.672502 1.723791 3.687834 5.325305 3.461395 3.726909 4.107469 4.715430 4.542841 5.330186 3.133283 2.190798 5.879922 2.190798 3.322948 4.517905 4.022051 6.711530 2.408229 2.408229 3.710137 3.547030 3.547030 0.944114 2.698604 2.375219 2.955260 3.861125 0.739339 2.499041 2.623229 3.485740 1.081964 3.126749 0.821086 3.707700 4.869314 5.360547 4.123025 0.790060 0.823694 0.885237 3.596328 0.796538 2.973365 2.149395 1.964350 0.811418 1.352807 0.767423 2.646092 0.843789 0.919972 1.889552 2.672741 2.304104 0.720442 2.200448 2.531075 2.542075 5.463648 5.789904 4.917551
4.535566 5.325305 4.377903 5.325305 3.769896 4.195232 4.043120 3.866730 2.979298 3.726909 3.133283 3.213576 3.640730 5.556019 3.578024 4.892644 5.472041 3.682764 4.348107 3.410804 3.687834 0.813159 3.627055 4.902204 1.074957 3.547030 4.937808 4.664201 1.133285 0.759598 0.831174 1.070795 2.951174 0.798298 0.952302 3.799330 3.799330 4.620389 4.620389 3.403885 0.935185 0.814950 3.380293 3.304642 2.646092 0.811418 3.021655 0.811418 0.954329 0.751999 1.689556 0.783915 0.885453 1.643657 2.631339 2.783520 0.720442 3.780592 4.381389 3.589533 4.230405 5.606534 5.733795
5.584369 5.745000 4.525592 4.525592 3.726909 3.726909 4.829754 4.961746 4.747454 4.545227 3.726909 3.782700 3.453115 3.322948 3.707700 5.258649 5.242959 3.547030 0.759440 3.796253 0.869698 1.965612 4.120468 0.783388 2.380026 0.807106 2.235540 1.063588 0.955942 1.352807 0.914030 0.914030 5.328997 1.557103 1.352807 0.800951 3.232921 0.768939 4.554573 1.784363 0.763689 0.934253 3.380293 1.402010 3.380293 3.829427 3.072352 0.799911 2.646092 0.751999 2.422932 3.712564 2.094312 1.078157 1.075901 2.462725 2.045242 1.326740 1.326740 2.318628 3.450782 4.701076 3.120156
3.814531 4.572559 4.572559 4.003440 4.195232 4.606100 5.268284 4.561376 4.747454 4.726485 3.573357 4.940585 2.256165 2.286237 3.927676 2.902559 3.627055 5.253584 4.620389 3.428897 0.716153 1.965612 3.182367 3.182367 1.084933 0.783936 3.315151 2.992943 1.352807 0.812121 0.797320 3.888661 3.596328 0.800951 4.192198 2.874510 2.276329 3.117945 4.201254 1.042627 1.133285 3.738581 3.241338 2.766450 2.646092 0.966227 2.945003 2.222001 0.835786 0.977023 2.102507 2.102507 1.038115 2.760725 2.304104 1.341921 2.854668 2.139057 1.845887 3.772056 5.780706 3.611863 5.733795
3.769896 4.216029 4.572559 3.016676 4.634298 4.905332 4.561376 4.561376 3.415376 3.726909 4.940585 5.032297 3.578024 3.563912 3.927676 2.983225 2.302496 3.004418 3.180086 2.342402 2.588067 4.421682 4.049013 1.325994 3.659444 0.883286 3.041309 1.075901 0.948087 0.902802 4.822181 0.835352 4.757368 4.757368 3.942513 0.823136 2.591493 4.886125 5.113398 0.741826 3.498944 4.421682 2.531075 3.990750 3.294003 3.971291 6.240296 6.509776 3.859299 0.800686 2.286237 1.480177 1.741052 4.540436 2.286237 1.722627 2.109013 5.327644 3.591807 4.542841 5.780706 4.099500 5.876849
3.769896 2.664625 5.325305 4.795257 4.620389 4.561376 4.954030 4.083180 4.889399 4.354242 5.360547 4.286425 4.201254 4.692179 0.759440 3.717387 2.983225 0.835786 4.616853 0.753004 3.627055 3.627055 5.868891 5.073347 0.811466 5.323539 2.594902 1.041359 0.763908 3.909810 3.758943 4.040153 4.929302 5.193861 3.004418 3.004418 0.752554 3.289512 0.771910 3.026608 0.889542 3.464137 3.584957 1.542579 3.977834 3.120156 6.240296 2.176781 1.700165 2.117081 2.884947 2.482890 2.497261 4.540436 4.920533 2.473782 2.129845 6.264906 6.427562 6.492215 3.524665 5.318403 6.510424
4.572559 4.117896 1.529908 5.021055 3.726909 4.542841 4.606100 4.954030 5.459359 4.542841 5.036676 3.578024 2.027847 3.126749 3.618383 1.034732 2.992943 2.025326 3.320357 5.256137 4.227561 3.283708 5.863624 6.264305 3.330672 5.323539 2.884947 2.884947 0.786065 2.902559 1.573361 3.624821 4.499281 4.616853 3.587250 0.811040 0.753004 4.354242 3.624821 0.733607 3.000616 4.102170 3.695361 2.591493 3.780592 2.012579 0.870817 3.111274 4.072017 3.304642 3.415376 2.509634 2.902559 4.094116 5.607519 5.607519 2.913383 6.427562 5.499462 6.427562 5.313552 5.955113 5.325305
3.769896 2.951174 2.357336 4.525592 4.542841 4.542841 4.969198 5.268284 4.905332 3.573357 3.083997 3.578024 5.325305 4.341828 1.352807 3.714981 0.759440 3.712564 3.320357 2.320348 2.320348 3.090904 3.885962 4.587704 5.873753 4.049013 0.867073 1.040372 0.799818 4.227561 5.392795 3.883251 2.026588 2.953220 3.406199 1.051832 2.613364 3.692862 3.551899 2.719873 4.969198 3.380293 4.862385 5.317253 2.050129 2.538424 3.869514 2.938781 2.368763 2.323778 4.152611 4.408565 6.260637 4.837210 5.733795 5.317253 4.715430 5.499462 6.427562 5.038077 5.310879 5.325305 5.798656
2.996791 4.015904 3.182367 5.219730 4.542841 5.597857 4.598813 5.248354 5.620541 4.786960 4.764554 2.120289 0.807898 0.871523 2.384802 4.499281 3.927676 1.172452 0.753004 4.742355 4.398521 2.969381 4.293853 5.323539 1.064192 2.953220 3.659444 4.195232 2.880970 4.627391 3.137838 2.811103 4.651149 5.285574 2.162490 3.802395 3.117945 3.568652 3.616219 3.616219 4.932167 2.632949 5.317253 1.849951 3.920092 1.251414 4.959203 2.594902 3.776344 2.965375 4.152611 5.317253 3.591807 4.037171 4.037171 4.037171 5.733795 5.499462 6.492215 5.879779 5.879616 5.063993 4.776054
3.769896 3.382689 3.872286 4.037171 4.037171 3.111274 6.486675 5.045868 6.263488 4.110097 3.914976 4.757368 1.849951 1.023714 0.775902 3.640730 4.260626 5.392795 4.051938 6.242208 4.554573 3.927676 4.895860 4.482552 4.421682 0.763908 3.729264 5.300225 4.031166 4.627391 5.035245 3.170892 3.170892 4.135600 5.134206 3.710137 0.890383 1.968129 3.808487 4.929302 1.690670 3.880528 1.510389 4.889399 2.664625 4.201254 3.955781 3.245505 3.213576 2.902559 5.301871 2.902559 3.765546 4.037171 6.492215 3.587250 5.413054 5.780706 5.780706 5.780706 5.296810 4.712607 5.325305
3.189169 3.453115 0.767485 5.256137 4.031166 4.752459 6.392538 6.427562 3.829427 3.772056 3.090904 3.453115 2.357336 1.657705 4.201254 3.640730 6.464326 3.859299 6.427562 0.973825 3.304642 4.140531 4.895860 3.539657 3.539657 5.868891 4.721005 0.765636 6.261208 5.146195 5.382294 3.396893 4.003440 5.193861 4.265914 4.207212 5.317253 2.983225 3.620538 3.269925 2.967381 1.532034 2.386387 3.944943 5.317253 3.859299 3.859299 2.131428 2.146455 2.949123 4.923485 4.069191 4.069191 5.733795 4.037171 5.733795 5.733795 5.733795 5.609833 6.427562 5.780706 5.866362 6.316467
3.021655 3.453115 3.772056 4.367329 2.787260 4.164166 3.682764 4.533102 3.829427 5.126007 4.858876 5.258649 2.654376 1.352807 1.218966 4.099500 5.087068 3.896683 3.682764 4.257959 5.281499 3.453115 0.833944 3.618383 3.646128 0.770278 3.799330 5.017580 4.520487 4.012809 3.453115 5.327644 5.558572 4.046074 4.305914 4.876126 2.417109 2.158150 3.522134 5.331968 3.772056 2.397391 4.204241 1.680589 3.079359 4.227561 6.170526 4.582917 4.099500 2.146455 2.991011 5.600172 3.823506 5.513767 4.037171 3.437749 5.301871 5.301871 6.427562 5.733795 5.780706 5.866362 4.974020
3.419916 5.017580 4.499281 2.120289 4.227561 4.876126 0.760090 4.920533 1.095990 4.094116 4.956631 3.578024 4.862385 2.289515 1.845887 5.609431 3.519594 3.243425 4.793219 5.281499 4.858876 4.802736 3.883251 3.700327 4.929302 2.736857 4.932167 4.572559 4.858876 4.989974 3.932670 3.458644 5.006451 4.046074 4.395134 5.323539 5.323539 5.134206 3.200367 2.996791 4.759787 0.753004 1.095990 4.384855 0.743414 4.080410 5.981913 5.306536 2.408229 2.930406 5.596606 3.638016 4.099500 5.789904 3.616219 5.825776 4.037171 5.513767 4.381389 5.878942 6.682271 3.859299 3.147421
6.278108 6.278108 5.138244 6.449801 5.040791 3.793164 5.210338 2.893798 4.348107 5.270589 3.859299 4.022051 3.872286 2.398949 0.830304 0.871190 2.464578 2.639831 4.278853 5.281499 3.168576 3.582655 1.049118 3.899333 5.553404 3.016676 4.932167 4.959203 4.959203 5.476144 3.672502 3.632556 3.733943 4.911500 5.050478 5.253584 5.048232 5.870423 5.087068 4.754925 3.932670 5.272854 1.884381 2.766450 0.707394 4.911500 3.859299 5.325305 5.870423 3.142643 4.099500 5.222778 5.325305 3.638016 2.449650 5.780706 5.780706 5.733795 5.539399 6.571338 6.517397 6.477320 5.733795
