Example_Watersheds/WA_MashelWatershed/DataInputs/o_3_ChemistryPools/Mashel_1990_Pools/N_g_AgStem.asc
ncols         923
nrows         455
xllcorner     550005.67551598
yllcorner     5180549.8134422
cellsize      30
NODATA_value  -9999
[rows 270 to 296 of 455, columns 61 to 121 of 923]
3.489683 6.185191 6.185191 4.451377 2.161716 0.644008 6.479336 14.138280 3.365755 3.329650 12.433807 7.162883 7.273579 11.891195 10.006984 6.357730 5.928415 8.567295 8.355977 7.513368 5.436614 4.263818 9.613307 4.060639 6.795558 6.473505 6.795558 4.919548 6.357730 6.357730 5.447913 3.785947 2.395834 5.204243 6.127845 4.412672 4.258318 12.066517 20.167003 16.471743 17.963005 10.111832 5.318185 6.976788 17.395205 11.287455 7.089508 12.788821 9.677618 10.999258 11.146150 4.981947 9.186534 19.493381 8.779466 3.101730 2.700339 2.700339 1.820064 3.624188 11.500430
10.071933 5.232862 6.473505 6.392328 7.513368 2.122589 1.933702 8.512858 2.541598 2.575548 9.108698 8.349955 5.832213 7.298090 7.755326 6.277118 6.357730 6.993683 3.818765 3.624188 4.614280 3.453515 3.453515 5.419672 4.711872 5.250047 9.636686 3.895494 6.300133 4.230834 0.455935 2.176381 1.436495 8.098762 4.396098 6.099203 5.436614 12.066517 10.389460 18.475657 14.115396 23.583123 4.825992 14.132559 17.395205 18.063518 10.489452 12.788821 16.273259 16.273259 10.589574 16.449056 17.838297 19.082178 19.493381 7.817451 7.800503 5.555428 2.371498 1.445706 8.065054
11.334607 9.390646 5.996456 8.065054 12.066517 1.225466 3.515530 2.112803 0.841038 1.805798 5.781374 7.072587 6.777920 16.273259 16.273259 3.895494 7.078227 3.983448 4.110188 3.862584 4.825992 8.639982 7.525714 6.965527 9.930302 4.060639 9.636686 1.961975 1.762917 0.455935 1.590165 2.937329 7.648134 8.098762 4.560152 4.679318 7.273579 9.894938 12.217746 20.349410 14.115396 7.072587 6.853028 6.156507 15.892147 18.865845 18.521878 13.005116 18.865845 17.300048 20.447239 13.447240 13.659251 15.467263 22.764935 12.896944 2.093224 2.371498 1.566016 3.536213 7.885280
11.352295 11.334607 3.780481 5.267241 6.999316 1.225466 1.225466 1.394870 10.172889 5.436614 2.984963 5.996456 6.777920 4.451377 12.235192 6.357730 4.908217 6.340442 5.470522 3.862584 5.640480 3.624188 6.363494 6.531854 4.060639 8.825335 7.439395 1.938418 5.871799 2.565850 3.407040 5.112844 10.470703 5.674251 9.613307 4.396098 4.258318 2.721325 5.198523 13.890328 18.069342 18.757957 15.571780 23.693059 13.523745 18.865845 17.167240 17.734864 17.311940 22.486395 23.873486 12.902636 19.783557 11.334607 10.189543 2.166605 0.836580 2.122589 3.608655 4.175938 2.863389
10.178440 12.637559 12.469729 6.185191 7.845706 5.640480 0.841038 6.167978 5.124254 3.006158 5.152797 3.453515 7.249087 2.497914 12.631559 6.619549 6.231127 6.689854 5.792666 6.213895 1.872257 6.456018 6.695718 2.726574 5.894436 3.577600 3.577600 2.815956 6.104930 5.209965 6.093477 1.886459 6.999316 8.087525 7.134652 3.469013 5.792666 8.093143 14.229836 14.449528 10.470703 12.264274 14.320805 3.655265 15.963609 16.656133 18.302115 20.787098 18.302115 29.235320 18.654296 12.902636 16.449056 9.502356 9.502356 8.025744 2.352021 3.043288 1.609457 3.988955 3.159697
8.211208 8.337912 5.232862 7.562778 11.548074 7.997676 3.510360 2.815956 4.071684 8.183084 6.363494 3.272953 1.320152 2.415294 7.004949 7.550418 3.541385 0.867474 0.867474 4.143046 8.911409 0.455935 0.666805 0.841038 1.657580 1.133027 3.169985 7.267454 4.560152 7.531888 6.093477 7.151589 14.418862 10.150685 7.134652 3.469013 5.787019 8.093143 12.766064 15.129581 16.040219 0.701000 2.684609 3.900983 15.963609 19.710937 19.710937 19.194252 16.022537 18.865845 26.588967 12.902636 18.835782 20.604526 9.138621 6.601994 2.352021 5.135668 2.595639 4.423725 3.195713
6.059140 8.211208 8.603623 11.054145 5.939747 4.614280 0.473033 5.493144 2.147047 5.894436 5.894436 6.104930 7.879625 0.757992 4.099243 4.885883 6.830552 2.889774 3.639725 3.365755 4.930884 0.552821 1.729480 0.841038 8.512858 5.493144 5.419672 8.739352 6.795558 4.060639 4.560152 9.613307 6.648827 9.003323 6.909253 5.493144 9.020569 6.087752 16.536663 20.103211 15.730391 0.455935 0.455935 3.006158 10.589574 15.571780 17.221607 19.301051 17.734864 23.173370 18.197506 13.447240 21.329582 14.449528 5.402738 8.434347 1.938418 2.327663 4.132089 4.175938 3.159697
7.715817 6.903628 8.603623 10.189543 22.764935 4.396098 4.825992 0.841038 5.301298 6.059140 1.599814 6.777920 2.847569 1.408777 1.324849 8.392130 2.969076 5.078642 5.250047 3.365755 1.031816 0.455935 0.841038 4.044080 2.953198 8.854016 6.648827 5.781374 6.531854 6.795558 6.795558 9.613307 4.230834 4.396098 9.438197 15.682503 6.830552 9.043569 15.542742 13.016505 1.464085 0.455935 0.746594 1.820064 11.756848 15.688488 16.949655 17.734864 23.173370 30.117189 21.126611 15.730391 13.659251 14.449528 5.436614 8.434347 1.362294 3.536213 3.536213 4.484481 2.308169
10.395015 21.431264 19.339737 7.402473 9.765420 4.396098 4.252820 2.283790 4.836876 3.236897 0.876167 1.705551 1.791518 6.619549 10.916929 16.825045 12.188675 7.862664 3.469013 8.386103 4.728157 1.667186 1.729480 1.729480 0.455935 0.871828 2.161716 7.862664 9.613307 4.396098 4.560152 7.134652 6.965527 9.794835 9.438197 28.735192 18.121765 10.256167 0.455935 0.507228 0.455935 0.455935 0.455935 7.310352 14.774516 17.167240 17.734864 18.057694 23.173370 20.798983 20.798983 16.244910 13.890328 21.185140 18.284766 5.877457 5.141377 2.632240 3.536213 1.843811 5.803961
10.614637 12.469729 9.396661 19.783557 10.071933 4.396098 0.558521 4.164970 4.953568 2.444470 2.647940 0.666805 3.117690 4.885883 9.607463 9.607463 6.300133 8.284371 9.665921 6.795558 4.396098 3.895494 5.792666 3.011460 0.455935 4.077208 7.794854 7.862664 6.127845 6.300133 4.560152 6.093477 6.392328 3.922949 22.689711 20.235401 14.081074 12.925405 4.717300 0.455935 6.254116 0.455935 0.455935 0.455935 7.591776 16.938326 17.734864 17.734864 17.734864 28.353956 17.288088 12.130552 13.890328 14.449528 12.142175 15.730391 9.432367 5.072945 4.175938 1.628724 4.766179
2.463911 12.691573 4.560152 10.807161 12.469729 6.619549 0.558521 3.977943 13.612078 5.152797 8.440381 15.742366 3.407040 4.396098 6.531854 9.613307 6.965527 4.749880 11.978821 4.396098 8.652108 2.541598 2.264278 7.083867 4.060639 8.020130 4.060639 4.280323 3.895494 6.104930 4.230834 6.357730 8.143724 19.076574 10.845579 12.613563 14.449528 13.890328 8.762272 5.323816 0.935360 0.455935 7.817451 14.947320 13.712536 20.447239 18.302115 16.566521 29.235320 13.724380 17.478514 13.890328 13.890328 16.267590 3.381234 8.871230 25.273806 2.439608 1.628724 1.628724 1.705551
5.951083 3.655265 12.691573 22.764935 6.139307 8.211208 8.733623 11.494476 10.763254 4.307850 14.424994 13.700693 6.473505 7.089508 9.003323 5.147086 11.655377 6.392328 10.206197 3.895494 4.219847 8.825335 2.842298 2.429884 3.895494 8.319854 11.234439 11.234439 6.619549 4.842318 5.004671 19.845001 16.926997 20.551503 8.325872 10.228405 2.386101 5.397095 8.762272 0.455935 0.455935 0.587017 9.348559 15.718417 18.406229 20.447239 19.087781 21.017823 21.511499 13.447240 17.751766 14.449528 13.890328 12.619561 12.619561 13.202019 2.088328 5.061555 5.595118 0.911825 0.701000
3.736794 6.351966 6.156507 13.937785 9.525700 10.395015 3.868066 5.198523 13.447240 13.482544 4.630531 2.322790 3.386394 5.674251 3.890006 8.727895 3.890006 6.965527 6.971157 6.971157 3.037981 7.969616 6.795558 4.936553 2.737075 8.652108 5.674251 4.230834 18.986151 4.318868 14.201221 19.845001 14.166888 22.683925 12.976645 5.691146 4.646787 12.246824 4.695592 0.455935 4.060639 19.962138 2.958490 23.465383 18.775675 18.865845 16.745759 16.745759 18.901927 12.902636 12.631559 18.968099 17.288088 10.740150 15.467263 13.271750 1.459496 3.758629 1.628724 1.590165 0.455935
2.014833 8.307820 9.894938 7.016217 12.066517 6.059140 5.090038 8.682082 7.255208 13.677010 4.630531 4.214355 0.935360 3.966935 4.324378 7.687609 3.895494 5.340713 6.508504 3.556903 6.259865 5.849174 8.386103 3.890006 7.377881 8.652108 6.795558 6.795558 10.900464 29.723935 20.355307 18.150894 13.559070 15.748354 9.396661 6.520177 2.995559 3.355437 0.455935 4.071684 0.455935 0.455935 0.455935 0.455935 11.914555 15.658917 17.734864 23.754184 24.284218 17.891732 18.865845 22.683925 14.995256 13.983855 9.473186 2.317917 3.500021 0.954030 1.004651 1.667186 0.558521
4.088259 7.693249 6.167978 7.016217 7.992063 12.481706 6.288624 6.555219 8.104381 16.152253 13.559070 4.143046 4.560152 5.436614 6.300133 5.301298 5.657362 6.300133 2.768601 7.890935 5.323816 7.371736 4.603449 13.807325 4.869541 4.060639 7.078227 7.078227 7.766618 10.988281 12.953870 12.953870 15.975393 14.063915 14.424994 18.805726 9.724424 5.187085 6.619549 0.455935 0.455935 0.455935 0.455935 0.455935 8.428314 18.521878 17.311940 29.235320 21.367050 17.891732 31.012147 28.191130 14.526608 3.252347 6.380792 3.955932 3.500021 1.085200 5.147086 5.147086 0.455935
3.458680 4.088259 5.238589 13.896259 15.118206 9.525700 10.558263 6.156507 10.289485 16.093278 12.451766 7.676328 7.134652 4.440314 6.666404 5.301298 5.430966 4.953568 7.862664 7.078227 6.549377 4.733587 8.986081 8.986081 1.191988 9.438197 13.213639 9.354569 3.895494 6.619549 6.357730 9.812490 12.369026 10.345023 13.777695 18.805726 9.912617 11.972977 10.451961 0.455935 0.455935 1.820064 0.455935 2.132374 14.132559 16.022537 4.635949 24.827479 17.571485 18.865845 21.597551 21.597551 29.268122 9.210506 6.093477 0.841038 4.093772 2.575548 1.895920 1.705551 0.672504
2.737075 2.863389 3.303873 10.733866 20.816812 11.885355 8.267482 4.148525 11.494476 11.399482 19.750041 3.742251 7.134652 4.679318 6.666404 5.290044 5.290044 4.110188 6.248368 3.655265 6.619549 6.795558 3.324494 2.527041 3.629367 11.476618 7.574876 6.619549 6.357730 7.597410 6.719186 13.789546 15.748354 14.018163 14.212667 19.307497 7.715817 10.128483 8.132481 0.455935 0.455935 0.455935 0.455935 11.649412 6.869890 23.173370 9.677618 6.173715 18.865845 12.631559 15.140956 24.788571 24.044365 6.421183 4.825992 0.841038 0.845481 0.963313 6.064861 0.695301 1.468670
2.737075 8.440381 4.976269 9.894938 13.753996 11.257998 10.172889 4.148525 4.252820 6.748542 7.902246 20.373689 4.668472 6.375025 8.404188 6.357730 7.134652 8.825335 11.228550 6.795558 5.849174 6.795558 7.924737 0.455935 6.795558 9.438197 3.895494 6.357730 6.357730 4.936553 21.638788 14.565177 14.565177 14.063915 21.436614 14.290185 14.977277 3.731338 6.619549 0.455935 0.455935 0.455935 5.939747 23.929437 4.635949 22.603990 9.677618 22.603990 15.548549 17.655990 14.554158 26.722909 24.302052 6.421183 4.987627 1.886459 1.633537 1.805798 0.880492 1.895920 1.468670
5.436614 10.627173 6.601994 8.025744 10.727584 6.317403 5.657362 10.172889 7.341030 7.066948 12.469729 11.048656 5.849174 5.781374 6.357730 6.357730 6.713318 9.438197 12.439793 10.172889 10.949861 7.525714 2.497914 2.773859 8.567295 3.895494 10.840091 5.832213 5.832213 8.865491 15.969501 22.206782 10.489452 13.919986 22.929741 12.760376 5.175651 5.939747 1.436495 0.455935 0.455935 0.455935 11.104979 18.781685 16.046114 18.521878 11.721020 17.734864 16.745759 20.781156 28.473875 20.979737 15.531128 4.619696 4.164970 4.164970 7.249087 3.226598 6.334681 2.674127 3.536213
5.934080 4.456910 8.211208 9.894938 8.267482 8.211208 5.436614 6.566907 5.549762 12.089882 12.241008 11.369987 6.357730 6.795558 6.357730 6.277118 7.134652 9.613307 12.439793 6.965527 6.965527 4.396098 4.959242 4.214355 3.572425 3.895494 13.202019 3.386394 4.825992 30.969097 3.895494 13.559070 11.902874 17.118933 7.823101 7.420929 3.587950 5.798313 4.913882 0.455935 0.455935 0.455935 8.704985 18.683088 17.395205 18.521878 10.589574 20.103211 20.103211 18.475657 13.594406 22.672353 27.061497 15.531128 8.854016 9.689316 11.885355 0.626911 0.455935 5.295670 1.380930
8.211208 6.777920 4.197885 4.033046 8.267482 10.395015 5.436614 4.500685 4.489881 14.326930 11.583826 11.369987 15.340077 3.895494 6.619549 6.357730 6.357730 6.795558 9.438197 5.674251 4.560152 2.716077 3.324494 2.420158 6.473505 6.041982 3.278105 4.396098 4.869541 20.692683 7.550418 17.118933 11.902874 7.134652 22.660782 8.188708 11.643447 7.964005 2.093224 0.455935 0.455935 0.455935 0.455935 11.299241 18.962083 17.167240 16.169949 7.123363 17.076679 22.683925 13.594406 17.655990 18.273200 3.961433 5.696780 16.273259 5.430966 0.626911 0.455935 0.455935 2.459051
7.055671 6.777920 5.078642 6.104930 3.200859 4.825992 9.566571 8.211208 3.469013 7.464034 9.847813 12.469729 7.817451 9.438197 6.619549 6.357730 7.574876 6.619549 6.231127 4.005481 1.938418 8.295789 6.531854 8.386103 10.696183 7.562778 5.674251 4.396098 6.672265 21.121173 6.473505 14.086794 14.086794 7.550418 8.733623 13.406065 11.470667 8.059438 4.170453 0.455935 0.455935 0.455935 5.038788 11.299241 17.305994 18.302115 17.734864 11.967134 12.697576 20.651539 19.906977 22.435594 11.187341 11.768633 0.558521 0.986366 6.127845 0.455935 0.455935 0.455935 0.455935
9.049320 4.197885 5.798313 8.368025 4.831434 5.792666 10.558263 4.462444 2.627008 5.004671 11.583826 29.175175 3.780481 6.619549 6.104930 6.357730 3.895494 6.619549 3.469013 5.436614 4.733587 6.965527 6.531854 4.825992 4.825992 6.300133 6.357730 9.174551 6.219638 10.272826 6.116385 6.713318 9.114681 9.228493 4.874988 12.925405 5.329447 6.619549 2.689851 0.455935 0.455935 0.455935 19.593751 20.496295 20.447239 16.733844 14.774516 14.708416 9.144608 21.562209 17.532051 22.235878 22.235878 17.532051 7.710174 2.984963 0.867474 0.455935 0.455935 0.455935 0.455935
6.002131 4.197885 3.624188 8.500770 2.142156 8.267482 4.560152 10.172889 2.627008 10.383905 16.910004 24.938018 14.691890 6.619549 6.357730 6.357730 6.619549 6.619549 12.439793 4.230834 6.392328 6.795558 7.134652 11.152034 6.041982 3.895494 3.655265 3.154553 10.178440 8.216834 9.026318 10.558263 12.066517 13.143935 6.637113 11.826979 13.062657 9.348559 0.455935 0.455935 0.455935 0.455935 16.290270 18.092640 17.323832 18.174198 17.616554 8.166213 2.721325 8.087525 12.902636 8.325872 12.613563 14.449528 7.710174 0.455935 0.455935 0.455935 0.455935 0.455935 0.455935
7.681968 6.777920 1.277721 9.566571 1.886459 7.919129 4.527706 10.483202 3.753168 2.689851 5.391453 15.467263 7.519540 10.036499 3.895494 7.823101 9.438197 6.357730 4.970592 4.396098 5.221411 6.363494 3.242046 4.060639 10.840091 7.550418 14.581706 5.792666 3.469013 55.012221 8.337912 10.796184 9.894938 15.940044 9.777185 11.649412 5.227136 4.522300 10.134033 0.455935 0.455935 0.455935 8.488686 18.919971 21.142925 20.349410 13.890328 8.166213 20.669172 4.164970 12.002200 12.469729 12.469729 5.402738 0.455935 0.455935 0.455935 0.455935 0.455935 0.455935 0.455935
6.173715 6.173715 2.731824 6.392328 3.890006 9.294496 4.082733 7.353309 12.270092 0.876167 0.455935 9.258484 9.689316 8.825335 9.438197 6.104930 6.795558 6.795558 3.613833 7.586142 6.190930 6.736797 3.655265 12.246824 6.619549 12.948177 14.581706 4.396098 3.469013 3.469013 9.096733 3.515530 11.169685 12.896944 14.018163 11.340503 5.380171 3.725883 5.061555 0.455935 0.455935 0.455935 20.929761 14.115396 18.127591 16.324292 15.694474 4.434783 12.002200 8.325872 22.764935 7.322620 6.317403 8.325872 15.548549 0.455935 0.455935 0.455935 0.455935 0.455935 0.507228
9.003323 5.792666 4.543926 1.886459 9.168561 9.294496 7.997676 3.725883 3.639725 0.558521 11.803637 5.985108 9.689316 6.300133 5.038788 5.038788 6.432730 8.652108 5.832213 7.586142 6.965527 6.965527 7.174179 10.696183 6.795558 6.357730 5.849174 5.939747 5.674251 11.116741 3.950432 4.121137 3.350279 17.588386 13.406065 10.256167 2.679368 6.619549 2.689851 0.455935 0.455935 0.455935 21.142925 13.506085 14.455662 21.436614 10.982792 4.874988 12.002200 12.002200 6.777920 12.469729 12.469729 8.256225 8.325872 6.954268 0.455935 0.455935 0.455935 0.455935 0.455935
