Example_Watersheds/WA_MashelWatershed/DataInputs/o_3_ChemistryPools/Mashel_1990_Pools/N_g_Det_BgStem_2.asc
ncols         923
nrows         455
xllcorner     550005.67551598
yllcorner     5180549.8134422
cellsize      30
NODATA_value  -9999
[rows 28 to 55 of 455, columns 756 to 818 of 923]
4.531339 1.817737 4.414688 3.771174 2.936266 4.867809 4.873035 5.022700 3.797525 4.661263 3.644718 2.485353 2.084397 1.942323 2.270663 3.047942 3.106283 0.793282 0.985165 0.810755 2.287805 2.177121 2.084397 1.850657 2.270663 2.611427 2.084397 2.084397 2.084397 4.367706 4.785090 2.138555 1.572971 3.163905 1.189988 1.110998 0.949206 3.576583 1.161420 2.638400 1.642190 3.661366 1.232371 1.641357 2.619032 2.638400 2.831587 1.346240 1.655352 1.658595 1.641357 2.578342 3.485165 3.226822 3.277188 1.807722 2.217865 1.443884 1.060403 2.444670 3.291134 2.372988 1.137418
4.758724 3.617174 2.813461 4.414688 2.936266 4.643665 5.058070 5.141346 1.625316 2.843321 2.899079 2.738181 1.604668 2.270663 2.084397 1.144435 1.144435 0.781205 1.103878 2.480089 1.050464 2.084397 2.561145 2.194446 2.270663 2.084397 1.358731 1.334827 2.813461 4.672259 4.874533 1.445375 2.641324 3.163905 1.642190 0.921204 1.683113 1.191087 0.975775 1.057653 1.768816 1.517445 2.948264 1.543413 1.543413 1.641357 2.474776 2.406263 1.840198 2.163461 1.378420 1.642190 3.485165 2.875503 1.318159 2.853360 1.752739 2.127858 0.881942 2.444670 1.997074 1.972458 2.126777
3.406530 2.998370 3.771174 4.228137 2.936266 2.936266 4.672259 5.005989 4.001286 4.001286 3.797525 4.414688 2.138555 1.997074 1.553695 2.503385 0.927188 0.770315 1.836350 2.709261 1.158258 1.600904 1.135042 2.861795 2.270663 1.942323 1.478073 1.942323 3.602649 4.300923 3.828922 1.445375 2.522108 2.220707 1.683113 1.840198 1.840198 0.921204 0.836312 1.674700 0.999372 1.994873 2.733167 3.420043 1.260789 1.904220 4.666783 2.061865 1.385993 1.928106 3.589800 1.591407 2.419628 2.638400 1.735341 0.996237 0.836108 1.505599 2.608491 2.092973 1.610279 1.610279 1.236250
4.414688 4.414688 4.508437 3.509144 4.315049 2.485353 3.212226 4.011291 5.028371 5.104190 3.797525 4.267300 3.764805 3.563382 0.768005 1.064951 0.897840 0.770315 2.084397 1.600904 1.600904 1.483017 2.131089 1.942323 1.600904 2.084397 2.179191 1.850657 2.179191 2.738181 1.317446 1.253594 0.768740 2.870072 3.555776 1.504003 2.505912 1.157733 1.096163 3.690548 3.675467 2.868704 3.775360 3.327186 1.576935 2.875503 3.560366 2.515895 1.342906 2.273329 1.348231 1.972458 1.739541 1.739541 1.728553 1.409269 1.680320 2.126777 1.624460 1.607479 1.716478 1.747845 2.148006
3.604755 2.271998 3.906291 4.091331 2.430108 2.131089 3.316081 4.755193 4.993637 4.257007 3.797525 3.892341 3.760499 4.276876 2.042561 0.825055 1.210734 1.177749 1.600904 1.600904 1.093261 0.871334 1.942323 1.942323 2.270663 2.131089 1.464430 2.084397 2.899079 2.738181 0.923177 0.940407 1.658595 3.848852 2.342032 1.553695 3.163905 1.038824 1.438636 2.969877 1.657786 2.638400 3.661366 3.960138 2.880865 4.262243 2.944862 2.680714 2.680714 2.827114 2.061865 2.979560 4.450716 2.300369 2.448863 1.724269 1.680320 1.621885 1.130253 2.219761 1.640524 1.543413 2.017606
4.089464 3.760499 2.607018 4.414688 4.065781 2.214046 2.724725 4.587663 3.163905 3.154438 4.661263 4.110772 3.668498 3.668498 1.374944 1.575068 1.066757 0.810755 1.600904 1.600904 2.270663 1.942323 1.942323 2.131089 2.131089 2.131089 1.747845 2.545132 2.899079 1.477363 2.071964 1.044580 1.058113 2.850514 2.664187 1.553695 3.163905 1.472367 2.089310 0.950251 2.673893 2.673893 1.186122 1.642190 1.744539 2.400835 2.586015 2.924017 4.851026 3.479421 1.677516 4.566611 2.502117 2.375826 1.468049 1.273679 1.747845 2.867331 1.284346 2.676632 1.282583 1.861249 2.220707
4.103933 4.869581 2.818051 3.557315 4.414688 4.414688 3.242275 5.536835 3.163905 3.163905 3.154438 3.789633 4.338936 4.292570 1.374944 1.982637 1.483017 0.914614 1.600904 2.375826 2.451643 1.942323 1.942323 1.942323 2.131089 2.436562 2.485353 1.919833 1.919833 2.662786 1.090831 0.934774 3.042710 3.042710 2.632507 2.172956 3.163905 2.494445 2.199425 2.462641 2.084397 3.690548 1.865666 2.927542 1.642190 1.343574 2.444670 3.347498 1.964958 2.623557 2.553184 3.915851 3.608936 3.175188 2.554783 3.124024 1.461538 2.257177 1.775734 3.081530 3.163905 1.637177 1.676578
3.280716 4.808110 3.685613 4.561082 2.695397 4.414688 4.167481 5.499113 5.220444 3.729011 3.771174 3.406530 1.668084 1.523670 1.285518 2.393984 1.483017 1.600904 4.091331 4.091331 1.483017 1.455712 2.131089 2.375826 1.942323 2.142776 3.546360 1.270074 1.919833 0.767714 2.518761 1.978132 3.707526 2.372988 3.309582 3.613075 3.275413 2.440448 3.351421 1.600904 2.177121 3.621232 1.471650 3.139475 3.760499 2.065668 1.642190 2.028142 1.656976 2.165585 3.163905 2.989058 3.683947 3.683947 2.503385 4.126715 2.671138 2.443265 4.156954 2.380060 3.163905 3.163905 2.109200
4.827786 3.108084 2.982746 4.508437 2.739844 4.434259 4.852788 5.516096 2.363333 2.458540 4.414688 4.414688 3.960138 2.371565 2.179191 1.774750 1.385308 1.385308 3.576583 3.797525 4.091331 1.982637 4.050870 3.960138 1.919833 1.349554 1.270074 2.427506 1.175886 3.058255 1.039314 3.353371 3.707526 2.851939 2.723024 1.342906 2.513418 0.956459 1.018598 1.600904 2.084397 2.084397 3.690548 1.745367 1.358731 1.358731 2.654301 0.772291 1.539694 3.729011 0.815878 0.764845 3.575098 1.928106 1.333469 2.520436 3.729011 3.001433 1.897945 1.856285 3.163905 3.163905 3.399586
3.702619 2.214046 1.689584 1.942323 4.873035 5.196738 4.852788 2.517129 2.323376 4.414688 4.414688 4.065781 4.452676 2.172956 0.969872 2.214046 0.914614 1.483720 3.576583 3.797525 3.035654 4.091331 3.777435 2.323376 2.323376 1.349554 3.546360 1.055384 0.769954 3.033876 2.287805 3.019448 2.073217 0.816199 1.774750 1.971318 2.069452 2.069452 2.123521 2.084397 2.587539 1.748668 1.385993 0.767755 0.770825 1.849714 0.908488 0.911570 1.111468 0.817098 2.179191 1.942323 0.862399 2.343177 1.241637 1.860140 2.286502 2.118054 2.704509 3.163905 3.163905 1.971318 1.576935
2.796865 2.295407 2.295407 1.352191 4.414688 2.948264 3.631197 3.132668 2.323376 2.323376 4.414688 3.406530 4.249746 1.779654 2.799871 3.683947 3.869088 3.361092 4.353761 1.919833 3.246069 3.771174 1.919833 3.076635 2.995287 1.919833 1.441640 0.865530 2.672517 0.812031 1.792236 3.729011 2.318609 4.114093 3.079904 2.258538 2.462641 1.886284 2.104724 2.733167 4.065781 1.784523 1.216708 1.165226 1.600904 0.861606 0.774396 0.859213 2.084397 1.600904 1.600904 1.344242 1.435617 2.179191 1.885214 4.262243 1.772778 1.772778 2.112536 3.566364 3.745049 2.691437 1.163960
4.228137 4.465389 1.960113 3.751742 4.414688 1.621885 4.065781 2.131089 4.398720 3.670256 2.899079 3.771174 3.479421 3.202235 1.385308 1.942323 2.193444 1.749683 1.270074 1.366100 0.813672 1.304468 0.830597 1.818731 3.120524 3.023089 1.818731 1.096649 0.771801 1.969032 2.084397 4.065781 2.494445 0.842763 1.764832 3.775360 2.462641 1.448347 2.084397 2.084397 4.065781 2.084397 0.768253 1.165226 1.850657 1.600904 0.772649 2.084397 2.084397 2.084397 2.179191 2.084397 2.084397 2.084397 2.084397 1.444630 2.084397 1.488613 2.214046 4.721062 3.291134 2.504650 0.843502
4.103933 2.761072 1.956207 3.869088 0.765038 4.353761 4.336380 3.076635 2.158312 4.134945 3.569310 3.176742 1.367933 2.620544 2.620544 3.917722 1.165226 0.915620 3.049675 2.361135 3.053124 1.085334 0.830597 1.061415 0.807344 1.477363 0.970331 0.828384 2.193444 1.969032 4.065781 2.853360 3.935698 1.780631 1.119538 0.872044 0.778637 2.179191 2.084397 2.084397 2.069452 2.069452 1.600904 0.812505 1.165226 2.084397 1.233658 0.911570 2.177121 2.179191 1.600904 1.161420 1.444630 1.538197 1.254908 1.080489 1.254908 2.462641 3.625249 2.865953 3.566364 1.620163 0.951640
5.051553 2.761072 3.394297 1.931180 3.675467 3.102662 3.102662 2.323376 3.937422 3.035654 3.291134 2.527101 1.165226 2.161364 0.912843 1.402902 0.980105 1.109110 1.600904 3.033876 4.065781 4.669168 1.975868 4.871846 0.940778 1.183716 0.767286 0.791556 0.867333 3.246069 3.709961 2.494445 0.822167 1.459360 1.459360 0.905891 2.462641 2.287805 2.084397 2.179191 2.561145 1.942323 0.987863 1.165226 0.984003 0.911570 2.084397 2.084397 2.084397 2.177121 1.129771 1.009304 1.491390 1.488613 1.192184 1.057653 1.221316 1.144435 3.846536 1.270074 4.061603 4.061603 2.462641
3.573664 4.234270 3.921425 2.367278 3.661366 2.188401 1.135042 2.682068 3.347498 0.780793 0.801029 1.216047 1.109110 3.179831 1.737025 1.600904 0.993534 1.348231 2.084397 3.690548 2.194446 3.974749 4.827786 3.690548 4.518462 1.343574 1.004258 1.613068 0.945942 2.159332 4.398720 4.434259 0.813672 1.332789 2.617516 1.067658 1.885214 2.287805 2.084397 3.729011 2.561145 2.084397 0.774396 1.165226 2.084397 2.561145 2.177121 2.084397 2.084397 2.253081 2.177121 3.179831 1.358731 1.358731 1.216708 0.860545 1.155629 1.155629 1.942323 3.294551 3.168912 2.929297 1.718218
4.320528 4.091331 2.700626 2.573695 2.741502 2.131089 1.725987 1.370747 2.778472 0.767375 0.795909 1.242977 1.483017 1.348231 0.982448 1.144435 0.930176 2.179191 2.179191 2.084397 1.826622 4.091331 4.671995 2.448863 3.209401 1.749683 1.004258 2.518761 3.019448 3.033876 2.870072 3.304634 2.878193 1.332789 0.788578 0.766385 2.084397 1.600904 1.942323 1.942323 3.705078 1.942323 0.864234 1.336857 1.085933 2.084397 2.084397 2.462641 2.462641 2.287805 4.394902 2.687444 1.129771 1.036859 1.085933 1.258835 1.498266 1.149796 3.168912 2.878193 2.084397 2.084397 2.084397
3.673740 3.304634 2.810379 0.843502 4.098631 2.131089 1.483720 0.787703 0.911011 1.285518 1.285518 1.737025 1.110998 0.989397 1.149796 1.114750 1.077495 0.984391 2.084397 2.084397 2.620544 4.065781 4.140567 3.164141 2.259896 2.533708 3.661366 3.049675 2.265300 2.412982 2.673893 3.563382 3.935698 1.880917 0.768033 1.977001 1.604668 1.942323 1.942323 1.193279 1.621885 1.942323 0.980105 1.600904 1.111468 1.216708 2.084397 1.600904 1.464430 2.084397 2.833069 1.988227 3.179831 1.793194 1.254908 0.914614 1.233658 3.729011 2.850514 3.294551 3.884074 1.942323 1.434102
3.054840 4.794114 2.738181 2.738181 1.517445 2.793842 0.785388 0.911825 1.165226 1.336857 1.717349 1.385308 0.780240 1.002930 1.285518 1.165226 1.028927 1.242977 0.791794 2.084397 3.322468 1.942323 3.328744 1.993770 2.126777 4.306647 3.675467 3.661366 2.673893 3.035654 3.176742 3.301301 3.257282 2.273329 3.162539 0.885037 2.666979 2.287805 3.729011 1.255565 1.621885 1.942323 2.084397 0.938918 1.111468 1.080489 1.216708 2.084397 2.084397 2.270663 4.091331 1.988227 2.644234 2.084397 0.836108 2.171909 1.787426 1.621885 1.621885 3.212226 3.294551 3.294551 2.703218
5.378639 3.163905 2.664187 2.203370 1.853478 1.638015 0.911011 0.838702 1.132654 1.165858 1.483017 0.846953 0.837169 1.348231 1.034887 0.923177 0.896770 1.219345 1.019744 2.287805 3.557315 3.328744 3.328744 1.725987 1.255565 2.068193 4.394902 4.431517 3.707526 2.545132 3.176742 3.426613 4.003812 1.969032 2.435277 1.054494 1.462263 2.287805 1.113815 1.914607 1.942323 3.193436 0.917890 1.161420 0.911570 1.057653 1.180224 2.358926 3.266435 3.454639 3.454639 3.797525 3.049675 2.135367 2.179191 4.240223 1.127355 1.601847 1.942323 3.915851 3.915851 3.960138 1.247644
3.163905 4.904528 2.664187 1.255565 2.116955 0.823284 1.285518 1.106264 1.124926 1.165858 1.684041 1.023917 1.914607 1.483720 1.034887 1.034887 1.057653 1.483017 1.717349 1.483017 4.414688 3.437812 2.703218 0.989397 1.600904 2.270663 4.367706 3.729011 3.729011 2.784671 3.141162 4.325910 4.075938 2.162395 2.836020 0.972620 3.120524 1.198176 1.135042 1.563781 1.942323 2.451643 2.451643 1.165226 0.834885 1.180224 1.165226 1.144435 1.483720 2.844769 4.143348 3.960138 3.168912 1.742046 2.906081 1.749683 1.621885 1.144435 2.850514 3.685613 3.591968 2.648570 0.989397
3.163905 2.880865 2.419628 0.980105 0.772470 0.801259 1.471650 1.471650 1.635497 2.504650 1.684041 1.826622 1.483720 1.835384 1.285518 1.547844 0.774208 2.396733 3.209401 1.784523 4.303797 0.917890 1.532887 1.782580 1.348231 0.980105 2.850514 1.575960 1.942323 3.141162 3.063336 2.584488 3.141162 3.176742 1.560201 2.846212 0.830227 1.981514 2.084397 1.942323 1.262737 1.942323 1.143356 1.103400 0.920874 1.234301 0.768830 1.149796 1.483720 2.638400 3.337555 4.073940 4.367706 3.729011 2.084397 1.749683 3.049675 4.414688 3.558845 3.729011 1.942323 1.052707 1.052707
5.161288 3.163905 1.017832 1.396476 0.857875 0.946308 1.600904 1.635497 3.345525 2.620544 1.750703 1.684041 1.124926 3.729011 2.504650 1.216047 2.323376 3.721957 4.414688 3.771174 2.850514 0.982448 0.993534 1.621885 1.233658 1.144435 1.483720 1.483720 2.861795 1.942323 3.709961 3.328744 1.558042 1.367933 1.560201 1.463708 1.650451 1.307374 1.177749 1.867865 1.942323 1.942323 2.451643 1.483017 1.952274 2.084397 1.940312 0.844090 1.575960 4.159616 4.434259 2.330449 3.477490 3.049675 3.049675 2.462641 4.414688 4.414688 4.414688 2.896529 4.048674 1.144435 0.998031
5.299904 4.125195 2.370139 0.776805 1.165226 0.876262 1.600904 3.729011 2.620544 2.049049 2.333951 1.750703 1.483720 3.729011 1.635497 2.049049 3.345525 2.473440 3.453148 3.453148 4.414688 4.414688 1.621885 1.621885 1.621885 1.850657 1.432584 3.063336 1.144435 0.850039 4.414688 3.049675 2.084397 2.223746 1.529831 3.125765 0.842911 1.328009 0.795369 2.084397 2.084397 2.504650 4.065781 1.600904 1.600904 2.123521 2.123521 1.481609 1.483720 4.421150 4.143348 4.075938 4.048674 3.797525 4.414688 2.961667 4.414688 4.815881 3.797525 4.414688 3.104475 0.966648 0.980105
3.163905 1.964958 2.510928 0.844237 1.023917 1.668084 3.193436 1.684041 1.684041 1.835384 2.620544 2.620544 1.165858 3.729011 1.750703 1.165858 2.504650 3.797525 4.414688 4.414688 3.771174 3.729011 4.065781 2.026049 2.850514 1.606543 1.714732 1.101961 1.161420 1.721684 1.600904 2.084397 1.125899 1.026926 1.324546 2.347728 1.006902 0.789249 0.782269 0.782269 1.066306 2.270663 2.084397 1.621885 2.756237 1.600904 1.942323 1.036859 2.084397 3.855718 3.557315 3.926878 4.048674 4.414688 4.414688 3.797525 4.622048 4.156954 4.328564 4.414688 2.936266 0.978143 2.133232
2.723024 3.666730 1.769809 1.342237 0.851570 3.575098 3.193436 1.547844 1.483720 1.684041 3.575098 3.073344 3.247955 1.621885 1.546371 2.202387 2.410303 3.220912 3.168912 4.065781 4.065781 1.348231 3.729011 3.729011 2.084397 0.892321 1.072578 1.161420 3.729011 2.615997 1.600904 1.600904 1.444630 0.764459 0.899904 0.791794 4.288529 3.558845 0.776809 0.776809 1.328009 2.084397 1.942323 1.621885 1.982637 1.600904 1.815746 2.084397 2.816525 2.599598 2.879531 4.048674 3.793603 3.463722 4.414688 4.434259 2.054201 4.844116 4.414688 4.414688 3.627242 1.600904 1.108163
5.008845 1.822688 1.757803 1.170265 2.215004 1.210734 0.931167 1.435617 3.179831 3.729011 4.785090 1.979261 3.526584 3.526584 4.091331 3.477490 2.922246 3.220912 3.168912 3.168912 3.705078 1.942323 1.600904 1.600904 3.747292 1.129771 0.791794 2.084397 1.784523 3.729011 3.729011 3.729011 1.006022 1.161420 0.890879 2.126777 0.768818 1.066306 0.784270 1.328009 2.462641 2.462641 1.205699 2.168757 1.942323 1.942323 1.942323 2.084397 2.084397 3.869088 1.906298 1.906298 3.596271 4.414688 2.046460 3.139475 4.414688 3.771174 3.960138 3.179831 1.920873 2.865953 3.104475
2.998370 1.504801 1.769809 1.170265 1.193826 0.769954 0.879385 3.179831 3.729011 4.832182 4.785090 5.038839 3.188956 2.433989 3.477490 3.477490 3.164141 3.164141 3.168912 2.850514 1.815746 0.835090 0.982448 3.193436 2.084397 1.483720 0.980105 1.942323 1.942323 2.615997 1.784523 2.587539 0.936416 0.767510 0.888156 1.756793 3.159317 2.553184 0.919746 1.066306 2.084397 2.084397 1.144435 1.144435 1.942323 2.084397 1.942323 1.750703 1.492772 2.712727 3.049675 3.142842 2.291658 4.048674 1.914607 2.391222 4.414688 4.107386 4.459539 4.438189 2.717895 2.767459 3.316081
4.276876 2.180223 1.908370 0.800554 1.193826 0.915888 2.215960 0.776662 0.776662 2.115853 4.808110 5.049559 4.872431 5.067650 4.172625 3.164141 3.721957 2.514658 0.835905 1.096163 0.791556 1.883069 0.780240 1.621885 1.942323 1.144435 1.144435 1.255565 2.615997 2.084397 2.084397 0.980105 0.911011 1.021267 2.462641 2.462641 2.312593 5.049559 5.276414 0.773584 0.776809 0.867333 1.008127 1.216708 1.144435 4.065781 3.049675 1.815746 1.982637 2.712727 3.168912 4.414688 4.048674 3.102662 2.133232 2.772204 4.414688 4.132104 2.457167 2.490567 2.494445 3.040954 4.572000
