Example_Watersheds/WA_MashelWatershed/DataInputs/o_3_ChemistryPools/Mashel_1990_Pools/N_g_root_3.asc
ncols         923
nrows         455
xllcorner     550005.67551598
yllcorner     5180549.8134422
cellsize      30
NODATA_value  -9999
[rows 252 to 279 of 455, columns 756 to 818 of 923]
0.284278 0.396590 0.300265 0.253800 0.215177 0.314099 0.257005 0.519468 0.457433 0.560968 0.451028 0.560968 0.576019 0.510388 0.567838 0.262703 0.323004 0.358663 0.272472 0.368451 0.491393 0.467542 0.388704 0.388704 0.322754 0.489000 0.560699 0.371717 0.500365 0.310175 0.528807 0.562131 0.404964 0.462949 0.521192 0.256598 0.524858 0.364061 0.417197 0.210623 0.325483 0.249648 0.253896 0.250682 0.261889 0.428359 0.084651 0.009149 0.011094 0.010636 0.594244 0.594244 0.192739 0.194946 0.212896 0.010064 0.111694 0.094768 0.046327 0.009149 0.009149 0.009149 0.015249
0.542955 0.488679 0.386726 0.244038 0.164355 0.270843 0.257005 0.399199 0.416520 0.561500 0.561500 0.452525 0.426636 0.510388 0.429063 0.125310 0.125310 0.176984 0.432990 0.497259 0.336336 0.347171 0.308587 0.278171 0.452654 0.451972 0.489349 0.544778 0.518307 0.542792 0.384035 0.548503 0.495174 0.270029 0.256598 0.299743 0.224961 0.300091 0.174845 0.239476 0.252227 0.475196 0.174845 0.174845 0.452654 0.276543 0.091969 0.149397 0.010979 0.039867 0.009264 0.049336 0.139777 0.096651 0.062215 0.016240 0.075517 0.053215 0.014753 0.009149 0.009149 0.009149 0.066517
0.545422 0.561526 0.145757 0.094299 0.174845 0.311228 0.168837 0.248409 0.248409 0.367664 0.319738 0.451298 0.384575 0.333134 0.356742 0.300609 0.207794 0.335135 0.415615 0.542093 0.387263 0.569177 0.470382 0.416520 0.480010 0.353613 0.419663 0.252988 0.583214 0.371717 0.542063 0.499746 0.487395 0.323502 0.224961 0.496009 0.462949 0.501704 0.268808 0.417872 0.389291 0.548927 0.341949 0.211191 0.242645 0.490275 0.572888 0.173778 0.052429 0.156174 0.043403 0.168193 0.139777 0.077547 0.074593 0.036463 0.031919 0.173246 0.098071 0.009149 0.119162 0.009149 0.079744
0.542293 0.276543 0.242467 0.099977 0.196606 0.303764 0.443096 0.297057 0.178594 0.332734 0.300609 0.369620 0.150620 0.543094 0.259447 0.218613 0.132747 0.321000 0.370200 0.491815 0.500365 0.545295 0.398331 0.470382 0.525711 0.433148 0.324247 0.477442 0.413566 0.438285 0.543193 0.384035 0.561526 0.572116 0.519238 0.262703 0.388117 0.227284 0.268808 0.577373 0.309117 0.303442 0.489810 0.251652 0.253896 0.490275 0.577204 0.451856 0.395136 0.116412 0.011437 0.015897 0.418321 0.210623 0.553382 0.553382 0.021020 0.063065 0.104315 0.080629 0.012123 0.009149 0.009149
0.476479 0.227284 0.155553 0.360974 0.273693 0.252883 0.176984 0.176984 0.176448 0.207794 0.300609 0.349585 0.252668 0.374759 0.513786 0.242823 0.415388 0.321000 0.468154 0.322004 0.322004 0.373655 0.561002 0.452429 0.569177 0.433148 0.431934 0.412650 0.385383 0.490759 0.489310 0.421219 0.371717 0.509575 0.384035 0.277764 0.242467 0.416520 0.373102 0.561862 0.585209 0.284278 0.370884 0.555626 0.233716 0.367467 0.562005 0.562005 0.314618 0.091969 0.012695 0.013495 0.011780 0.110203 0.076674 0.179670 0.009149 0.085102 0.099500 0.089659 0.033191 0.009264 0.011094
0.125310 0.292830 0.132747 0.360974 0.243523 0.256191 0.168837 0.150620 0.199941 0.148788 0.125876 0.150008 0.150008 0.257005 0.227284 0.489271 0.370392 0.373102 0.393971 0.388117 0.452383 0.305493 0.483542 0.306104 0.550945 0.356436 0.353613 0.414706 0.525711 0.527885 0.569177 0.594170 0.543193 0.371717 0.259447 0.433791 0.108720 0.404389 0.291608 0.584598 0.584598 0.561941 0.565620 0.548927 0.263110 0.310438 0.121382 0.238688 0.451856 0.201057 0.056414 0.037809 0.013152 0.033191 0.016643 0.119162 0.009149 0.009149 0.027310 0.037809 0.039176 0.009149 0.012923
0.294459 0.302297 0.277764 0.163719 0.219187 0.219187 0.166910 0.269215 0.181827 0.198272 0.187258 0.164355 0.205540 0.328738 0.288757 0.354419 0.179132 0.123620 0.369231 0.561195 0.361805 0.286314 0.304559 0.545295 0.396009 0.356436 0.353613 0.412650 0.549412 0.345162 0.560809 0.580514 0.542674 0.503037 0.529164 0.584598 0.371717 0.267994 0.238433 0.581153 0.602088 0.583663 0.565620 0.303442 0.391927 0.183993 0.009149 0.562005 0.226703 0.201057 0.097123 0.070054 0.223223 0.082408 0.086915 0.141560 0.009149 0.009149 0.009149 0.009149 0.012809 0.009149 0.009149
0.556746 0.580835 0.599249 0.343153 0.547038 0.265145 0.166910 0.300265 0.297240 0.253503 0.139185 0.112193 0.139185 0.248266 0.248266 0.409649 0.208359 0.147572 0.410113 0.252668 0.325483 0.286314 0.507681 0.545295 0.545295 0.454362 0.371439 0.525711 0.549412 0.252883 0.410576 0.542391 0.455819 0.320243 0.236661 0.350793 0.406970 0.256598 0.455286 0.489937 0.545675 0.373102 0.497051 0.562176 0.414251 0.112692 0.058868 0.376135 0.101416 0.490350 0.427790 0.533465 0.533465 0.452219 0.215748 0.037133 0.062215 0.016354 0.029802 0.077985 0.013610 0.011551 0.009149
0.556746 0.542689 0.490398 0.546614 0.126442 0.101897 0.113193 0.300265 0.205540 0.253503 0.253800 0.199941 0.136829 0.112193 0.248266 0.178057 0.502185 0.502185 0.369231 0.162451 0.294811 0.263517 0.276950 0.243350 0.540486 0.548392 0.413566 0.578271 0.560968 0.252883 0.315651 0.472307 0.356033 0.412650 0.301797 0.356436 0.321753 0.502014 0.428923 0.252227 0.319738 0.578710 0.594170 0.370007 0.370007 0.581153 0.250682 0.536581 0.247978 0.181287 0.473912 0.091969 0.498919 0.101416 0.154313 0.023318 0.011665 0.050872 0.013838 0.010979 0.013610 0.009149 0.009149
0.402664 0.542689 0.309911 0.546614 0.546614 0.166269 0.318977 0.147572 0.294051 0.294051 0.253503 0.451912 0.041266 0.063920 0.242107 0.176448 0.247089 0.464174 0.284278 0.247089 0.239476 0.250556 0.249380 0.595069 0.553008 0.555253 0.508719 0.572584 0.525049 0.260261 0.215177 0.273286 0.356033 0.429063 0.375585 0.381598 0.561500 0.281021 0.302130 0.297423 0.351196 0.287536 0.597063 0.176984 0.535411 0.245528 0.250682 0.202175 0.155553 0.281835 0.219187 0.451856 0.101416 0.101416 0.110203 0.173778 0.108227 0.109708 0.009836 0.009149 0.013838 0.009264 0.009149
0.404677 0.453982 0.313580 0.514126 0.507500 0.373655 0.180747 0.016011 0.419216 0.311228 0.253503 0.243696 0.251054 0.365876 0.112193 0.110699 0.318214 0.150620 0.168837 0.189444 0.251652 0.351598 0.403815 0.588249 0.587836 0.555253 0.594170 0.578630 0.578630 0.563667 0.315651 0.356033 0.356033 0.580793 0.561500 0.429063 0.430584 0.489489 0.416068 0.356436 0.268808 0.300265 0.296503 0.561002 0.585975 0.501724 0.172182 0.256598 0.170591 0.153077 0.296688 0.319991 0.324989 0.445980 0.025689 0.429342 0.429342 0.036463 0.036463 0.067393 0.009149 0.016643 0.009149
0.083303 0.191089 0.414023 0.589572 0.507500 0.498711 0.088741 0.009149 0.174845 0.198272 0.145757 0.243696 0.111694 0.253402 0.112193 0.347171 0.269622 0.229616 0.168837 0.168837 0.220338 0.220338 0.133908 0.249380 0.308852 0.603978 0.510388 0.491393 0.594170 0.358451 0.247978 0.273286 0.433148 0.578271 0.423424 0.356033 0.543193 0.344760 0.436360 0.302130 0.274507 0.253402 0.282243 0.545295 0.520906 0.391635 0.549593 0.543531 0.543531 0.298327 0.185623 0.300265 0.489810 0.300951 0.508036 0.395136 0.161187 0.013953 0.021020 0.050872 0.012237 0.016643 0.009149
0.168837 0.368058 0.547606 0.579527 0.585617 0.505679 0.364871 0.419216 0.131591 0.128719 0.210057 0.210057 0.247978 0.247978 0.151846 0.014639 0.484184 0.320496 0.350793 0.483542 0.332335 0.329936 0.301964 0.279393 0.488399 0.550025 0.532688 0.502084 0.373102 0.304084 0.260261 0.356033 0.549657 0.563667 0.413794 0.315651 0.353613 0.423424 0.429759 0.360139 0.430584 0.472949 0.302130 0.302130 0.355629 0.302130 0.300265 0.450684 0.391342 0.199384 0.185623 0.268808 0.283057 0.562005 0.507500 0.444378 0.425017 0.013953 0.009149 0.050872 0.009836 0.009149 0.009149
0.186167 0.366276 0.589485 0.547606 0.450417 0.473912 0.550307 0.505679 0.571860 0.047821 0.147572 0.210057 0.210057 0.166910 0.365475 0.077110 0.042686 0.506294 0.453950 0.531224 0.145154 0.168837 0.175379 0.240627 0.321753 0.528820 0.598990 0.518888 0.470382 0.304084 0.315651 0.373102 0.547491 0.543494 0.428217 0.315651 0.356033 0.315651 0.315651 0.302462 0.315651 0.356033 0.302130 0.302130 0.300437 0.545295 0.366674 0.276950 0.323004 0.310702 0.299393 0.299568 0.323502 0.581153 0.252114 0.283057 0.095708 0.009149 0.392512 0.564909 0.564909 0.087826 0.009836
0.149397 0.117509 0.321000 0.542513 0.547606 0.472949 0.505679 0.372826 0.571860 0.168837 0.393096 0.400356 0.273693 0.246476 0.166910 0.077110 0.237251 0.252776 0.246631 0.350793 0.136829 0.010865 0.175379 0.583337 0.580514 0.580514 0.578006 0.581594 0.578602 0.597063 0.315651 0.215177 0.358451 0.315651 0.356033 0.315651 0.353613 0.356033 0.423424 0.461417 0.315651 0.299743 0.430584 0.360139 0.363449 0.300437 0.303118 0.370200 0.316936 0.495174 0.299743 0.135657 0.135657 0.328339 0.240438 0.248691 0.091042 0.247832 0.201616 0.197161 0.096651 0.025689 0.141560
0.545422 0.117509 0.146966 0.277764 0.599249 0.495174 0.558429 0.542689 0.163719 0.112193 0.246785 0.196052 0.414479 0.384305 0.145757 0.103830 0.142156 0.142156 0.210623 0.316166 0.300609 0.238688 0.367467 0.460804 0.417647 0.596352 0.589869 0.505679 0.578006 0.584598 0.276950 0.277357 0.415161 0.315651 0.356033 0.412650 0.356033 0.550142 0.394262 0.315651 0.423424 0.315651 0.414934 0.360139 0.287943 0.287943 0.356742 0.323004 0.315651 0.450907 0.508094 0.384035 0.329537 0.249380 0.240438 0.247978 0.036463 0.217465 0.011894 0.017353 0.015783 0.025689 0.240247
0.248551 0.155553 0.205540 0.242467 0.544317 0.547606 0.543325 0.599249 0.257412 0.048576 0.048576 0.147572 0.253992 0.344358 0.205540 0.368842 0.185623 0.253503 0.472949 0.252988 0.227284 0.254970 0.305493 0.241375 0.592619 0.546791 0.561495 0.578006 0.598990 0.589900 0.547120 0.561941 0.542471 0.315651 0.318214 0.315651 0.302462 0.315651 0.315651 0.281021 0.315651 0.315651 0.302462 0.430584 0.391342 0.287536 0.273693 0.323004 0.276950 0.319485 0.324495 0.244038 0.250931 0.198272 0.180747 0.246164 0.034484 0.021778 0.125310 0.069162 0.014182 0.055606 0.125310
0.477121 0.242645 0.421882 0.170591 0.553008 0.500983 0.542462 0.542462 0.504533 0.103345 0.041266 0.305493 0.253992 0.311752 0.198272 0.388998 0.110699 0.288757 0.453022 0.252988 0.398331 0.384844 0.208359 0.561463 0.520332 0.603043 0.561495 0.608572 0.545933 0.545933 0.608925 0.543052 0.501643 0.453982 0.249107 0.318214 0.315651 0.318214 0.315651 0.356033 0.315651 0.315651 0.303118 0.489111 0.334735 0.424568 0.485468 0.356742 0.544582 0.294051 0.356742 0.281428 0.244875 0.196052 0.230200 0.430992 0.096179 0.096179 0.033191 0.086007 0.210623 0.109708 0.085102
0.569177 0.477763 0.553008 0.254156 0.248831 0.500983 0.607436 0.583663 0.259447 0.100936 0.158046 0.166910 0.097123 0.432990 0.174845 0.265959 0.044126 0.367467 0.070951 0.262703 0.453740 0.366276 0.366276 0.561996 0.542015 0.528820 0.586636 0.595368 0.545933 0.560898 0.603368 0.529970 0.589900 0.432596 0.300091 0.302130 0.318214 0.315651 0.315651 0.315651 0.260261 0.260261 0.301460 0.412650 0.283464 0.392804 0.305800 0.416294 0.549657 0.549657 0.356742 0.249244 0.249244 0.204978 0.069162 0.371994 0.444378 0.248970 0.033191 0.111694 0.144552 0.398910 0.542015
0.563667 0.549412 0.164992 0.454059 0.418769 0.605042 0.601509 0.607489 0.484505 0.097123 0.315393 0.014753 0.171121 0.408252 0.408252 0.247978 0.009378 0.044126 0.119716 0.581657 0.502172 0.500983 0.426052 0.594170 0.588249 0.587836 0.571555 0.339943 0.600920 0.589986 0.556000 0.286314 0.575342 0.283057 0.283057 0.319485 0.321000 0.315651 0.318214 0.375861 0.260261 0.315651 0.260261 0.302130 0.330735 0.364264 0.315651 0.265145 0.246937 0.363449 0.321000 0.249244 0.067393 0.283057 0.283871 0.489489 0.348780 0.503253 0.242287 0.185079 0.364669 0.605243 0.429759
0.484505 0.380511 0.168837 0.274507 0.553008 0.256598 0.572532 0.579527 0.526097 0.195499 0.149397 0.305493 0.415161 0.092433 0.169482 0.087826 0.009378 0.274100 0.446941 0.554692 0.547526 0.442455 0.588249 0.594170 0.561941 0.578271 0.565497 0.543508 0.574833 0.572482 0.556000 0.593924 0.543467 0.091969 0.367269 0.501806 0.314099 0.359929 0.317959 0.321000 0.304084 0.277357 0.303442 0.303442 0.303442 0.278985 0.420997 0.375035 0.307297 0.368451 0.380239 0.061370 0.543233 0.249244 0.252114 0.422324 0.422103 0.503253 0.582699 0.403527 0.601894 0.601894 0.348780
0.229032 0.093365 0.091969 0.230785 0.252668 0.358663 0.252668 0.418545 0.277764 0.195499 0.304873 0.342350 0.326742 0.305184 0.489571 0.132169 0.063920 0.009149 0.453022 0.593863 0.545422 0.594170 0.519468 0.594170 0.563667 0.594170 0.594170 0.565189 0.416746 0.594170 0.549629 0.454260 0.501724 0.507378 0.591532 0.490301 0.388704 0.317959 0.294811 0.304084 0.279393 0.316680 0.316680 0.311752 0.278985 0.265145 0.302462 0.304084 0.455819 0.561906 0.130439 0.558995 0.291201 0.291201 0.302462 0.314877 0.345965 0.169482 0.573090 0.545166 0.578280 0.613466 0.348780
0.292830 0.114775 0.170061 0.251535 0.549300 0.301964 0.252668 0.252668 0.290386 0.306556 0.116412 0.391050 0.391050 0.176984 0.451267 0.183993 0.256598 0.087370 0.087370 0.206666 0.159927 0.401799 0.225541 0.572584 0.598055 0.365274 0.454673 0.578271 0.563667 0.453421 0.589271 0.290794 0.549083 0.407785 0.559395 0.590958 0.452832 0.296688 0.305800 0.174845 0.286314 0.316680 0.124746 0.303764 0.316680 0.249514 0.249514 0.359086 0.302462 0.181827 0.255377 0.578630 0.589900 0.304084 0.421440 0.314877 0.172182 0.106754 0.287943 0.519756 0.566500 0.597428 0.368646
0.505057 0.520603 0.383224 0.282243 0.245366 0.241925 0.525734 0.252668 0.301964 0.105776 0.136829 0.214035 0.219762 0.214606 0.112193 0.467848 0.133908 0.246785 0.242999 0.294051 0.159927 0.415388 0.356436 0.474554 0.561368 0.542549 0.549300 0.578271 0.578271 0.509315 0.362835 0.240438 0.350390 0.573887 0.559395 0.542989 0.208359 0.069162 0.041973 0.068275 0.242467 0.180747 0.189444 0.124746 0.316680 0.151232 0.300609 0.247240 0.373379 0.163719 0.271251 0.520312 0.501279 0.209490 0.220338 0.243867 0.241003 0.095237 0.218613 0.171651 0.588895 0.496218 0.087370
0.240056 0.371717 0.452542 0.300609 0.275321 0.544516 0.561679 0.507500 0.259447 0.105776 0.112193 0.159927 0.238433 0.214606 0.112193 0.119716 0.153077 0.352404 0.318977 0.269622 0.509575 0.306255 0.526420 0.566266 0.395136 0.572989 0.501643 0.562048 0.499539 0.578183 0.578183 0.363040 0.274507 0.247389 0.562005 0.269622 0.226121 0.146361 0.009149 0.010064 0.081517 0.242645 0.241743 0.220338 0.124746 0.128719 0.144552 0.241559 0.294051 0.061370 0.172714 0.562509 0.434754 0.146966 0.297057 0.189444 0.183451 0.171121 0.171121 0.077110 0.199384 0.424568 0.138595
0.010979 0.249244 0.361390 0.528969 0.583624 0.579484 0.582493 0.251535 0.314099 0.314099 0.250302 0.142753 0.256191 0.203855 0.318977 0.099977 0.432067 0.034484 0.064780 0.251296 0.276543 0.091969 0.091969 0.543471 0.583624 0.602093 0.519468 0.561941 0.501643 0.542689 0.301460 0.257819 0.299040 0.305339 0.248691 0.081517 0.021020 0.013495 0.009378 0.320748 0.164355 0.239476 0.242645 0.306705 0.247978 0.128719 0.172182 0.144552 0.231956 0.252776 0.252776 0.543094 0.584108 0.265959 0.235481 0.272879 0.287943 0.124182 0.175913 0.077110 0.070054 0.009149 0.010636
0.058868 0.553008 0.553008 0.490336 0.594170 0.397461 0.487395 0.302627 0.296503 0.340745 0.144552 0.288350 0.241375 0.092433 0.076239 0.076239 0.291201 0.101416 0.081517 0.242999 0.179670 0.546371 0.564460 0.543471 0.583624 0.561495 0.562005 0.578208 0.561588 0.384305 0.303118 0.257819 0.303118 0.248123 0.244207 0.012123 0.453528 0.109708 0.009378 0.009149 0.110203 0.143951 0.295380 0.135073 0.239476 0.446301 0.304084 0.368255 0.247089 0.272065 0.382954 0.578630 0.550142 0.304084 0.321000 0.326343 0.283871 0.124182 0.116960 0.391050 0.219187 0.021020 0.009149
0.021020 0.553008 0.259854 0.490336 0.455900 0.179670 0.303924 0.275321 0.314099 0.543382 0.211759 0.186712 0.112193 0.323750 0.168837 0.137416 0.276136 0.101416 0.093365 0.179670 0.127579 0.507681 0.542513 0.563411 0.601436 0.543760 0.578772 0.597063 0.542102 0.414706 0.339141 0.315651 0.303118 0.321251 0.321251 0.224961 0.115319 0.394845 0.140370 0.115865 0.453139 0.154313 0.302791 0.249107 0.431934 0.368255 0.421440 0.302462 0.260261 0.287536 0.414479 0.492868 0.597063 0.505057 0.373379 0.422544 0.174845 0.198272 0.104801 0.090580 0.131591 0.109708 0.109708
