Example_Watersheds/WA_MashelWatershed/DataInputs/o_3_ChemistryPools/Mashel_1990_Pools/N_g_Det_BgStem_2.asc
ncols         923
nrows         455
xllcorner     550005.67551598
yllcorner     5180549.8134422
cellsize      30
NODATA_value  -9999
[rows 392 to 419 of 455, columns 567 to 629 of 923]
0.776809 0.774096 0.766384 0.784270 0.856262 0.784002 0.825670 0.772744 0.849564 0.848501 0.848501 0.932154 0.848243 0.776809 0.867333 4.061603 1.550777 1.144435 1.028427 0.797882 1.949307 0.805467 1.487220 1.558762 0.768740 0.835294 0.949171 2.705795 2.114750 1.140107 0.768740 2.084397 2.084397 1.712981 1.157208 0.767708 1.084454 1.204096 0.946929 0.787151 0.766384 2.175043 3.099041 2.533708 3.415034 3.683947 2.956680 1.538197 1.642190 1.880917 1.880917 1.879838 1.559482 0.766141 0.828159 0.842039 1.491390 3.339560 3.355313 4.873035 3.163905 4.914771 5.456417
0.902354 0.775116 0.946929 1.010087 1.285518 1.188886 0.781687 0.769264 0.774041 0.800890 0.772744 1.063591 0.848243 0.877450 0.816093 0.883634 0.913857 1.011259 1.412431 1.238276 1.488613 1.526758 0.964797 0.885596 0.768740 1.746195 1.028384 1.412431 2.259896 1.947320 3.594124 1.754769 2.104724 2.084397 2.259896 1.358731 1.015910 0.792269 1.028384 0.766387 0.874467 1.127839 1.483720 3.683947 3.106283 1.942323 2.151120 0.980105 2.175043 2.480089 3.683947 2.517129 1.642190 1.698718 0.982154 1.880917 0.798717 0.798717 0.774096 0.880524 3.884074 3.100843 2.770627
1.010478 0.766388 0.936726 1.273080 1.260789 1.308098 0.821986 0.877189 0.768989 0.802053 0.835701 0.766035 0.766035 0.867494 0.772802 0.798350 1.155629 0.905159 0.980105 1.158871 3.952328 1.139563 1.139563 1.880917 0.776809 0.990162 1.746195 0.788590 1.874421 3.028508 2.202387 2.604061 2.407613 0.980105 2.084397 1.358731 0.858143 0.792269 2.887468 1.535927 1.634655 1.880917 0.776809 1.276068 3.106283 3.617174 1.496213 1.901090 1.421051 1.421051 1.642190 2.868704 1.053601 0.804607 1.642190 0.996237 1.351533 1.348231 1.454246 1.989339 2.450255 3.366801 2.515895
0.946929 0.833917 2.112536 2.006883 1.188886 1.305195 2.177121 0.802234 0.852404 1.305195 0.776809 0.818972 0.896968 0.838384 0.838384 0.798038 1.144435 1.495526 1.516662 1.144435 3.683947 1.288436 2.733167 1.880917 0.867333 0.787690 1.642190 1.473799 1.812749 3.176742 2.202387 2.868704 1.190538 1.942323 2.123521 1.358731 1.788391 1.248971 2.233652 1.510364 1.470212 0.848559 0.848559 0.766035 0.867333 1.854415 3.869088 2.587539 0.766384 0.784940 0.786526 0.819190 1.005582 1.362265 0.771507 1.592362 1.722547 1.643851 0.768161 2.084397 2.462641 2.351114 1.324546
0.775249 1.254908 2.112536 1.243646 1.878758 1.088877 2.198433 2.198433 1.057194 1.024414 1.012427 0.874467 1.028384 0.991560 0.802916 1.078994 1.144435 2.638400 2.157291 3.524880 2.733167 1.555873 1.453512 1.343574 1.358731 1.839238 1.994873 1.191636 1.172144 2.705795 2.478765 3.475549 1.238276 0.980105 1.281994 1.784523 1.969032 0.983615 0.778637 1.642190 0.835294 0.835294 0.874467 1.020887 1.139563 0.951986 4.434259 2.705795 0.833861 0.767452 0.911011 0.795318 0.826266 0.892321 0.914109 0.988247 0.773542 0.892321 0.816093 2.084397 2.339736 2.339736 2.900347
1.699624 1.504801 2.361135 1.457904 0.874397 1.077995 1.618436 1.424932 0.919882 2.784671 0.842911 0.835294 0.874467 0.936806 0.784943 0.798717 1.261439 3.683947 1.674700 3.869088 2.934532 0.886155 1.752739 1.880917 0.818972 1.597120 1.597120 2.029426 1.535927 0.835294 1.020887 2.123521 3.524880 0.873693 1.621885 2.868704 3.869088 1.629579 0.772805 0.909262 0.768740 0.835294 0.819550 0.776809 0.781953 1.247644 3.465715 1.534409 0.833861 0.801981 0.892321 0.792422 0.973532 0.842714 0.842714 1.336857 0.773565 0.888156 0.888156 0.823894 0.766385 0.980105 2.084397
3.163905 2.232245 1.793194 0.841611 0.803130 1.308098 1.188886 1.308098 1.291915 1.084454 0.850806 2.042561 0.835294 1.028384 0.779860 0.874467 1.470212 2.120247 3.683947 3.683947 4.061603 3.374304 3.485165 2.853360 1.315300 1.216708 1.597120 2.029426 1.626171 0.835294 1.365814 1.319584 2.123521 3.617174 1.621885 1.784523 2.084397 1.764832 1.885214 1.465153 1.044580 1.430299 0.835294 0.867333 0.924964 3.937422 3.937422 2.868704 1.186122 1.642190 0.906166 0.892321 0.892321 0.885492 0.764303 0.860545 0.815878 0.795111 1.161420 0.802738 0.988247 0.917890 1.600904
3.163905 4.431517 1.282583 2.487966 0.859480 2.061865 1.188886 1.305195 0.924846 1.280224 2.329277 2.329277 1.535927 0.835294 1.028384 0.784059 0.801488 1.874421 3.683947 3.426613 4.061603 3.655909 2.385665 0.884477 1.067208 1.541185 1.448347 1.464430 1.564494 1.401301 0.835294 0.835294 1.880917 3.683947 1.299352 0.872988 1.532124 1.600904 0.844383 0.980105 0.894202 1.375641 0.774485 0.835294 1.279632 0.819407 3.246069 2.733167 1.746195 0.779708 0.895465 0.842714 0.918336 1.028384 0.969397 0.911011 0.796673 0.892321 0.917890 1.161420 0.842019 0.780240 0.973076
4.416340 3.163905 4.469016 3.163905 3.163905 1.218028 1.703237 1.326636 1.490697 1.143896 1.801748 0.950251 2.160349 0.833582 2.495731 1.880917 0.766384 0.867333 3.683947 3.869088 3.683947 3.960138 3.485165 3.683947 0.777179 1.216708 1.752739 1.632122 2.200415 2.049049 0.835294 1.519787 1.336857 1.880917 3.683947 1.336857 0.837169 0.837169 1.002930 0.777828 1.111468 1.193826 1.578880 1.642190 1.880917 0.819407 3.246069 2.004716 0.835294 0.786526 0.904877 0.940808 0.918336 0.988631 0.809335 0.906166 0.766035 0.784933 0.784933 1.149796 1.135042 0.837169 0.772787
3.163905 3.163905 3.163905 3.163905 4.671995 1.642190 1.040293 1.125899 1.053154 1.055829 2.068193 1.333469 1.598068 1.030423 1.578880 2.162395 1.127839 1.534409 3.683947 3.136084 3.683947 3.683947 2.853360 2.853360 1.880917 1.028384 0.781336 2.810379 0.914109 2.985912 1.747845 1.519787 1.535927 0.835294 1.514308 1.039804 1.421051 1.165226 1.002930 0.989397 0.911825 1.321716 1.486522 1.201952 3.099041 2.705795 2.868704 1.679387 1.642190 0.911011 0.911011 0.774115 0.885492 0.906166 0.892321 0.771754 0.842039 0.776809 0.925182 1.491390 1.125413 0.840140 1.380495
3.163905 3.163905 3.163905 3.163905 3.163905 1.075239 1.125899 0.859747 0.876262 1.412431 2.068193 1.058572 1.158258 1.456443 1.621885 1.621885 1.478073 1.880917 1.534409 2.123521 1.977001 1.977001 3.869088 3.028508 1.880917 0.893081 0.919882 1.223935 2.005801 2.822602 1.969032 2.688779 0.939663 0.766384 0.766785 1.010869 0.944105 0.837169 0.833038 1.942323 0.769511 0.911825 0.921863 0.921863 1.469492 1.550777 0.994437 0.795164 0.802977 0.833950 0.822285 0.911011 0.822285 0.767898 0.911011 0.994437 2.084397 2.733167 2.767459 1.495526 1.151924 2.003630 1.236926
3.163905 3.163905 3.163905 3.163905 3.163905 1.480197 1.600904 1.551508 1.555148 1.176508 1.065855 0.980105 1.512733 2.853360 2.474776 1.747845 1.045035 1.880917 1.880917 3.539908 1.144435 1.486522 1.915656 2.435277 1.008127 0.857607 1.504003 2.733167 0.834681 1.379112 1.484422 1.632122 1.204096 0.792649 0.795318 0.783424 0.772291 1.410061 0.922849 1.421051 0.792388 0.913857 0.915620 1.499630 0.811075 0.780878 2.071964 1.383937 0.911011 0.833950 0.911011 0.772802 0.822285 0.911011 0.899904 0.763973 2.084397 2.030749 3.683947 1.495526 1.325949 1.805701 1.805701
3.163905 3.163905 3.163905 3.163905 5.469328 5.469328 1.878758 1.020125 2.505912 1.600904 1.233658 1.139563 2.361135 3.546360 3.353371 1.468049 0.835294 1.020887 0.949206 2.705795 1.144435 1.087407 1.144435 1.494839 0.770496 0.821800 1.381874 1.381874 2.181252 1.901090 0.782317 2.205331 2.636932 1.642190 1.028384 0.783424 1.002930 0.840351 0.833038 0.998031 1.695080 1.007340 0.915620 1.233658 1.026424 0.817432 1.928106 2.071964 0.813559 0.906166 0.911011 0.911011 0.895465 0.906166 0.906166 0.796070 0.904228 2.503385 1.592362 1.483720 3.683947 2.400835 1.805701
3.163905 3.163905 3.519845 3.163905 3.017619 1.719086 1.621885 1.242307 1.512733 1.603729 1.600904 2.712727 1.440890 3.546360 3.353371 0.863190 1.141734 1.276068 3.683947 3.683947 3.683947 1.517445 1.144435 0.898798 0.783672 1.032412 1.381874 2.134301 2.181252 1.901090 1.891609 1.293645 1.526758 2.228008 1.652089 1.891609 1.299352 0.853598 2.192439 0.889394 1.251617 0.980105 1.592362 1.002930 0.799722 1.795105 1.838277 1.838277 0.792159 0.815980 0.911011 0.824415 0.772802 0.911011 0.892321 0.879671 1.616704 1.652089 1.977001 3.617174 3.576583 2.305289 1.169009
3.163905 3.163905 3.163905 5.304391 0.814973 1.478782 1.448347 1.242307 0.827289 1.144435 1.942323 1.169009 1.169009 1.728553 1.390806 0.775337 0.826266 0.911011 2.140670 2.140670 0.935426 0.998031 0.980105 0.937050 1.280224 1.965922 1.310988 1.210734 1.261439 1.379112 1.961086 2.407613 1.765830 1.880917 3.683947 2.217865 3.015785 0.768989 0.795249 0.915118 0.767834 0.876262 1.824658 0.863077 0.913857 0.777828 0.911011 0.911011 0.779307 0.911011 0.833950 0.838852 0.796673 0.858679 0.783309 2.444670 1.818731 1.438636 2.767459 3.683947 3.576583 1.422606 0.903527
3.163905 3.163905 3.163905 2.037332 1.377032 0.906831 0.778233 1.396476 0.785142 1.165226 0.984391 0.984391 0.984391 1.396476 0.929845 0.913857 0.966648 1.002043 1.845926 1.880917 1.975868 1.097134 1.975868 1.955227 2.267987 2.518761 1.422606 2.039951 1.782580 1.063591 1.390806 1.390806 2.213086 2.474776 2.478765 2.384268 1.642190 2.201402 1.557320 0.915118 0.950946 0.839295 0.785142 0.769954 0.806778 0.858624 0.911011 0.811107 0.911011 0.854478 0.892321 0.787151 0.892321 0.858679 0.773592 0.831590 0.776809 0.801144 0.955774 0.955774 1.830531 3.683947 3.176742
3.163905 3.163905 3.163905 2.751364 0.911011 0.911011 0.911011 0.850039 0.778806 0.913857 1.156156 1.133611 1.233658 1.268263 1.471650 1.412431 0.980105 2.407613 1.845926 3.729011 3.869088 2.472101 1.446863 2.030749 2.030749 2.825614 2.540258 1.642190 2.868704 1.081980 0.766384 0.909262 2.213086 2.695397 3.524880 2.703218 2.225169 1.421051 0.806514 0.903293 1.101961 1.110998 0.838648 1.336857 0.913857 0.784136 0.777364 0.818095 0.795181 0.906166 0.766388 0.766388 0.773456 0.878349 0.787151 1.880917 0.776809 0.766035 0.766035 0.776809 3.683947 3.683947 3.683947
3.163905 3.163905 5.180895 1.546371 0.911011 0.906166 0.770496 0.911011 0.802383 0.773446 0.929183 1.133611 1.041758 0.856262 0.764459 1.161420 1.161420 1.457174 1.268263 0.913857 1.768816 2.329277 1.002930 0.989397 1.801748 2.838954 1.642190 1.053154 1.615836 0.849527 0.941149 0.915620 1.875508 1.752739 1.709464 2.212124 1.724269 0.911011 0.911011 0.823653 1.293645 0.791901 0.767896 0.768005 0.913857 1.002930 0.773446 0.915620 0.770496 0.766996 0.896833 0.816093 0.768684 0.776956 1.146586 2.123521 1.260139 0.976566 0.776809 2.162395 3.702619 0.776809 0.867333
3.163905 3.163905 3.163905 3.207980 0.911011 2.395360 1.412431 0.776993 1.736183 0.816970 0.767629 0.769480 1.033898 1.330062 1.205699 1.268263 1.023917 1.982637 0.853372 0.929845 1.205699 2.395360 0.840351 2.192439 2.608491 2.233652 0.911059 1.199798 1.053154 1.963025 1.015910 1.380495 1.655352 1.110998 1.902135 1.926048 0.771311 0.769954 0.802977 0.769954 0.931496 0.828384 0.911011 0.768005 0.913857 0.854102 1.751722 0.838648 0.842376 0.802085 0.896833 0.776809 1.155629 1.127839 3.683947 1.764832 0.774096 0.976566 0.838133 0.770496 0.776809 1.555148 0.766035
3.163905 3.163905 3.163905 3.163905 2.299132 1.891609 3.368689 1.795105 2.193444 1.577908 1.094714 0.913857 0.898798 0.984391 1.343574 1.278447 0.801769 1.002930 0.929845 1.096163 0.929845 0.855181 0.840351 0.867076 0.890508 1.343574 1.006902 3.028508 3.028508 0.919882 1.902135 1.343574 1.229140 0.912718 0.777364 0.858624 0.771311 0.770496 0.769954 0.920294 0.767228 0.773446 0.764168 0.876494 1.557320 0.805124 0.950599 1.090831 0.911011 0.911011 0.768705 1.711225 1.010478 1.483720 3.683947 3.683947 3.524880 3.683947 1.902135 1.529831 1.015139 2.934532 1.172144
3.163905 3.163905 3.163905 2.214046 1.490697 1.642190 1.421051 1.642190 2.193444 2.556379 0.993986 3.481345 1.093261 1.537441 1.028927 1.278447 1.156156 1.041758 1.365814 1.647985 1.647985 0.911570 1.002930 0.769954 0.789660 0.911011 0.769954 0.928851 1.693253 2.934532 1.642190 0.774263 0.774096 0.777468 0.854478 0.771009 0.890508 0.989780 1.064045 1.165858 1.028927 0.917890 0.873693 1.274875 1.077995 1.125899 1.642190 0.803415 0.803415 0.911011 0.911011 0.787151 2.137495 2.123521 1.559482 3.869088 2.119152 2.305289 1.800804 2.115853 2.934532 1.487917 1.242977
3.163905 3.163905 3.163905 5.412651 4.427221 3.163905 1.880917 1.286103 1.642190 3.156070 1.819722 1.478782 1.299352 1.299352 1.244314 1.094230 1.220003 1.412431 1.769809 1.598068 3.307940 0.915620 0.837169 0.771703 0.788224 0.769954 0.813559 0.870621 2.275985 0.817543 2.060593 0.801936 0.911011 0.943737 0.802977 0.800388 0.915620 2.333951 1.125899 0.769954 0.772386 0.881659 0.989397 1.396476 1.052707 1.280224 1.130734 0.773872 0.921863 0.854478 0.904877 1.867865 2.579884 3.426613 1.559482 1.942323 1.517445 1.872242 1.554422 1.188335 1.111468 1.487917 1.448347
3.163905 3.163905 4.055213 5.319899 3.996184 2.381466 3.163905 1.719954 1.296411 1.880917 4.794114 2.257177 1.902135 1.670927 2.504650 2.033389 0.932154 1.805701 1.478782 3.141162 2.557971 1.449087 1.238276 0.837169 1.313866 0.798350 0.813559 1.064045 3.251707 2.853360 0.911011 0.911011 0.911011 0.771754 0.802738 1.053601 0.940407 2.192439 0.860545 1.059489 0.772386 0.833038 1.144435 1.149796 0.898558 0.997583 1.130734 1.642190 0.767533 0.816021 0.776809 1.698718 0.801908 0.915620 1.363687 0.888156 0.826266 2.310169 2.915113 1.863461 1.863461 1.167120 1.167120
3.163905 3.163905 3.505551 2.422266 3.675467 2.426200 3.163905 2.124609 2.450255 1.642190 2.091754 2.507171 1.902135 1.902135 1.053601 1.472367 1.462263 1.939304 1.101481 3.141162 2.915113 1.794150 1.490697 0.836312 0.999372 0.999372 0.766337 1.038824 1.286687 2.495731 0.818206 0.772727 0.837169 1.220003 1.289598 1.495526 1.917748 3.512702 1.780631 0.917890 1.403701 1.280224 1.284932 0.783309 1.723409 1.244314 2.716176 1.880917 0.767533 2.707521 2.604061 0.791556 0.791556 0.904877 0.911011 0.892321 0.892321 0.888156 2.192439 2.168757 1.428007 2.275985 1.019744
4.857101 3.163905 3.163905 1.988227 1.979261 2.426200 3.163905 3.163905 1.642190 4.457970 0.880524 1.571568 1.642190 2.353359 1.270677 2.192439 0.939291 0.939291 1.045490 1.684968 4.164879 3.510927 2.003630 1.490697 1.018980 0.909262 0.929845 1.053154 1.982637 1.642190 1.449827 0.874864 1.313866 0.995788 1.262737 3.335544 2.602577 2.608491 3.869088 0.876957 0.878243 1.165226 2.515895 1.421051 1.390806 1.348893 1.413219 0.921863 2.201402 2.330449 2.400835 1.770800 0.799522 0.890374 0.815878 0.906166 0.821438 0.763973 2.192439 3.869088 2.604061 1.979261 2.166645
4.802669 5.576383 2.457167 2.893962 3.179831 2.258538 3.163905 3.163905 1.880917 3.163905 2.838954 3.044459 4.255221 2.596605 3.182897 1.642190 2.380060 1.840198 1.396476 1.540440 2.687444 1.902135 1.633812 0.939291 0.995788 1.038824 1.038824 1.038824 1.989339 2.124609 1.449827 1.473083 0.980888 1.139563 1.728553 1.271278 1.550777 1.550777 1.459360 2.868704 0.825488 1.315300 1.435617 2.120247 1.390806 0.993986 0.880524 0.854102 1.902135 2.033389 1.939304 0.764556 0.823894 0.823894 0.882185 0.892321 0.787151 2.399471 2.329277 1.251617 3.084764 1.232371 2.868704
4.268946 4.268946 1.964958 0.839592 1.942323 2.934532 2.289106 3.163905 3.163905 3.163905 3.163905 2.124609 1.642190 2.450255 2.201402 1.642190 2.380060 2.744807 3.226822 2.687444 2.971504 1.310988 1.390806 0.939291 0.784922 0.767594 0.980888 1.528296 2.030749 2.030749 1.338207 1.313866 2.046460 2.440448 2.533708 1.684968 1.621885 1.547108 0.989397 0.796691 2.348859 1.305195 1.396476 2.194446 1.563067 0.813559 0.768352 1.088388 1.130734 1.250956 1.891609 0.774374 1.028384 0.892321 0.888156 0.899904 0.899904 0.888649 2.853360 1.854415 1.460813 1.251617 3.028508
0.789873 1.754769 1.964958 1.600904 3.521444 2.992182 1.969032 3.163905 3.163905 3.163905 3.163905 1.419492 1.902135 1.028384 1.642190 1.642190 1.902135 1.902135 0.903994 4.273763 4.455433 4.455433 2.816525 1.581789 1.125899 0.782501 1.018980 1.989339 1.728553 1.631275 1.401301 2.407613 3.832388 2.353359 1.896893 1.939304 1.321716 0.989397 1.365814 2.219761 2.004716 0.929845 0.817543 0.769954 0.769954 0.950599 1.011259 1.405297 1.512733 1.227843 0.890137 1.072133 2.604061 1.754769 0.838397 0.786469 0.871334 2.545132 1.470212 2.853360 1.045035 2.004716 3.028508
