Example_Watersheds/WA_MashelWatershed/DataInputs/o_3_ChemistryPools/Mashel_1990_Pools/N_g_Det_root_2.asc
ncols         923
nrows         455
xllcorner     550005.67551598
yllcorner     5180549.8134422
cellsize      30
NODATA_value  -9999
[rows 420 to 447 of 455, columns 126 to 188 of 923]
3.046465 3.046465 3.046465 3.046465 2.612805 2.766517 2.618584 2.661079 2.926139 2.893495 2.636027 2.936218 2.892979 2.814856 2.665601 2.681453 2.675160 2.912105 2.926139 2.669581 2.755624 2.903275 2.666051 2.675142 2.906437 2.644864 2.631502 2.734905 2.919916 2.866735 2.892742 2.831349 2.675142 2.612414 2.892742 2.678088 2.925560 2.684411 2.775945 2.847695 2.619143 2.646696 2.825105 2.825105 2.613852 2.890440 2.926424 2.730893 2.616206 2.825105 2.613102 4.798182 2.760675 2.783152 2.768667 2.693856 2.868631 2.836844 2.893451 2.638357 2.812587 2.613965 2.776693
3.046465 3.046465 3.046465 3.046465 2.783202 2.730893 2.680301 2.683779 2.683779 2.707938 2.783202 2.648474 2.785854 2.613270 2.844700 2.785172 2.825105 2.693856 2.657274 2.916346 2.892742 2.854016 2.814963 2.675142 2.927723 4.836263 2.684576 2.892979 2.898122 2.683593 2.892742 2.890440 2.683593 2.612414 2.663931 2.890440 2.890440 2.839332 2.793514 2.775945 2.825105 2.624126 2.836805 2.817330 2.619143 2.825105 2.693447 2.656763 2.634618 2.653478 2.908665 2.735641 2.782835 2.824731 2.642822 2.776693 2.894658 2.925924 2.613120 2.725227 2.856234 2.674367 2.789975
3.046465 3.046465 3.046465 3.046465 3.046465 2.705522 2.697407 2.925696 2.683779 2.707938 2.651315 2.675632 2.919916 2.672043 2.767187 2.677229 2.825105 2.747749 2.912105 2.613508 2.732383 2.836844 2.713253 2.673603 2.740191 2.661079 2.674168 2.814289 2.814289 2.693856 2.773061 2.675160 2.684615 2.636286 2.893170 2.725507 2.892742 2.892742 2.775945 2.613861 2.615271 2.713253 2.862811 2.675142 2.795712 2.862811 2.924173 2.784840 2.622774 2.878476 2.617741 2.712740 2.770519 2.777326 2.606542 2.606542 2.920372 2.916774 2.645454 2.679688 2.738527 2.674945 2.725932
3.046465 3.046465 3.046465 3.046465 3.046465 2.767395 2.684717 2.926228 2.925696 2.668988 2.882306 2.893139 2.860645 2.828057 2.611109 2.742485 2.639035 2.625695 2.918964 2.779537 2.820336 3.552563 2.892777 2.752147 2.768704 2.789975 2.740340 2.693132 3.412822 2.693856 2.693856 2.671321 2.619143 2.734116 2.734116 2.880727 2.622774 2.893170 2.616037 2.613861 2.775945 2.713253 2.678868 2.864795 2.653478 2.700624 2.697471 2.625108 2.625108 2.839332 2.613102 2.613852 2.779894 2.788424 2.797512 2.826453 2.702029 2.785876 2.836844 3.046465 2.643611 2.770153 2.771009
3.046465 3.046465 3.046465 3.046465 3.046465 3.046465 3.046465 2.613019 2.705948 2.683779 2.634161 2.804572 2.804572 2.809981 2.673603 2.785677 2.614463 2.615607 2.625695 2.666315 3.046465 3.046465 2.755624 2.696634 2.684835 2.670946 2.817330 2.693132 2.693856 2.862811 2.693856 2.613852 2.883307 2.893950 2.734116 2.907194 2.839332 2.893950 2.895360 2.686436 2.686436 2.697906 2.697471 2.920679 2.790570 2.611392 2.870483 2.783202 2.780467 2.927670 2.927670 2.666051 3.236869 2.730641 2.783202 2.868631 2.811020 2.906437 2.668775 2.763414 2.704914 3.046465 2.706993
3.046465 3.046465 3.046465 3.046465 3.046465 3.046465 3.046465 3.046465 2.893451 2.624522 2.652822 2.675642 2.624743 2.809981 2.834599 2.709601 2.892068 2.813924 2.813924 2.620875 3.046465 3.012670 2.629017 2.768704 2.745472 2.625822 2.695328 2.621458 2.728218 2.862811 2.654729 2.613404 2.613404 2.778598 2.705169 2.778598 2.613815 2.924173 2.627325 2.683320 2.683593 2.770861 2.924477 2.851115 2.892742 2.684615 2.612565 2.862811 2.762329 2.707938 2.880727 2.733276 2.828294 2.793514 2.624743 2.643611 2.668988 2.676450 2.654310 2.763414 2.651925 2.681606 3.046465
3.046465 3.046465 3.046465 3.046465 3.046465 3.046465 3.046465 3.046465 3.046465 2.611835 2.619772 2.678025 2.675642 2.793514 2.612115 2.858711 2.889146 2.792671 2.713075 2.915202 2.841776 2.666051 2.810202 2.608266 2.742722 2.742722 2.625212 2.767959 2.642931 2.677381 2.640220 2.714297 2.613404 2.647435 2.613764 2.773780 2.611073 2.826517 2.885183 2.893170 2.806400 2.758556 2.892742 2.648111 2.719975 2.684615 2.890132 2.623626 2.661159 2.713075 2.787576 2.634875 2.634875 2.925046 2.914610 2.820994 2.860645 2.683524 2.840560 2.788348 3.046465 2.682266 2.613861
3.046465 3.046465 3.046465 3.046465 3.046465 3.046465 3.046465 3.046465 3.046465 2.730893 2.677994 2.678025 2.675642 2.662938 2.825105 2.609213 2.618196 2.611984 2.642704 2.632649 2.658929 2.676708 2.602516 2.613732 2.893972 2.710898 2.807315 2.828789 2.628135 2.694555 2.825105 2.714297 2.647435 2.694555 2.826778 2.671492 2.649626 2.773780 2.885183 2.627832 2.778057 2.812477 2.889485 2.675142 2.675142 2.825105 2.885183 2.902834 2.618584 2.609213 2.609213 2.742475 2.699200 2.613404 2.926228 2.925197 2.686436 2.673616 3.046465 3.465354 3.046465 3.046465 3.046465
3.046465 3.046465 3.046465 3.046465 3.046465 3.046465 3.046465 3.046465 2.785613 2.785613 2.824655 2.811897 2.652822 2.664019 2.893139 2.877288 2.890737 2.611984 2.642704 2.619415 2.813924 2.672831 2.721239 2.796087 2.893972 2.665601 2.620270 2.662938 2.713075 2.705613 2.747749 2.916774 2.674274 2.694555 2.770885 2.826517 2.670563 2.670563 2.670563 2.627325 2.632745 2.609758 2.621686 2.908665 2.639153 2.814963 2.670664 2.911444 2.868631 2.691733 2.916774 2.691733 2.613404 2.684717 2.873669 2.836844 2.628342 2.636449 3.046465 3.046465 3.046465 4.722020 3.046465
3.046465 3.046465 3.046465 3.046465 3.046465 3.046465 3.046465 3.046465 3.046465 2.836212 2.824655 2.676133 2.632649 2.618196 2.906437 2.894658 2.925696 2.668988 2.747749 2.632649 2.813924 2.864795 2.630267 2.852233 2.613621 2.789262 2.662077 2.864795 2.713075 2.713075 2.607684 2.641527 2.892303 2.623778 2.615607 2.924036 2.681606 2.679820 2.677509 2.613861 2.924036 2.883792 2.613867 2.624873 2.693160 2.657666 2.613764 2.884730 2.783202 2.691733 2.884730 2.916774 2.684717 2.878476 2.639707 2.612747 2.612747 2.648474 3.046465 3.046465 3.046465 3.046465 3.345461
3.046465 3.046465 3.046465 3.046465 3.046465 3.046465 3.046465 3.046465 3.046465 2.781371 2.807193 2.851115 2.797406 2.680301 2.756764 2.639863 2.619143 2.613965 2.925796 2.605115 2.613850 2.858711 2.858711 2.613850 2.640825 2.737419 2.739990 2.876621 2.625376 2.625376 2.882812 2.671173 2.683779 2.680301 2.658929 2.924036 2.692311 2.625108 2.822936 2.641098 2.734116 2.885627 2.613867 2.651707 2.636286 2.807809 2.694555 2.639332 2.691733 2.691733 2.887295 2.888797 2.668988 2.894580 2.729685 3.636172 2.770756 3.046465 3.046465 3.046465 5.293233 3.046465 4.266298
3.046465 3.046465 3.046465 3.046465 3.046465 3.046465 3.046465 3.046465 3.046465 2.613019 2.793514 2.668985 2.613197 2.613197 2.627325 2.778598 2.641527 2.641527 2.894592 2.618196 2.644612 2.858711 2.662938 2.688195 2.612647 2.629354 2.639863 2.891024 2.625376 2.783202 2.783202 2.785854 2.894312 2.912105 2.683779 2.894841 2.793514 2.671618 2.890440 2.790091 2.651707 2.651707 2.660246 2.613852 2.623626 2.823745 2.754474 2.878476 2.641687 2.694005 2.662973 2.641527 2.684717 2.641527 2.803566 2.771769 3.046465 2.783396 3.046465 3.046465 3.046465 3.046465 3.345461
3.046465 3.046465 3.046465 3.046465 3.046465 3.046465 3.046465 3.046465 3.046465 3.046465 3.046465 2.814856 2.840904 2.622477 2.627325 2.641527 2.894514 2.661079 2.679316 2.613509 2.662938 2.639035 2.893139 2.675054 2.643001 2.662938 2.774750 2.684863 2.634522 2.668988 2.680301 2.729284 2.847307 2.847307 2.682266 2.683593 2.613520 2.785172 2.651707 2.893495 2.652409 2.612862 2.702481 2.752946 2.692883 2.695636 2.713116 2.713116 2.624314 2.925560 2.689351 2.925560 2.664131 2.641527 2.773061 2.617056 3.579596 2.742475 3.046465 4.607778 3.046465 3.046465 3.046465
3.046465 3.046465 3.046465 3.046465 3.046465 3.046465 3.046465 3.046465 3.046465 3.046465 3.046465 2.836212 2.818774 2.662938 2.747749 2.691733 2.676906 2.894676 2.641527 2.925796 2.797406 2.719975 2.676450 2.797406 2.625376 2.732216 2.678025 2.893451 2.814963 2.678717 4.131141 2.793266 2.847307 2.860783 2.711403 2.665217 2.925796 2.713075 2.609213 2.893495 2.616206 2.613852 2.642395 2.676527 2.692883 2.628266 2.713116 2.888437 2.608659 2.676308 2.831163 2.714297 2.707775 2.707775 2.648474 2.684717 2.680175 2.697092 2.894676 3.046465 3.472619 2.756764 3.046465
3.046465 3.046465 3.046465 3.046465 3.046465 3.046465 3.046465 3.046465 3.046465 3.046465 3.046465 2.681453 2.660874 2.684717 2.925560 2.847695 2.661079 2.817408 2.814856 2.613852 2.871520 2.797406 2.675632 2.676906 2.676906 2.732216 2.691733 2.625695 2.814963 4.112727 2.823986 2.684224 2.847307 2.679820 2.847307 2.663793 2.682405 2.665062 2.757465 2.651096 2.671032 2.675032 2.613407 2.617079 2.876621 2.876621 2.915781 2.927367 2.927367 2.923712 2.910082 2.672293 2.652822 2.718419 2.679820 2.713116 2.677509 3.046465 2.797001 3.046465 3.046465 2.755624 3.351111
3.046465 3.046465 3.046465 3.046465 3.046465 3.046465 3.046465 3.046465 3.046465 3.046465 3.046465 3.046465 3.170642 2.907936 2.676906 2.661079 2.808071 2.663793 2.814856 2.678950 2.824379 2.926228 2.676906 2.676450 2.785876 2.613509 2.614463 2.927701 2.787576 2.871520 2.639863 2.667142 2.683587 2.664131 2.657819 2.811020 2.730236 2.730236 2.605398 2.813924 2.719975 2.892303 2.638357 2.613852 2.869363 2.916346 2.679316 2.692883 2.886059 2.915781 2.683593 2.633926 2.666940 2.894081 2.662077 2.659855 2.610518 3.046465 2.685078 2.737123 4.645859 3.561194 2.764491
3.046465 3.046465 3.046465 3.046465 3.046465 3.046465 3.046465 3.046465 3.046465 3.046465 3.046465 3.046465 3.046465 3.427273 2.679316 2.713116 2.676906 2.662077 2.638357 2.662077 2.855193 2.683779 2.873669 2.666976 2.641527 2.793514 2.662938 2.716097 2.868631 2.662077 2.662077 2.621861 2.676906 2.672737 2.673548 2.613197 2.667141 2.789284 2.650425 2.652982 2.757895 2.808071 2.726867 2.613852 2.851115 2.910082 2.831349 2.823745 2.613404 2.614996 2.683593 2.804178 2.718419 2.707938 2.927719 2.714297 2.617056 2.617056 2.672906 2.672043 2.739338 2.672906 2.682361
3.046465 3.046465 3.046465 3.046465 3.046465 3.046465 3.046465 3.046465 3.046465 3.046465 3.046465 3.046465 3.046465 3.046465 2.870483 2.628266 2.891823 2.641527 2.684717 2.606338 2.667142 2.683779 2.684717 2.714297 2.622388 2.919916 2.701860 2.706563 2.628342 2.683779 2.679820 2.657819 2.723930 2.894658 2.676906 2.650197 2.667141 2.796643 2.623969 2.613435 2.852233 2.894821 2.927196 2.862811 2.925796 2.894411 2.614996 2.891567 2.781388 2.781388 2.884730 2.879055 2.726867 2.927719 2.642976 2.620023 2.769735 2.806151 2.772772 2.611670 2.661159 3.835355 3.116611
3.046465 3.046465 3.046465 3.046465 3.046465 3.046465 3.046465 3.046465 3.046465 3.046465 3.046465 3.046465 3.046465 3.046465 3.046465 3.046465 3.046465 3.427273 2.657819 2.613655 2.642931 2.835952 2.684717 2.714297 2.771564 2.823745 2.683593 2.641527 2.668988 2.668988 2.682614 2.684717 2.886059 2.916774 2.884730 2.641527 2.665062 2.650129 2.621794 2.641098 2.643535 2.621861 2.621861 2.611991 2.621458 2.739338 2.742475 2.891567 2.891567 2.892068 2.916774 2.680365 2.848846 2.653936 2.831736 2.777676 2.613621 2.782207 3.884243 2.657819 2.611984 3.835355 3.046465
3.046465 3.046465 3.046465 3.046465 3.046465 3.046465 3.046465 3.046465 3.046465 3.046465 3.046465 3.046465 3.046465 3.046465 3.046465 3.046465 3.046465 3.046465 2.611670 2.612647 2.712380 2.683593 2.641527 2.680301 2.742517 2.881790 2.678239 2.676906 2.723930 2.684751 2.675632 2.676527 2.676906 2.742517 2.742517 2.927652 2.814856 2.906437 2.654038 2.625695 2.813924 2.665830 2.613610 2.700468 2.795712 2.686234 2.849552 2.891567 2.701085 2.920372 2.885183 2.672760 2.737250 2.893451 2.831736 2.814856 2.647960 3.046465 3.046465 2.886482 2.748875 3.046465 3.046465
3.046465 3.046465 3.046465 3.046465 3.046465 3.046465 3.046465 3.046465 3.046465 3.046465 3.046465 3.046465 3.046465 3.046465 3.046465 3.046465 3.046465 3.046465 3.046465 3.046465 2.662077 2.692311 2.803566 2.740191 2.679837 2.894592 2.894592 2.676906 2.676906 2.676906 2.802996 2.641687 2.904852 2.925560 2.674453 2.657888 2.612842 2.611835 2.623969 2.852233 2.813924 2.665830 2.668604 2.678025 2.662076 2.733276 2.795712 2.805079 2.815360 2.842982 2.924477 2.613850 2.829116 2.642976 2.642976 2.851115 2.706993 2.826453 2.699562 3.046465 2.697092 2.737876 3.046465
3.046465 3.046465 3.046465 3.046465 3.046465 3.046465 3.046465 3.046465 3.046465 3.046465 3.046465 3.046465 3.046465 3.046465 3.046465 3.046465 3.046465 3.046465 3.046465 3.046465 3.046465 2.927690 4.531616 3.449608 2.830451 2.654351 2.894592 2.679316 2.802996 2.683779 2.641527 2.790212 2.814856 2.641527 2.684397 2.814856 2.611835 2.892742 2.630852 2.626570 2.617424 2.927409 2.684916 2.900807 4.309463 2.734905 2.734905 2.698216 2.676906 2.842982 2.607684 2.639777 2.916774 2.642976 2.737250 2.780467 2.831736 2.926424 2.808785 2.801717 2.685003 3.046465 3.046465
3.046465 3.046465 3.046465 3.046465 3.046465 3.046465 3.046465 3.046465 3.046465 3.046465 3.046465 3.046465 3.046465 3.046465 3.046465 3.046465 3.046465 3.046465 3.046465 3.046465 3.046465 3.046465 3.046465 3.046465 3.046465 2.830451 2.671468 2.877288 2.675632 2.826711 2.809981 2.712854 2.785172 2.683779 2.608659 2.761944 2.815360 2.893657 2.893657 2.894706 2.606338 2.659855 3.592694 5.140909 2.625376 2.630394 2.629856 2.641527 2.856234 2.613404 2.760130 2.639777 2.916774 2.893451 2.613850 2.793514 2.656587 2.613852 2.808785 2.767779 2.889814 3.046465 3.046465
3.046465 3.046465 3.046465 3.046465 3.046465 3.046465 3.046465 3.046465 3.046465 3.046465 3.046465 3.046465 3.046465 3.046465 3.046465 3.046465 3.046465 3.046465 3.046465 3.046465 3.046465 3.046465 3.046465 3.046465 3.046465 3.046465 2.675807 2.760677 2.737250 2.661079 2.814856 2.814856 2.662938 2.691733 2.713075 2.613732 2.641098 2.642976 2.659855 2.622531 2.629354 2.612414 2.892742 2.785854 2.625376 2.924644 2.668988 2.925796 2.673741 2.893451 2.925046 2.684717 2.925046 2.927719 2.814856 2.783615 2.746592 2.675783 2.675783 2.622388 2.767779 2.627208 2.675755
3.046465 3.046465 3.046465 3.046465 3.046465 3.046465 3.046465 3.046465 3.046465 3.046465 3.046465 3.046465 3.046465 3.046465 3.046465 3.046465 3.046465 3.046465 3.046465 3.046465 3.046465 3.046465 3.046465 3.046465 3.046465 3.046465 3.046465 3.046465 3.046465 2.881790 2.718419 2.678025 2.877940 2.612460 2.762893 2.677994 2.641098 2.893972 2.654755 2.677994 2.663905 2.668988 2.684576 2.670664 2.869363 2.869363 2.919447 2.793266 2.675142 2.723930 2.723930 2.892068 2.613404 2.609758 2.718419 2.793514 2.808327 2.824379 2.611984 2.702163 2.776577 2.673330 2.927069
3.046465 3.046465 3.046465 3.046465 3.046465 3.046465 3.046465 3.046465 3.046465 3.046465 3.046465 3.046465 3.046465 3.046465 3.046465 3.046465 3.046465 3.046465 3.046465 3.046465 3.046465 3.046465 3.046465 3.046465 3.046465 3.046465 3.046465 3.046465 3.046465 2.676906 2.675847 2.774496 2.733850 2.682230 2.753119 2.619517 2.737419 2.682301 2.622348 2.757465 2.624126 2.639707 4.112727 4.112727 2.711013 2.713116 2.873669 2.679316 2.611984 2.666051 2.847695 2.882812 2.624314 2.769043 2.814856 2.793514 3.046465 2.668988 2.894676 2.883597 2.669483 2.807193 2.927069
3.046465 3.046465 3.046465 3.046465 3.046465 3.046465 3.046465 3.046465 3.046465 3.046465 3.046465 3.046465 3.046465 3.046465 3.046465 3.046465 3.046465 3.046465 3.046465 3.046465 3.046465 3.046465 3.046465 3.046465 3.046465 3.046465 3.046465 3.046465 3.046465 3.046465 3.046465 3.046465 2.882812 2.678810 2.683779 2.683779 2.647736 2.746171 2.782061 2.712692 2.627325 2.613732 2.737419 2.613080 2.638407 2.611984 2.670664 2.670664 2.611984 2.885183 2.668411 2.638432 2.611702 2.662938 2.684397 2.915202 3.046465 3.046465 3.010195 3.046465 2.646794 2.784979 2.784979
3.046465 3.046465 3.046465 3.046465 3.046465 3.046465 3.046465 3.046465 3.046465 3.046465 3.046465 3.046465 3.046465 3.046465 3.046465 3.046465 3.046465 3.046465 3.046465 3.046465 3.046465 3.046465 3.046465 3.046465 3.046465 3.046465 3.046465 3.046465 3.046465 3.046465 3.046465 3.046465 3.046465 3.046465 2.915781 2.782836 2.804824 2.833334 2.725227 2.836287 2.671173 2.858711 2.611109 2.650129 2.615908 2.684457 2.684457 2.672043 2.682703 2.809049 2.867688 2.673869 2.822867 2.626570 2.737689 2.737689 3.046465 3.046465 3.046465 3.046465 3.046465 3.046465 2.800057
