Example_Watersheds/WA_MashelWatershed/DataInputs/o_3_ChemistryPools/Mashel_1990_Pools/N_g_leaf.asc
ncols         923
nrows         455
xllcorner     550005.67551598
yllcorner     5180549.8134422
cellsize      30
NODATA_value  -9999
[rows 243 to 269 of 455, columns 0 to 60 of 923]
5.042047 5.042047 13.147068 12.902733 13.256611 12.978910 12.934772 11.356802 12.919383 12.978910 13.009321 13.186872 13.179690 13.299229 13.111132 13.073729 13.299977 13.169055 13.179690 13.098098 13.123864 13.179690 13.120836 12.786300 12.786300 13.179690 13.142379 13.179690 10.149862 13.179690 13.264644 13.083267 13.093060 13.178717 12.992833 12.978910 9.435171 13.076612 0.770057 0.200847 8.403902 13.131923 13.192775 13.158202 13.229651 13.229651 13.222599 13.064856 12.434013 0.213400 6.423601 13.025234 1.073403 0.321356 13.299329 13.049223 0.256081 0.200847 0.200847 0.200847 0.200847
0.246038 11.317848 13.222599 10.124846 9.319588 13.342727 12.973250 13.075893 13.142379 12.919383 13.223138 12.919377 12.670865 12.796018 13.093060 13.023315 13.019920 13.077938 11.012213 13.075151 12.776453 12.259722 12.894928 13.325968 13.158324 13.130383 13.142379 13.104895 13.136904 13.242506 13.023315 13.074254 13.074254 13.020800 13.230979 13.204551 12.301458 13.161330 13.075522 5.378943 13.044393 13.173423 13.101638 13.101638 10.966594 13.047007 13.222599 12.833595 13.206346 13.071466 10.795476 8.745844 5.439243 0.321356 6.738709 11.536033 0.200847 0.200847 0.200847 0.200847 0.200847
13.257041 13.274866 9.835110 10.546239 3.826734 13.342727 12.531567 13.058800 13.058800 11.967986 13.043826 13.142379 13.249883 12.776453 13.069550 13.031957 13.067708 13.254856 12.888911 12.919377 13.336382 13.302083 13.044314 12.400805 13.295503 13.225776 13.155895 13.116850 13.264644 13.249883 13.019920 12.981985 13.019920 13.152453 12.898496 12.898496 12.898496 12.496815 12.289939 13.028236 13.044314 12.220341 13.290797 11.271591 13.108807 13.029516 13.153229 13.117324 13.134220 10.966594 13.197030 8.863010 6.826752 1.073403 5.439243 0.200847 0.200847 0.200847 0.200847 0.200847 0.200847
0.308803 12.696660 13.189753 9.847786 13.213665 10.546239 6.353969 3.667635 5.806389 3.667635 12.756371 13.083361 13.266216 13.173091 13.214686 13.083267 13.264644 13.106430 13.264644 13.264644 13.107669 13.158324 13.058800 12.951868 13.222793 12.351739 13.181371 13.189914 13.189914 13.031957 13.106430 13.065472 13.065472 13.019920 12.925780 13.179952 13.184860 12.496815 12.574317 13.118655 13.130325 11.639740 11.805209 11.975606 13.108807 13.059490 13.153229 13.142716 13.189753 11.225255 11.975606 8.863010 10.966594 12.932019 10.024496 0.200847 0.200847 0.200847 0.200847 0.200847 0.200847
2.064869 0.323867 7.665230 7.521121 4.963964 11.037831 12.880671 5.806389 5.042047 9.019263 13.372150 13.066821 13.047306 13.012169 13.143663 13.111132 13.058800 12.919377 13.058800 13.179690 13.257041 13.292875 13.046465 13.225591 13.172769 12.898496 12.759754 13.299977 12.972924 13.242506 13.106430 13.138610 13.186210 13.088586 12.939385 13.372150 13.099165 12.898496 13.090557 13.035805 13.044314 13.044314 13.162593 13.160990 13.290797 13.192975 13.153229 13.125501 13.192221 13.136544 11.482014 10.899683 10.324176 13.160990 13.134598 0.200847 0.200847 0.200847 0.200847 0.200847 0.200847
0.323867 0.200847 0.200847 0.200847 12.963736 11.952711 12.967392 12.220341 13.285443 9.019263 13.004997 12.386259 12.386259 13.139305 13.139305 13.282728 13.174838 13.196658 13.042807 13.254993 13.006998 13.044314 13.179690 13.173423 13.032280 12.978910 12.978910 13.043826 13.254993 13.248627 12.981985 13.023315 13.138610 13.031832 13.178334 12.965132 12.898496 13.085928 13.220398 12.919377 12.919377 13.066973 13.187024 13.314920 12.220341 13.133421 13.098251 13.222599 13.222599 13.123772 11.225255 13.221774 12.220341 9.280483 11.106589 0.200847 0.200847 0.200847 0.200847 0.200847 0.200847
0.243528 0.243528 0.200847 0.200847 0.321356 0.321356 0.200847 3.533866 13.185715 11.577050 12.301458 13.052699 10.174850 9.080627 13.349758 10.788366 13.058606 0.200847 13.162075 13.004943 9.720708 12.900035 13.189914 13.130169 12.154887 12.617288 13.223138 12.898496 12.973250 13.045622 13.126145 13.254856 13.254856 13.265760 13.067708 13.254856 10.692997 13.058800 13.298074 13.327116 12.900035 13.066973 11.219516 12.220341 13.172344 13.267096 13.152501 13.178302 13.222599 12.339217 12.220341 12.220341 13.314281 12.475185 0.200847 0.200847 0.235996 0.200847 0.200847 0.200847 0.200847
0.286208 0.200847 0.200847 0.200847 0.200847 0.200847 12.154887 9.029536 11.488087 12.058632 12.583793 13.058800 13.179690 13.224600 13.077938 11.693760 4.963964 7.127760 13.250386 11.317848 13.180786 13.162173 13.146149 13.240758 13.059559 13.059559 12.339217 10.705180 12.471524 13.179690 13.160990 13.032809 13.272027 13.221774 13.067708 13.204551 10.802567 13.106430 13.129330 13.227757 13.325074 13.083359 12.981748 12.220341 13.047007 13.222599 13.153229 13.222599 13.099165 11.482014 10.899683 10.899683 11.975606 13.176386 6.336583 0.200847 5.601288 0.200847 0.246038 0.200847 0.200847
0.200847 0.200847 0.200847 0.200847 0.744137 3.965707 8.593566 0.200847 10.919971 7.846168 12.974364 12.969643 13.225776 13.224600 13.083267 11.271591 13.349758 13.164195 13.007861 13.161521 13.244039 13.186872 13.224774 13.047306 13.186872 13.101542 13.266964 10.705180 12.848641 13.134318 13.146423 13.142911 13.254856 13.085082 13.050837 12.981985 13.171838 13.059559 13.022889 13.023315 13.136196 12.963541 11.656463 12.593122 12.593122 13.108807 13.222599 13.177927 13.222599 9.695207 6.826752 11.975606 11.975606 13.136529 6.388767 4.675184 3.126108 8.174101 0.258591 0.200847 0.200847
0.200847 0.200847 0.200847 0.200847 8.691865 0.200847 8.593566 13.000899 10.752504 10.752504 13.201886 13.335633 12.876457 13.118309 13.179690 13.264644 13.075269 13.321358 12.670865 13.136590 13.224600 9.241089 12.978910 13.274573 13.151111 8.810024 13.214686 13.258990 13.102727 13.146446 12.958355 13.023315 13.154414 13.149497 13.219885 13.149497 13.129330 13.129330 13.132162 13.149497 13.142523 13.178907 12.507411 12.882754 12.973250 13.108807 13.195768 13.135583 13.222599 12.968111 12.860419 11.975606 11.975606 11.975606 6.056241 9.280483 6.826752 8.756586 0.200847 0.200847 6.545800
0.200847 0.200847 0.200847 0.200847 0.200847 0.200847 0.200847 0.200847 8.756586 13.169607 12.904645 8.745844 12.980250 13.187467 13.257041 13.264644 13.146599 13.201413 12.394693 13.126449 13.179690 13.179690 13.114977 13.081868 13.133324 10.124846 13.043315 13.271167 13.174838 13.174838 13.254856 13.108828 13.066747 13.248810 13.216039 13.134260 13.264644 13.023315 13.132162 12.974583 13.149497 13.091656 13.310372 13.193168 10.899683 13.234730 13.106526 13.153998 12.590029 13.118386 13.229651 12.951172 11.225255 12.980408 12.980408 12.496815 13.167263 13.167263 10.966594 13.165293 0.200847
0.200847 8.504962 0.200847 0.200847 0.770057 5.972505 0.200847 0.200847 8.403902 6.968082 12.590029 12.982790 12.334067 13.118309 13.193728 13.225591 13.147497 13.201413 13.015660 13.053229 13.210475 13.123864 12.898496 13.201127 13.240758 13.047306 13.130169 13.057644 12.256588 12.256588 10.558508 11.914313 13.062362 13.032809 12.685692 13.254993 13.264644 13.089088 13.033902 13.019920 13.149497 13.105009 13.226840 12.958189 12.942776 13.143854 13.099165 13.293481 13.296762 13.295675 13.244039 13.222599 13.222599 13.136544 11.975606 11.975606 13.167263 13.111535 10.966594 0.200847 7.092214
2.011607 0.200847 1.609000 0.200847 0.200847 12.346791 0.200847 0.200847 8.460227 11.317848 12.590029 9.319588 13.333728 13.333728 13.089171 12.876457 13.004943 13.193728 12.876457 13.105009 13.140976 12.941206 13.134598 13.048588 13.201127 12.980250 13.063171 13.076612 10.386092 11.693760 12.366094 13.047306 13.363635 13.075269 13.191814 13.224600 13.272027 13.111167 13.240758 13.022889 13.239198 13.239198 13.073729 12.359008 13.199756 12.655809 13.134312 13.222599 13.222599 13.295675 0.200847 0.200847 12.590029 13.353018 13.136544 11.975606 13.167263 13.152207 13.091901 13.155293 13.177955
0.333909 0.200847 0.200847 0.200847 0.200847 0.200847 0.200847 0.200847 0.200847 0.200847 11.317848 13.146705 13.147068 12.959016 11.401437 11.639740 10.521679 13.125933 12.980408 13.162035 12.921155 12.982740 13.325968 13.246421 13.024085 12.973250 9.847786 13.103810 13.140790 13.174838 12.132854 13.078700 13.051139 13.051139 13.246737 13.129330 13.129330 0.200847 0.200847 0.200847 13.050837 13.254856 13.073729 13.218723 13.136498 13.136498 13.244431 13.103882 13.222599 13.099299 13.162285 0.200847 13.201413 13.295675 13.229651 13.055832 13.136544 13.080950 13.102498 13.176386 13.114644
0.200847 0.200847 8.516101 0.200847 0.200847 0.200847 2.011607 0.200847 3.489810 13.168109 13.250386 13.061437 13.198008 12.815065 12.915792 12.973371 11.639740 13.049706 12.991506 0.744137 13.042807 12.982740 13.256611 13.295503 12.973250 12.876457 12.876457 9.605728 12.636666 13.050362 13.143663 13.264644 13.272027 13.065472 13.121415 12.821299 13.363635 0.200847 0.200847 13.174838 13.140260 13.023315 13.031957 13.179952 13.219885 13.147575 13.059091 13.244431 13.178302 13.222599 13.222599 13.143964 12.966656 13.095013 12.253434 13.222599 13.229651 13.229651 13.229651 13.176386 13.051139
0.256081 12.441645 6.353969 0.200847 0.200847 0.200847 0.308803 0.200847 0.296250 8.339149 13.074469 13.134973 13.143788 13.254993 12.915792 11.451379 12.359008 12.005964 12.932161 13.218935 11.906598 7.323902 12.975907 13.072804 13.206944 13.325968 11.100441 13.181976 13.032228 13.116456 13.204086 13.201127 13.171838 13.136544 13.061294 13.051139 13.205178 13.169902 13.224600 13.085928 13.224600 13.019920 13.248810 13.254856 13.287865 13.287865 13.076612 9.948934 11.482014 13.135227 13.064974 13.222599 13.139658 13.095013 13.154216 13.157182 13.140686 13.056574 13.056574 13.138499 13.051139
0.256081 0.200847 0.200847 0.200847 0.200847 0.200847 0.200847 0.266123 0.200847 7.846168 7.846168 13.075610 13.207232 13.050362 13.135787 12.118105 13.244093 9.847786 13.118309 12.982632 13.245536 8.284053 13.075538 13.089171 13.112562 13.292875 13.075681 13.324200 13.223138 13.223138 12.095892 13.143663 13.264644 0.200847 0.200847 13.225591 13.076428 13.163847 13.163847 13.163847 12.805606 12.256588 13.068564 13.136049 13.163819 12.997230 13.076612 12.541676 12.969282 13.107127 13.201127 13.122017 13.154086 13.123603 13.222599 13.074254 13.244039 13.071341 13.222599 12.475185 13.122816
0.200847 8.745844 8.745844 0.200847 0.200847 0.200847 0.200847 0.200847 0.200847 13.282470 13.169674 13.135787 13.004943 11.975606 13.234327 11.382415 13.003844 13.304161 13.018248 12.970901 13.085928 13.118309 13.058800 13.325968 12.991506 13.292875 13.167247 13.179690 13.135787 13.073823 13.073823 13.058800 13.099165 0.200847 12.400805 12.902251 12.941264 13.049217 13.212226 13.219152 12.799229 13.035805 12.670865 13.098358 11.518187 12.973371 13.138407 13.299977 13.095194 13.100435 13.201127 13.244480 13.159543 13.296762 13.104708 13.222599 11.765675 13.178302 13.190681 13.071341 6.773900
0.200847 0.200847 0.200847 0.200847 0.200847 0.200847 0.200847 0.200847 0.200847 0.200847 13.186274 13.135787 13.097152 13.004943 13.129939 13.373879 12.920912 12.005964 13.018248 13.198008 0.200847 13.178907 13.116850 13.118309 12.932161 12.932161 13.136498 13.368336 12.005964 12.913973 13.213219 13.159502 13.154224 12.919383 0.200847 0.200847 0.200847 0.200847 0.200847 13.057281 13.142131 13.150151 13.073997 13.081868 13.223138 13.224774 13.257041 13.124352 9.948934 13.043315 13.201127 13.165514 13.188240 13.064974 13.134220 12.655809 13.222599 13.178302 13.155895 13.222599 13.222599
0.200847 0.200847 6.371364 0.200847 0.200847 0.200847 0.200847 0.200847 0.200847 0.200847 13.088004 13.253491 11.231247 13.325074 13.325074 13.145660 12.882754 12.963736 13.032594 13.089088 13.182002 3.667635 13.072823 13.363635 13.025059 13.132505 13.132093 13.018424 13.066973 12.972924 11.693760 13.105009 13.163108 12.400805 11.317848 13.043826 0.200847 0.200847 0.200847 0.200847 13.272027 13.004238 13.004238 13.133324 13.081868 11.350354 12.981938 13.136420 13.363635 13.201127 13.201127 13.183024 13.269919 13.134220 13.143788 13.064974 13.191165 13.216039 5.580934 13.135227 13.222599
0.200847 12.963736 0.200847 0.200847 0.200847 0.200847 0.200847 0.200847 0.246038 0.208379 12.981938 13.050072 12.989226 12.848641 13.182328 12.941264 12.548334 13.208175 13.053229 13.146269 13.201127 11.317848 11.883380 13.088287 12.958189 12.935705 13.225776 12.482460 13.056959 12.972924 13.100635 9.151398 13.255194 11.401437 11.401437 13.118309 13.053229 13.154086 13.187467 13.118309 0.200847 13.099165 13.201127 13.138407 13.031832 13.182328 13.044252 13.108854 12.963541 13.228901 13.134801 13.212300 13.109884 13.023315 13.068760 13.208257 13.107746 13.064974 13.257539 13.088004 13.115439
0.323867 10.723445 0.200847 0.200847 0.200847 1.514874 0.230975 0.230975 0.200847 0.200847 13.170552 12.830543 13.364516 12.287009 13.272027 12.941264 13.146619 13.130268 13.245536 13.047306 13.208175 13.363635 11.883380 13.264828 13.062464 12.958189 9.211355 9.567273 13.072598 13.131107 12.978532 12.978532 13.052956 12.972924 9.319588 13.225776 13.033012 13.093895 13.093895 13.146619 13.163144 13.168109 13.160555 13.067708 0.200847 12.947766 13.168231 13.127368 13.205650 13.192975 13.205325 13.158140 13.019920 13.149497 13.077938 12.974583 13.068760 13.242506 13.158283 13.272027 13.034183
5.682989 10.723445 0.200847 0.200847 0.200847 0.618682 0.318845 0.318845 0.200847 13.161515 13.224774 13.201127 12.915792 12.876457 13.245536 12.103309 9.060245 13.188779 13.347070 13.047306 13.186872 13.104895 13.132926 13.006998 13.159502 13.051673 13.136780 12.663366 13.182811 9.644119 12.991506 13.146705 13.123388 13.113181 13.147068 13.168109 13.006998 0.200847 0.200847 13.006998 8.174101 13.283241 0.200847 0.200847 13.280418 13.132093 13.132093 13.048579 13.031957 13.272027 13.258111 13.250172 13.047306 13.198218 13.077938 13.177955 13.023315 13.327116 12.951868 13.363635 13.201127
0.253570 0.200847 0.200847 0.200847 9.490171 1.143958 0.200847 0.200847 0.200847 9.835110 13.004325 13.004325 13.091656 11.356802 9.797040 9.060245 12.628981 13.027020 13.280361 13.146269 13.201127 13.249552 13.166814 12.982740 13.006998 13.173774 13.158365 11.639740 13.075664 13.292875 13.006998 13.006998 13.064974 13.113181 13.219885 12.400805 13.118309 0.200847 0.200847 0.200847 0.200847 0.200847 13.179844 13.053229 13.053229 0.200847 0.200847 13.205650 13.264644 13.249883 13.189914 12.980408 13.118309 13.266964 13.206346 13.243808 13.006307 13.227757 12.341762 13.201127 13.102444
0.200847 0.200847 0.200847 0.200847 0.321356 5.120581 0.200847 0.200847 0.200847 2.312626 13.336092 13.114977 13.091656 11.577050 8.936433 6.862031 10.037065 13.220864 12.913973 13.146269 13.079197 13.262980 12.974583 13.066973 13.134598 12.958189 13.158365 12.910289 13.258990 13.115002 13.006998 13.006998 12.958189 12.972924 13.025217 13.310372 13.140686 13.272027 13.264644 13.287865 13.325968 12.402802 12.975764 13.260541 13.119433 0.200847 13.272027 13.191604 13.133753 13.189914 13.375957 13.189914 12.854559 13.201127 13.264644 13.098166 13.249883 13.179690 12.359008 13.159319 13.201127
8.516101 0.200847 0.200847 0.246038 7.270302 5.120581 0.200847 0.200847 0.200847 11.797326 13.207857 13.257682 12.979270 11.577050 13.292875 13.325968 12.269000 8.357532 13.136572 13.173683 13.363635 11.577050 13.005012 12.408671 11.656463 13.066973 13.075664 13.158324 13.292875 13.250990 13.118309 13.167247 13.007677 13.065083 13.310372 13.194198 13.204876 13.201127 13.272027 13.182450 13.072848 12.402802 12.975764 13.132285 13.162611 13.265490 13.189914 13.201127 13.073280 13.208257 13.179690 13.179690 13.116981 12.956203 13.118309 13.142906 13.284408 13.044252 12.359008 13.241422 13.363635
0.200847 12.964345 0.200847 0.200847 0.200847 0.200847 0.243528 0.200847 12.944330 9.835110 13.102444 13.142467 13.223138 11.356802 13.195768 13.195768 13.146619 12.269000 8.936433 12.786300 13.179403 13.063171 13.133836 11.044184 11.482014 11.656463 11.565420 12.437837 12.644366 13.292875 13.201127 13.240758 13.246737 13.310372 13.047656 13.221774 13.201127 13.201127 13.124027 12.851607 13.006998 12.970901 12.402802 12.402802 13.233773 13.194997 13.104181 13.265490 13.117406 13.257682 13.162035 12.339217 13.065472 12.986388 13.182002 13.100635 13.100635 13.044252 9.250965 13.341016 13.205650
