Example_Watersheds/WA_MashelWatershed/DataInputs/o_3_ChemistryPools/Mashel_1990_Pools/N_g_BgStem.asc
ncols         923
nrows         455
xllcorner     550005.67551598
yllcorner     5180549.8134422
cellsize      30
NODATA_value  -9999
[rows 0 to 27 of 455, columns 126 to 188 of 923]
1.482265 2.114342 0.996882 0.823380 0.690362 2.989764 1.325029 2.279203 1.448545 0.990941 1.670880 1.228381 1.848090 2.186927 1.316453 1.316453 3.710790 1.868409 1.069330 0.719386 3.120129 2.456171 3.231524 2.907422 1.062201 3.303739 1.936647 0.134066 0.134066 0.134066 0.134066 0.134066 0.134066 0.134066 0.134066 0.134066 3.713348 0.134066 2.932650 2.284066 4.798830 1.705783 1.705783 1.202744 1.891299 0.494350 1.573775 0.226237 0.269973 1.285860 2.018606 1.911672 2.207011 1.934176 3.940143 1.771957 4.618835 2.309031 3.320121 4.618835 2.827333 2.203244 2.203244
0.134066 0.786102 1.087162 1.355711 1.072896 1.106195 0.692599 0.692599 1.151338 0.701538 1.355711 1.250391 1.576226 1.576226 1.576226 3.200764 5.125595 1.692306 0.464102 1.537040 2.545671 3.344073 1.833113 2.673859 0.882409 4.232471 0.134066 0.134066 0.134066 0.134066 0.134066 0.134066 0.134066 0.134066 0.134066 0.134066 4.351698 0.134066 4.262638 2.748254 2.284066 1.677320 1.669593 1.180732 1.287082 1.009958 1.164802 0.823380 0.760063 0.482139 1.655439 2.080657 1.508548 0.949395 4.275927 4.033352 2.309031 2.203244 3.938800 2.218314 2.827333 2.827333 2.827333
0.134066 0.437832 0.719386 2.151818 1.355711 1.448545 0.783839 1.532146 1.931706 0.719386 0.799669 1.157456 1.576226 0.703771 1.670880 1.807415 7.734376 1.387814 2.713937 1.668305 1.849360 3.364280 1.262632 0.733977 1.177054 2.070533 0.134066 0.134066 0.134066 0.134066 0.134066 0.134066 0.134066 0.134066 0.134066 0.134066 0.134066 4.371531 3.124052 2.748254 2.369590 3.017837 2.163097 3.977550 2.500169 1.858247 1.164802 1.625901 4.325297 3.199534 1.683732 0.774786 1.716815 0.949395 0.887095 4.214108 1.771957 3.320121 1.441063 4.555086 3.938800 2.203244 2.827333
1.482265 0.812094 0.367211 1.355711 1.768291 1.768291 0.719386 1.355711 1.862057 1.556625 0.915220 1.483516 2.553269 1.699656 1.128115 2.236662 1.709460 1.754845 1.315228 1.315228 3.599082 3.274135 0.932807 0.748727 0.531772 3.232754 14.561588 0.134066 0.134066 0.134066 0.134066 0.134066 0.134066 0.134066 1.428660 0.134066 3.989519 3.347856 2.878506 2.369590 2.134323 2.203244 3.015284 3.938800 2.203244 2.203244 0.825636 3.466183 2.461196 1.801299 1.093108 2.749529 1.426181 0.229095 2.759733 2.755906 2.309031 3.320121 3.458326 4.190510 2.218314 2.827333 2.203244
2.301250 1.434858 2.279203 0.421819 1.128115 1.405129 1.848090 2.154323 1.355711 1.670880 1.355711 1.355711 1.228381 1.030144 1.128115 3.607990 1.218609 1.013526 1.321353 1.709460 3.025497 1.356944 1.301761 1.202744 0.134066 2.134323 0.134066 0.134066 0.134066 0.134066 0.134066 0.134066 0.134066 0.134066 0.134066 3.630347 2.333693 2.369590 2.510238 2.510238 0.134066 3.596537 2.218314 3.938800 2.203244 2.203244 2.203244 2.203244 1.678608 0.977875 0.976688 2.291361 0.716043 2.503943 2.800050 4.430225 2.903649 0.134066 5.434075 4.267067 2.218314 2.203244 2.203244
1.616926 1.058637 1.321353 1.321353 1.345876 1.836786 1.228381 2.641299 1.448545 1.448545 1.142777 1.228381 1.260183 1.228381 1.123231 1.557850 1.634883 1.634883 1.634883 1.939118 2.408281 1.808638 0.787233 0.560064 2.608704 2.277987 0.134066 0.134066 0.134066 0.134066 0.134066 0.134066 0.134066 0.134066 0.134066 4.237719 2.538075 1.436098 1.403892 2.901134 0.134066 0.134066 2.369590 3.938800 2.203244 2.203244 2.203244 2.119336 2.008490 0.981438 0.976688 0.724955 0.348499 0.134066 4.425917 2.827333 0.134066 0.134066 6.343484 6.343484 10.714257 1.432378 2.203244
0.990941 2.843460 1.099056 1.021839 2.346688 1.448545 0.890610 1.576226 1.448545 0.256393 0.924599 0.842601 0.779314 1.541935 1.576226 1.559074 0.867184 1.634883 1.207624 5.524863 2.329797 2.624998 1.147668 1.147668 0.229588 2.189436 0.134066 0.134066 0.134066 0.134066 0.134066 0.134066 0.134066 4.407257 0.134066 3.052311 2.538075 1.911672 1.108591 2.040120 1.911672 3.248197 2.218314 2.535543 2.203244 2.225726 2.991039 2.203244 1.587259 0.355472 0.782708 1.024212 2.745704 1.968783 1.534593 1.674744 5.362335 0.134066 10.714257 2.827333 5.818341 2.755906 2.203244
0.877724 0.666840 1.153785 1.019467 1.197866 1.872222 0.881238 1.345876 2.279203 1.862057 1.218609 1.139110 1.077650 1.576226 1.779290 1.559074 2.607451 1.332383 1.634883 2.591164 10.830669 2.243953 2.204499 1.251614 0.134066 1.533369 0.134066 0.134066 0.134066 0.134066 0.134066 0.134066 0.134066 0.134066 0.134066 4.757838 4.074495 4.517653 3.996171 2.307734 5.770417 6.229801 2.369590 2.369590 2.203244 2.203244 2.203244 2.119336 1.677320 1.835562 0.902327 0.289786 1.246720 0.810965 0.749861 4.129075 2.281634 3.787480 1.771957 4.539445 3.950885 1.432378 4.982155
0.599839 0.666840 1.147668 1.433618 0.896468 2.342789 2.064193 1.213726 1.213726 1.206404 0.430383 1.546830 2.016076 1.589712 1.634883 2.379262 1.709460 1.634883 1.951475 3.453089 6.118879 2.624998 2.243953 1.583581 1.532146 0.134066 0.134066 0.134066 0.134066 0.134066 0.134066 0.134066 0.134066 0.134066 0.134066 0.134066 0.134066 1.538263 2.658839 3.921355 4.566346 3.848575 4.016111 1.759739 2.203244 2.203244 3.562197 2.119336 2.661342 2.163097 0.902327 0.355472 1.839235 1.080028 0.749861 1.864597 3.894920 3.962927 3.148916 3.950885 5.909378 1.432378 2.309031
1.316453 0.470328 1.058637 1.502286 1.764625 1.942825 3.530044 1.754845 2.437333 2.050253 1.577452 2.376844 1.599524 1.763404 2.396189 1.514813 2.637537 2.396189 1.779290 4.146993 2.571007 2.478791 0.787233 0.134066 1.486017 0.134066 0.134066 0.134066 0.134066 0.134066 0.134066 0.134066 0.134066 0.134066 0.134066 0.134066 2.226941 2.245169 2.867196 2.638791 4.566346 4.734156 3.466183 2.203244 2.203244 2.203244 1.390287 2.119336 2.677614 2.242738 1.202744 2.203244 0.825636 1.463522 0.134066 1.737664 0.134066 3.111200 3.354161 5.909378 3.950885 3.938800 2.827333
1.058637 1.502286 1.951475 1.951475 1.321353 2.637537 3.151535 4.832165 1.800076 1.804968 2.984676 3.142370 1.757295 1.238159 1.754845 2.291361 1.189318 2.503943 2.235447 4.146993 2.093128 1.876035 4.167685 0.134066 0.620710 0.134066 0.134066 0.134066 0.134066 0.134066 0.134066 0.134066 0.134066 0.134066 3.625069 4.994436 2.284066 2.327200 2.284066 1.888754 1.655439 4.071842 3.543054 2.369590 2.203244 2.203244 2.203244 2.203244 1.979915 4.982155 2.369590 2.218314 4.640074 2.369590 5.156027 1.119569 0.134066 3.392416 3.167253 1.432378 1.432378 2.827333 0.134066
1.528476 1.528476 1.951475 2.151818 1.321353 2.637537 2.780151 2.265831 1.754845 2.220827 3.937458 2.968172 2.968172 2.408281 1.447298 1.951475 1.448545 2.396189 1.787847 7.720018 1.646441 6.118879 0.450507 3.232754 0.945837 0.134066 0.134066 0.134066 0.134066 0.134066 0.134066 0.134066 3.910625 2.875993 2.439844 4.994436 2.369590 2.369590 2.284066 3.280623 3.280623 1.746253 5.113508 3.776744 2.369590 2.369590 2.369590 2.203244 2.369590 3.458326 2.991039 2.218314 2.218314 2.218314 4.757838 0.651119 0.504302 3.913307 3.167253 2.218314 0.134066 0.134066 0.134066
1.576226 1.956419 1.576226 1.634883 1.634883 1.940353 2.208266 1.944060 1.754845 1.754845 2.311625 3.891056 2.817410 1.789070 1.056262 1.764625 1.848090 3.403932 7.859414 2.243953 2.571007 3.365558 2.487592 2.059123 2.149318 0.134066 0.134066 0.134066 0.134066 0.134066 0.134066 0.134066 0.134066 0.134066 2.003434 3.839435 2.623745 2.284066 2.284066 2.284066 3.320121 3.274135 3.709511 3.386019 2.369590 2.369590 2.203244 2.369590 5.182171 3.962927 5.182171 2.218314 3.320121 1.413794 4.259687 0.134066 0.404529 4.049276 5.338046 0.134066 0.134066 0.134066 0.134066
1.046761 1.350785 0.236680 1.576226 1.013526 1.939118 5.125595 2.780151 1.400180 2.220827 2.540606 3.595265 3.875604 1.321353 1.321353 1.528476 1.848090 4.567754 4.331880 2.018606 1.398943 0.748727 3.686493 2.059123 4.333197 0.134066 0.134066 0.134066 0.134066 0.134066 0.134066 0.134066 0.134066 3.232754 2.521623 3.560925 4.443035 3.220450 3.220450 2.857146 3.220450 2.643808 4.735472 2.795091 2.369590 2.369590 2.203244 2.203244 2.218314 4.982155 2.218314 2.218314 2.827333 3.320121 3.320121 1.107385 0.134066 0.134066 0.134066 3.997501 0.134066 0.134066 0.134066
0.134066 0.134066 0.236680 1.845552 1.893844 2.803770 3.199534 1.952711 1.754845 2.220827 2.854634 3.601627 3.621110 1.497278 1.332383 0.712698 0.712698 1.754845 10.830669 2.734230 1.876035 1.251614 1.129336 3.232754 0.134066 0.134066 0.134066 0.134066 0.134066 0.134066 0.134066 0.134066 0.134066 2.134323 2.795091 4.244937 2.134323 1.741345 4.781530 2.875993 4.206240 3.763331 3.709511 3.618472 3.618472 2.611210 2.369590 2.369590 2.369590 2.218314 2.203244 4.267067 2.203244 3.320121 4.145614 1.107385 0.134066 0.134066 0.134066 0.134066 0.134066 0.134066 0.134066
0.137418 0.154176 0.661229 1.709460 1.893844 3.199534 4.032026 1.709460 2.220827 2.220827 3.468803 3.206916 4.682485 2.193201 1.125673 0.869526 0.719386 3.294903 3.586360 2.732956 1.986102 3.232754 3.232754 1.051511 0.134066 0.134066 0.134066 0.134066 0.134066 0.134066 0.134066 0.134066 0.134066 2.681370 4.039986 4.642723 4.642723 4.781530 6.741706 3.553297 4.285821 5.066252 3.636947 3.618472 4.221977 2.277987 2.218314 2.369590 2.369590 2.218314 2.369590 2.827333 2.203244 2.827333 3.276730 1.932941 0.134066 0.134066 0.134066 0.134066 0.134066 4.214108 0.134066
0.134066 0.134066 0.134066 0.808706 1.189318 1.476015 1.798853 2.637537 1.798853 2.780151 2.879763 3.275433 2.271909 2.242738 1.840477 2.937722 2.396189 2.637537 10.830669 2.795091 1.986102 3.232754 2.134323 3.097412 0.134066 0.134066 0.134066 0.134066 0.134066 0.134066 0.134066 0.134066 0.134066 0.134066 3.232754 3.370672 6.617636 4.220665 10.830669 3.937458 2.284066 3.220450 5.770417 2.683874 2.882277 2.611210 1.771957 5.182171 2.369590 2.203244 2.369590 5.182171 2.218314 4.982155 2.119336 0.416439 0.134066 0.134066 0.134066 0.134066 0.504302 0.254255 0.134066
1.502286 1.502286 1.476015 1.716815 1.402654 1.800076 1.798853 2.270693 1.754845 1.804968 3.893632 2.029993 3.248197 2.242738 1.951475 1.951475 0.815481 3.388578 10.830669 2.250030 1.251614 0.753262 1.112249 1.421225 0.134066 0.134066 0.134066 0.134066 0.134066 0.134066 0.134066 0.134066 0.134066 0.134066 0.134066 0.134066 3.135826 7.816753 7.720018 2.331096 0.723842 2.777598 5.145273 4.788719 1.771957 1.689856 4.115653 2.988488 4.115653 2.369590 3.466183 3.320121 2.369590 2.203244 2.675110 2.591164 0.134066 0.134066 0.134066 0.134066 0.134066 2.522888 1.441063
1.951475 1.058637 1.845552 1.822097 1.586033 1.634883 1.448545 1.754845 1.798853 4.206240 3.696722 2.228156 2.817410 2.817410 1.437338 0.838039 1.856977 2.301250 3.914648 7.859414 4.910219 0.589145 4.764418 1.428660 0.134066 0.134066 0.134066 0.134066 0.134066 0.134066 0.134066 0.134066 0.134066 0.134066 0.134066 2.743153 2.534277 5.666593 3.363001 2.911195 4.153888 4.153888 3.296180 3.703116 5.067718 2.433674 3.306259 3.954914 2.218314 2.218314 2.369590 2.203244 2.369590 2.218314 2.119336 2.121833 0.921081 0.134066 0.134066 0.134066 0.134066 1.223495 0.134066
1.412556 1.634883 1.476015 1.212505 0.931634 0.931634 1.321353 1.448545 1.726624 2.540606 7.945512 5.214225 4.686463 2.119336 1.593391 1.213726 1.019467 0.844941 1.502286 2.681370 0.932807 0.328068 4.129075 1.421225 0.134066 0.134066 0.134066 0.134066 0.134066 0.134066 0.134066 0.134066 0.134066 0.134066 0.134066 0.134066 0.134066 0.134066 5.306481 5.079443 5.527822 6.406168 4.045294 3.763331 4.735472 2.369590 4.613118 5.160638 2.218314 5.182171 2.369590 2.369590 2.827333 3.320121 1.379164 0.134066 0.644372 0.134066 0.134066 0.134066 0.134066 0.134066 0.134066
1.729077 1.412556 0.889438 1.800076 1.923061 1.874764 1.754845 2.408281 4.817620 6.775992 7.945512 3.125360 3.629028 2.883534 1.868409 1.463522 1.448545 0.844941 3.186002 5.826440 1.064577 0.444185 3.038269 0.840293 0.134066 0.134066 0.134066 0.134066 0.134066 0.134066 0.134066 0.134066 0.134066 0.134066 0.134066 0.134066 1.049136 1.901482 3.370672 1.368050 7.037406 5.421882 7.720018 5.563589 3.474042 4.300291 4.317399 3.954914 2.218314 1.360645 2.369590 2.218314 3.466183 3.466183 3.320121 1.126894 2.362294 2.985946 1.018281 0.134066 0.134066 0.134066 0.192720
1.321353 2.396189 1.412556 1.800076 2.591164 1.201524 5.501635 3.380903 2.975788 2.035056 3.307519 2.935186 2.203244 2.769940 1.390287 1.321353 0.412120 0.412120 1.157456 3.200764 4.506042 1.064577 0.399082 2.725310 0.840293 0.134066 0.134066 0.134066 0.134066 0.134066 0.134066 0.134066 0.134066 0.134066 0.134066 0.134066 2.134323 1.860787 0.134066 4.911668 4.567754 10.830669 3.678824 3.361729 4.994436 4.994436 4.709539 4.628844 3.386019 3.962927 2.421582 4.300291 3.962927 3.316340 1.976204 1.228381 2.362294 3.203225 0.134066 0.134066 0.134066 0.134066 0.134066
1.673456 1.021839 0.748727 1.971257 2.013547 2.780151 1.846821 2.826092 3.276730 2.419163 2.419163 0.647746 4.797385 1.280970 2.090634 1.007580 1.083594 1.711912 1.629749 5.287214 1.064577 1.064577 0.367211 2.336292 3.200764 0.134066 0.134066 0.134066 0.134066 0.134066 0.134066 0.134066 0.134066 0.134066 0.134066 0.134066 0.134066 0.134066 2.282850 3.232754 3.811458 8.688298 4.889939 5.563589 3.674989 4.735472 5.604218 5.666593 5.057463 5.180632 3.078615 2.013547 4.757838 4.175967 2.632521 0.419669 0.134066 2.233016 0.134066 0.438893 1.986102 0.134066 0.134066
0.134066 0.204451 0.204451 0.232156 0.988564 0.134066 2.379262 1.037264 0.899983 2.516562 1.508548 1.205184 0.675809 1.946532 2.090634 1.624618 0.221209 2.291361 3.599082 4.120967 3.049767 1.064577 0.611678 1.983627 3.200764 0.134066 0.134066 0.134066 0.134066 0.134066 0.134066 0.134066 0.134066 0.134066 0.134066 0.134066 0.134066 0.134066 2.480048 2.739329 2.611210 10.830669 4.090421 1.049136 2.958019 7.720018 2.964364 3.184772 4.166305 2.829813 0.753262 0.485474 1.415032 0.134066 1.813532 1.038451 0.134066 1.019467 2.291361 1.649011 0.134066 0.134066 0.134066
0.134066 0.170935 0.134066 0.441012 0.134066 2.534277 3.876892 1.037264 3.183542 1.741345 0.355472 2.805010 2.199477 1.522335 3.936116 1.562749 0.134066 4.216731 1.659297 3.647510 3.860157 1.191770 2.212034 0.436771 2.136821 1.559074 0.134066 0.134066 0.134066 0.134066 0.134066 0.134066 0.134066 0.134066 0.134066 0.134066 0.134066 0.134066 3.232754 3.232754 2.038854 1.057449 4.476936 1.668305 2.645062 10.830669 3.488449 2.469992 1.628466 2.798810 1.336062 1.923061 0.134066 1.907850 0.243369 2.718950 0.134066 2.410699 1.619489 0.134066 0.134066 0.134066 0.134066
0.134066 0.134066 2.764836 1.093108 1.819650 3.601627 2.495137 1.068142 2.332394 2.203244 1.111030 0.421819 2.805010 0.412120 0.412120 0.134066 1.912946 2.115591 3.082374 2.549470 2.233016 0.226148 2.771216 0.733977 2.795091 1.295643 0.134066 0.134066 0.134066 0.134066 0.134066 0.134066 0.134066 0.134066 0.134066 0.134066 0.134066 0.134066 3.232754 3.232754 2.480048 2.430046 2.430046 1.142777 1.504790 2.315517 1.527253 2.396189 2.396189 4.830673 2.713937 1.336062 0.485474 0.990941 0.990941 0.791756 0.519717 0.232156 0.222885 0.986189 0.134066 0.134066 0.134066
0.219082 0.170935 4.098387 1.736437 1.340968 3.311299 3.311299 2.487592 4.308186 0.134066 2.935186 0.824508 1.669593 0.293811 2.115591 1.076461 1.452288 1.609341 3.082374 4.832165 7.077244 4.611689 2.884790 2.276771 1.096677 1.295643 0.840293 0.134066 0.134066 0.134066 0.134066 0.134066 0.134066 0.134066 0.134066 0.134066 0.134066 0.134066 0.134066 3.232754 2.411908 1.935412 0.483251 2.057856 0.896468 1.476015 1.333610 1.504790 1.285860 2.396189 3.034437 2.396189 1.447298 0.783839 0.729436 0.134066 0.211154 0.384822 0.286897 0.134066 0.134066 0.134066 0.134066
0.134066 0.170935 0.670204 3.933431 1.674744 0.134066 0.134066 0.134066 2.427628 2.763560 2.408281 0.824508 0.212830 0.988564 1.076461 2.140570 1.269974 1.447298 2.427628 2.059123 1.754845 1.649011 1.829441 1.064577 2.918742 4.062552 3.563468 1.301761 0.134066 0.134066 0.134066 0.134066 0.134066 0.134066 0.134066 0.134066 0.134066 0.134066 0.134066 3.506640 4.085111 1.202744 0.833530 2.036322 0.733977 1.262632 2.368381 1.090729 2.264615 3.405212 1.856977 3.034437 2.090634 1.972494 1.638734 0.170935 0.134066 0.162555 1.476015 0.690362 0.362353 0.421819 0.134066
