Example_Watersheds/WA_MashelWatershed/DataInputs/o_3_ChemistryPools/Mashel_1990_Pools/N_g_Humus_4.asc
ncols         923
nrows         455
xllcorner     550005.67551598
yllcorner     5180549.8134422
cellsize      30
NODATA_value  -9999
[rows 280 to 307 of 455, columns 0 to 62 of 923]
0.691795 0.692747 0.697020 0.385510 0.679107 0.690751 0.708345 0.708345 0.708345 0.705838 0.706454 0.614169 0.666805 0.666805 0.667777 0.613918 0.415950 0.618026 0.633458 0.627870 0.514521 0.622118 0.495894 0.584724 0.682830 0.638506 0.570861 0.676715 0.661495 0.682474 0.581240 0.626658 0.560724 0.560724 0.563443 0.563443 0.474786 0.507729 0.498525 0.543145 0.604692 0.604692 0.568032 0.560724 0.306736 0.461744 0.625103 0.630403 0.563443 0.563443 0.633609 0.563443 0.560724 0.601192 0.586013 0.634356 0.634356 0.651598 0.656170 0.649281 0.643616 0.685915 0.560724
0.691795 0.685051 0.691687 0.645734 0.690751 0.690751 0.708345 0.690048 0.695693 0.692747 0.385510 0.678822 0.687225 0.661290 0.661642 0.610963 0.645439 0.638225 0.638415 0.629281 0.558584 0.573596 0.597358 0.654607 0.682132 0.670296 0.668096 0.682132 0.690579 0.594742 0.643616 0.582046 0.558584 0.558584 0.585720 0.563443 0.470370 0.453048 0.507729 0.598475 0.576087 0.634440 0.600822 0.579418 0.453048 0.655981 0.645203 0.633609 0.633609 0.601192 0.560724 0.563443 0.562095 0.601192 0.611098 0.646811 0.651253 0.647267 0.654607 0.668201 0.668201 0.635686 0.661645
0.395148 0.671901 0.641571 0.628499 0.690751 0.708345 0.708345 0.708345 0.689773 0.667313 0.649789 0.625334 0.676091 0.667010 0.633705 0.567689 0.650372 0.638341 0.563443 0.631852 0.560724 0.573596 0.659491 0.661624 0.615327 0.668201 0.682132 0.661642 0.668201 0.583063 0.583063 0.670296 0.556196 0.563443 0.560724 0.563443 0.511816 0.561723 0.513769 0.598475 0.598395 0.629590 0.563443 0.555007 0.546554 0.628433 0.645203 0.651044 0.563443 0.617289 0.587209 0.562095 0.560724 0.560724 0.652194 0.611098 0.653235 0.611098 0.635686 0.661632 0.631696 0.661632 0.631537
0.385510 0.697932 0.673115 0.653545 0.695332 0.709204 0.693339 0.706902 0.673115 0.634385 0.691407 0.634996 0.587209 0.615255 0.560724 0.650372 0.562095 0.562095 0.637858 0.655981 0.570800 0.308855 0.630947 0.653931 0.661624 0.668201 0.682830 0.668295 0.682132 0.644416 0.644416 0.587140 0.610037 0.558584 0.570982 0.560724 0.529046 0.444741 0.492016 0.563443 0.643616 0.560724 0.608878 0.510631 0.655981 0.655981 0.628630 0.563443 0.579558 0.360087 0.564619 0.601192 0.591621 0.638415 0.667777 0.678572 0.618483 0.579136 0.679000 0.664079 0.631696 0.682819 0.609943
0.691430 0.708614 0.645122 0.690751 0.695332 0.694127 0.385510 0.708614 0.705697 0.695549 0.695549 0.590179 0.593485 0.609943 0.588436 0.563443 0.564619 0.562095 0.562095 0.655981 0.470995 0.620558 0.557745 0.651812 0.659973 0.682830 0.654607 0.682132 0.629952 0.668201 0.612259 0.612259 0.560724 0.643616 0.560724 0.415950 0.560724 0.560724 0.563443 0.600822 0.634294 0.567689 0.306736 0.563443 0.508488 0.667566 0.427964 0.560724 0.556512 0.584645 0.560724 0.562095 0.562095 0.612147 0.646933 0.673115 0.646476 0.579136 0.659691 0.692581 0.679087 0.656170 0.616576
0.700590 0.708345 0.708345 0.690048 0.699067 0.646971 0.691687 0.385510 0.597540 0.390329 0.670013 0.648812 0.617289 0.632952 0.581119 0.656038 0.691143 0.563443 0.667906 0.537356 0.466523 0.388705 0.645939 0.643292 0.691551 0.643616 0.668201 0.670296 0.668295 0.668201 0.668201 0.655481 0.560724 0.584882 0.615255 0.648300 0.560724 0.472193 0.427964 0.643721 0.651812 0.567689 0.492016 0.563443 0.582528 0.522425 0.631852 0.642267 0.612259 0.599680 0.560724 0.586013 0.630221 0.633705 0.576714 0.651175 0.677964 0.677964 0.657106 0.635767 0.629281 0.667293 0.656170
0.563808 0.583084 0.708345 0.683303 0.693339 0.505982 0.385510 0.385510 0.385510 0.705838 0.691521 0.607996 0.660753 0.656038 0.631775 0.624851 0.560724 0.581594 0.568825 0.655981 0.474786 0.401856 0.401856 0.643721 0.652194 0.668295 0.690579 0.636004 0.677396 0.668201 0.668201 0.558584 0.612259 0.560724 0.630033 0.613918 0.560724 0.563443 0.518817 0.655835 0.633609 0.610685 0.530860 0.582528 0.563443 0.582528 0.558584 0.678064 0.558584 0.558584 0.598395 0.633705 0.668376 0.668201 0.695115 0.690207 0.611098 0.667293 0.661632 0.642355 0.643825 0.679123 0.678160
0.385510 0.385510 0.660186 0.695549 0.611997 0.660186 0.385510 0.385510 0.385510 0.709281 0.685637 0.686314 0.653235 0.688112 0.688112 0.626745 0.587209 0.629281 0.671383 0.655981 0.601428 0.464585 0.453340 0.654827 0.652194 0.664567 0.621754 0.677396 0.677396 0.668201 0.668201 0.636913 0.612259 0.612259 0.641445 0.586013 0.560724 0.584565 0.560724 0.560724 0.651812 0.651812 0.600759 0.602530 0.559616 0.560724 0.615182 0.622767 0.560724 0.563443 0.630403 0.651655 0.651655 0.667293 0.709327 0.695115 0.656038 0.642514 0.632294 0.683500 0.678064 0.679123 0.608759
0.385510 0.385510 0.385510 0.409604 0.385510 0.385510 0.385510 0.573446 0.385510 0.525257 0.621635 0.699921 0.653444 0.656050 0.626745 0.592831 0.600822 0.646933 0.687669 0.607583 0.494324 0.453048 0.570172 0.679143 0.652194 0.668295 0.668295 0.668295 0.678064 0.677396 0.682830 0.625664 0.560724 0.655432 0.655432 0.643616 0.560724 0.655835 0.587209 0.657399 0.657399 0.659173 0.567689 0.695332 0.643616 0.613918 0.643721 0.622767 0.677859 0.501215 0.562095 0.639525 0.628499 0.637431 0.709327 0.694127 0.635847 0.611098 0.611098 0.678160 0.641509 0.641509 0.584405
0.385510 0.385510 0.644028 0.686444 0.385510 0.681064 0.385510 0.462612 0.385510 0.695300 0.691795 0.491525 0.649191 0.690069 0.632952 0.643721 0.687669 0.661368 0.694372 0.636913 0.413700 0.405578 0.608194 0.650372 0.652792 0.682132 0.682132 0.667010 0.667010 0.691551 0.691551 0.611857 0.636913 0.612259 0.632636 0.654112 0.597358 0.598395 0.633705 0.691551 0.691551 0.686775 0.691497 0.691143 0.677395 0.616576 0.583408 0.653340 0.593734 0.677964 0.638285 0.564619 0.632502 0.636447 0.636447 0.631617 0.678822 0.591770 0.628499 0.641919 0.667293 0.635926 0.652194
0.597587 0.697956 0.651544 0.695714 0.563808 0.667031 0.385510 0.691466 0.702803 0.703915 0.690794 0.691795 0.649191 0.685343 0.661624 0.630309 0.641245 0.385510 0.385510 0.689610 0.568541 0.453703 0.591470 0.638438 0.679141 0.668295 0.646811 0.664567 0.651655 0.690465 0.667010 0.678641 0.618835 0.693787 0.651390 0.631852 0.563443 0.628499 0.628499 0.677396 0.683500 0.679134 0.686775 0.692017 0.651655 0.690465 0.690465 0.676943 0.661851 0.677964 0.661403 0.692213 0.690405 0.526102 0.618483 0.656038 0.674219 0.583408 0.690465 0.631617 0.650166 0.611098 0.626745
0.385510 0.385510 0.660393 0.637632 0.685628 0.667031 0.646933 0.686628 0.707128 0.679134 0.679134 0.641035 0.649868 0.613753 0.653645 0.689299 0.685356 0.385510 0.385510 0.576439 0.637940 0.600099 0.701780 0.692493 0.708630 0.668501 0.676715 0.679107 0.664245 0.660880 0.679034 0.693412 0.616816 0.613156 0.662834 0.628499 0.664245 0.674629 0.674629 0.667107 0.660997 0.629590 0.662834 0.652069 0.651655 0.651582 0.628630 0.638367 0.651044 0.694654 0.634905 0.692213 0.695300 0.692913 0.661403 0.665174 0.651290 0.645122 0.690465 0.648713 0.616751 0.624165 0.626745
0.617580 0.660393 0.667847 0.667847 0.584242 0.656050 0.611098 0.656649 0.482114 0.650501 0.703915 0.650372 0.654756 0.664245 0.651474 0.702888 0.662834 0.660314 0.709281 0.385510 0.626117 0.385510 0.424061 0.563579 0.687437 0.708345 0.666359 0.690751 0.633967 0.661642 0.661642 0.678920 0.691547 0.644127 0.596103 0.662834 0.709085 0.652792 0.604746 0.662834 0.633560 0.626745 0.660470 0.580684 0.626745 0.593917 0.602816 0.660470 0.648713 0.678706 0.645122 0.668836 0.693994 0.692454 0.630256 0.704845 0.660470 0.628088 0.628088 0.693313 0.662834 0.602236 0.655835
0.621095 0.631456 0.609109 0.633609 0.660393 0.653444 0.630859 0.646310 0.611098 0.611098 0.668480 0.690583 0.661642 0.662253 0.618661 0.678920 0.662834 0.660233 0.652559 0.385510 0.614332 0.688323 0.385510 0.385510 0.679461 0.709346 0.685060 0.690751 0.651582 0.619423 0.634812 0.691467 0.691429 0.254961 0.633406 0.684144 0.668411 0.631373 0.661624 0.637155 0.668836 0.637534 0.650437 0.612147 0.650794 0.651325 0.623220 0.655999 0.679107 0.690641 0.690641 0.645122 0.678338 0.676091 0.674642 0.568032 0.625290 0.665863 0.630256 0.627644 0.637534 0.634905 0.655835
0.617289 0.667847 0.609109 0.626745 0.635604 0.587209 0.598710 0.644601 0.644601 0.611098 0.612732 0.575161 0.634159 0.677518 0.639233 0.639233 0.639233 0.660470 0.650437 0.650739 0.611425 0.616920 0.604178 0.674629 0.693313 0.693412 0.623644 0.628756 0.679107 0.617671 0.636786 0.639713 0.658471 0.516715 0.606304 0.662834 0.685060 0.631373 0.679107 0.661436 0.661642 0.660880 0.660880 0.701786 0.604746 0.634085 0.631373 0.703410 0.690751 0.707959 0.595550 0.690751 0.666359 0.686710 0.660997 0.568032 0.638341 0.655735 0.679123 0.678160 0.578131 0.616693 0.626745
0.650372 0.609749 0.626745 0.568032 0.626745 0.587209 0.656170 0.656170 0.656492 0.678920 0.659062 0.564691 0.556882 0.596103 0.635350 0.683826 0.702345 0.708630 0.690751 0.634085 0.600566 0.624635 0.693718 0.385510 0.385510 0.690583 0.690751 0.603024 0.560410 0.651582 0.677396 0.690794 0.469343 0.604746 0.606304 0.701780 0.667777 0.681024 0.709168 0.603749 0.572489 0.638341 0.668108 0.612831 0.610685 0.638225 0.652559 0.693412 0.691941 0.525257 0.645939 0.690048 0.692913 0.620125 0.616516 0.637534 0.631456 0.553809 0.653127 0.693994 0.694544 0.633560 0.633560
0.591621 0.612631 0.626745 0.616576 0.611098 0.610398 0.676091 0.615680 0.512058 0.617486 0.637431 0.685356 0.616015 0.651582 0.679107 0.687889 0.385510 0.709464 0.660470 0.638341 0.600566 0.633012 0.630859 0.691551 0.644691 0.684456 0.608936 0.608936 0.662834 0.651582 0.661624 0.691547 0.655659 0.602816 0.623779 0.691337 0.693060 0.385510 0.709168 0.656027 0.596754 0.607370 0.627644 0.614413 0.658833 0.654607 0.652559 0.694544 0.705693 0.699960 0.651613 0.596103 0.631373 0.585941 0.585941 0.661495 0.660393 0.660148 0.616693 0.689299 0.644691 0.602816 0.637534
0.634294 0.641106 0.626745 0.611098 0.658346 0.668295 0.676091 0.647193 0.576850 0.634356 0.689929 0.703915 0.668411 0.651582 0.693060 0.534895 0.385510 0.694853 0.631121 0.631121 0.651582 0.056459 0.660393 0.622609 0.628298 0.681064 0.646811 0.691687 0.677964 0.679107 0.691551 0.655093 0.655698 0.606304 0.696475 0.684752 0.571280 0.650094 0.661290 0.636975 0.661645 0.606304 0.629590 0.679073 0.657819 0.637534 0.667031 0.667031 0.658471 0.652792 0.705436 0.647860 0.678766 0.620765 0.540287 0.652906 0.651670 0.661566 0.674007 0.689299 0.636231 0.634123 0.679107
0.630947 0.626745 0.626745 0.652194 0.617838 0.638225 0.596237 0.576087 0.640657 0.682819 0.624227 0.624227 0.694947 0.645662 0.608259 0.690751 0.385510 0.647193 0.695076 0.520729 0.612203 0.622609 0.637483 0.641313 0.691467 0.678873 0.693301 0.691429 0.639986 0.697020 0.646811 0.456540 0.656065 0.651215 0.629732 0.656050 0.630033 0.637378 0.661290 0.662834 0.628756 0.519518 0.604746 0.647308 0.662834 0.609052 0.637815 0.660686 0.652792 0.558989 0.645662 0.681396 0.666805 0.668587 0.642355 0.691429 0.694990 0.630403 0.695300 0.626745 0.626745 0.638614 0.667107
0.630033 0.667107 0.568032 0.308855 0.308855 0.598395 0.308855 0.652906 0.596754 0.655835 0.655865 0.578265 0.668411 0.668480 0.691496 0.652792 0.433699 0.708345 0.683158 0.615680 0.614332 0.677518 0.661632 0.679063 0.691467 0.655617 0.679063 0.702970 0.695657 0.691430 0.595407 0.595407 0.254961 0.615033 0.661154 0.626481 0.667107 0.607370 0.651670 0.613753 0.612203 0.588189 0.592206 0.677636 0.674007 0.638056 0.689621 0.637534 0.648713 0.668345 0.678706 0.683500 0.668595 0.578547 0.654200 0.679479 0.694990 0.626745 0.548675 0.548675 0.634123 0.606142 0.641692
0.661290 0.638341 0.618211 0.499220 0.472193 0.651133 0.682819 0.637431 0.591621 0.651390 0.655865 0.650237 0.668480 0.655528 0.637378 0.630770 0.708802 0.708345 0.692213 0.601070 0.056786 0.655865 0.566004 0.678873 0.678873 0.683158 0.666239 0.634159 0.624579 0.638415 0.612974 0.254961 0.609277 0.608062 0.627249 0.600369 0.592695 0.606304 0.653444 0.607151 0.576917 0.647860 0.673115 0.609545 0.651133 0.633841 0.693339 0.709195 0.385510 0.667010 0.648713 0.648713 0.648713 0.682819 0.645589 0.673570 0.690073 0.685628 0.691085 0.648300 0.690751 0.647193 0.558647
0.652194 0.651655 0.580873 0.499220 0.631617 0.661642 0.667010 0.637096 0.468562 0.565937 0.705280 0.488262 0.634624 0.672152 0.649370 0.593796 0.593796 0.691687 0.630947 0.697020 0.668562 0.668562 0.627249 0.661521 0.651419 0.661565 0.472054 0.683168 0.305969 0.630947 0.589730 0.635350 0.260965 0.649370 0.658087 0.612732 0.638415 0.574119 0.621159 0.585038 0.647193 0.699960 0.673115 0.695194 0.643402 0.668444 0.385510 0.385510 0.467431 0.689680 0.695724 0.704276 0.668595 0.691551 0.668051 0.678920 0.663911 0.634194 0.655617 0.679107 0.709390 0.630947 0.617838
0.668411 0.678064 0.470780 0.570552 0.630403 0.649370 0.661202 0.622767 0.622767 0.569912 0.609439 0.660617 0.662834 0.604746 0.662834 0.623072 0.654369 0.634467 0.639233 0.623146 0.650998 0.604637 0.595335 0.651215 0.618119 0.647244 0.604237 0.628756 0.305969 0.628756 0.630149 0.668038 0.578252 0.651044 0.655771 0.612732 0.610325 0.610894 0.582210 0.646367 0.457848 0.644868 0.661403 0.452974 0.624690 0.385510 0.385510 0.674642 0.705838 0.702345 0.691537 0.707432 0.563808 0.667313 0.546630 0.656027 0.633458 0.644954 0.662834 0.638256 0.596103 0.654683 0.609166
0.690892 0.648084 0.664567 0.573596 0.481074 0.386840 0.651670 0.509258 0.634228 0.692017 0.634228 0.633841 0.679141 0.647630 0.662834 0.625843 0.605213 0.304082 0.607861 0.616516 0.677001 0.604637 0.629590 0.616145 0.667847 0.625664 0.574559 0.626481 0.626481 0.637096 0.589678 0.606304 0.584405 0.584405 0.633072 0.690341 0.460526 0.611857 0.632502 0.466813 0.612879 0.668529 0.651637 0.687669 0.385510 0.385510 0.385510 0.385510 0.385510 0.679063 0.385510 0.385510 0.691619 0.619664 0.628159 0.628159 0.636517 0.653235 0.638341 0.679107 0.656332 0.623779 0.655617
0.690892 0.523951 0.481074 0.642685 0.576850 0.630403 0.677964 0.509258 0.654200 0.593098 0.659881 0.659881 0.662834 0.607583 0.650739 0.685352 0.582476 0.610101 0.668051 0.608062 0.608062 0.254248 0.628756 0.620899 0.654369 0.593422 0.683816 0.586086 0.678920 0.634194 0.675021 0.646476 0.660314 0.638056 0.652792 0.613452 0.640162 0.630149 0.606851 0.652318 0.611164 0.677636 0.650682 0.646528 0.644127 0.706902 0.385510 0.385510 0.385510 0.554171 0.385510 0.385510 0.385510 0.694990 0.688089 0.651664 0.626745 0.661521 0.632829 0.604581 0.583322 0.654683 0.656492
0.667031 0.190995 0.640075 0.634356 0.647308 0.680656 0.646528 0.660617 0.638225 0.677964 0.595550 0.665863 0.665863 0.662834 0.625054 0.624851 0.385510 0.562095 0.658715 0.633751 0.598023 0.516850 0.635263 0.632891 0.650949 0.678660 0.691584 0.660686 0.567748 0.667467 0.611613 0.651215 0.660314 0.655892 0.611975 0.690583 0.624165 0.628693 0.640888 0.652318 0.668529 0.629490 0.611916 0.605813 0.674642 0.626454 0.648193 0.390329 0.659881 0.642076 0.385510 0.684280 0.661436 0.648406 0.671383 0.656064 0.691467 0.554171 0.635175 0.626481 0.634356 0.648909 0.655735
0.558138 0.585038 0.565937 0.629541 0.641245 0.641245 0.615611 0.651626 0.645283 0.678822 0.655941 0.555007 0.618483 0.633751 0.623220 0.686702 0.691466 0.633072 0.658715 0.603024 0.414833 0.661521 0.689680 0.657954 0.616576 0.678660 0.554171 0.630588 0.638092 0.607861 0.655865 0.661565 0.661565 0.642076 0.587412 0.655892 0.637584 0.684135 0.597643 0.647042 0.642174 0.678251 0.702970 0.651941 0.699718 0.525257 0.477069 0.705838 0.690892 0.661645 0.675021 0.668096 0.705284 0.625198 0.499149 0.633458 0.642076 0.651544 0.699301 0.260965 0.260965 0.653444 0.636913
0.573596 0.499291 0.655835 0.639713 0.565937 0.616864 0.639233 0.647219 0.582370 0.634905 0.678822 0.555007 0.666239 0.666239 0.631373 0.655892 0.681035 0.637483 0.628433 0.650094 0.620765 0.637096 0.655528 0.688917 0.688917 0.667313 0.637483 0.677964 0.646528 0.629952 0.691146 0.638018 0.668096 0.627409 0.581594 0.660314 0.613111 0.587546 0.667264 0.692152 0.648300 0.699960 0.704126 0.693412 0.703483 0.648909 0.692454 0.647166 0.688917 0.677636 0.675021 0.690895 0.690895 0.699301 0.612580 0.665027 0.638614 0.586580 0.598554 0.677137 0.583913 0.596103 0.677518
