Example_Watersheds/WA_MashelWatershed/DataInputs/o_3_ChemistryPools/Mashel_1990_Pools/N_g_root_1.asc
ncols         923
nrows         455
xllcorner     550005.67551598
yllcorner     5180549.8134422
cellsize      30
NODATA_value  -9999
[rows 0 to 27 of 455, columns 0 to 62 of 923]
3.724693 3.602653 3.602653 3.609336 3.596236 3.667862 3.239066 3.377360 3.441560 3.368411 3.619771 3.000456 2.819937 2.561426 2.591720 3.637761 3.579622 3.679032 3.328880 3.377360 2.968614 2.689753 2.729297 2.451526 2.000572 2.318647 1.127942 1.955353 2.601421 2.409246 2.409246 2.691655 2.601421 2.424037 1.955353 2.447659 3.655423 3.744338 2.997733 3.613276 0.060684 3.379792 3.629000 2.086722 2.289307 1.635796 2.010449 2.413307 2.076385 2.331999 2.006099 2.776027 1.839588 3.248477 1.890896 2.119002 1.515203 1.515203 2.442472 2.759598 2.968614 2.278650 4.040642
3.423526 3.609336 3.609336 3.709168 3.250523 3.538243 3.533085 3.533085 3.605987 3.538243 3.240282 3.595725 3.621520 3.183698 2.987156 3.598255 3.423526 2.821905 3.002995 3.757349 3.156023 2.547136 2.547136 1.964110 1.823387 0.727646 2.000572 0.827383 2.206882 1.610539 2.172432 1.668320 2.081562 2.162050 1.955353 2.995415 3.602039 3.094912 2.850405 1.950315 3.613276 3.907890 3.637961 2.536372 0.831127 1.177414 2.538169 3.375211 2.640030 2.100398 2.100398 2.410602 2.576157 3.527879 0.962742 3.247345 2.401065 2.707758 2.100398 2.868348 2.137373 3.383127 4.011645
2.853151 3.475613 3.595066 2.572258 3.499639 3.380472 3.533085 3.377360 3.249122 3.377360 2.974985 3.620938 3.611536 3.183698 3.222027 1.492065 2.059002 2.655386 2.851323 2.448950 3.252437 3.273158 2.350709 2.236086 1.213158 2.024153 1.964110 1.755890 2.721636 2.090153 2.297304 1.573583 3.275942 2.472789 3.029886 3.631268 3.384095 3.052251 2.511102 2.403801 3.438252 3.533085 2.842055 3.168795 2.350709 0.962742 0.139418 1.617464 0.962742 1.831487 2.100398 2.801089 2.804011 2.283977 1.893597 3.976395 2.538169 2.827758 3.284274 2.868348 3.023247 3.645212 3.843463
2.164491 2.557860 2.866592 0.060684 0.060684 3.240282 3.240282 0.060684 0.060684 0.060684 0.060684 3.292580 3.357354 3.249122 2.254695 3.273158 3.273158 3.259196 2.829691 3.328090 2.455373 3.939627 3.507345 3.507345 2.866592 2.655386 2.539965 2.281313 2.350709 1.984574 1.173858 1.581425 1.989223 1.707300 1.707300 1.850389 2.987724 2.006099 2.721636 3.196474 2.246717 2.441170 1.446156 2.853151 2.695456 0.962742 2.680232 1.627407 1.665936 2.119002 1.953016 3.196474 2.804011 2.753582 1.915203 4.017194 2.842055 2.043194 2.649634 2.664958 3.917994 3.795670 3.795670
1.587041 1.480542 2.472789 1.715398 0.060684 0.060684 0.060684 0.060684 0.060684 0.060684 0.060684 3.712860 3.724188 2.377450 3.647785 3.273158 3.273158 2.655386 2.866592 3.014929 1.602159 3.507345 3.507345 2.655386 2.857684 2.366114 2.366114 3.273158 3.273158 2.366114 2.167138 1.904400 3.273158 1.311364 3.453042 3.119839 2.842055 2.006099 2.721636 3.249716 3.889033 3.640186 2.042031 3.729816 1.953016 1.863891 3.064444 2.331999 1.953016 1.953016 3.196474 1.953016 1.812586 1.989223 1.989223 3.664133 3.623261 3.329638 2.511102 2.474625 1.994947 2.664958 3.861584
2.896312 2.743001 1.205982 2.129051 0.060684 0.060684 0.060684 0.060684 0.060684 0.060684 0.060684 3.249122 3.602972 2.455373 3.524375 3.014260 3.273158 2.655386 3.273158 2.000572 2.463595 2.838289 3.029886 1.594718 3.273158 3.273158 2.167138 3.273158 2.881405 2.002794 2.801089 1.626329 1.815286 3.507345 2.010449 3.850716 3.249716 3.847388 3.533085 3.728747 0.714561 0.060684 0.060684 3.626705 2.483786 2.835442 2.841117 3.239971 2.410602 3.249940 2.438558 1.831487 2.835442 2.991969 3.362729 3.597240 3.380809 2.511102 2.046720 3.325677 3.243326 2.966490 2.799626
3.792939 3.029886 2.605296 2.129051 3.113455 0.060684 0.060684 0.060684 0.060684 0.060684 3.347740 2.563207 2.831617 2.572258 1.145534 2.655386 3.014260 3.273158 2.653469 2.378857 2.105495 1.653127 3.614998 3.105063 1.766689 2.491095 1.766689 2.167138 4.023107 2.595603 1.955353 2.532776 3.025665 0.923156 3.066476 2.930359 3.627177 3.337145 3.337145 2.995415 2.511102 1.645688 1.967804 3.381480 3.353267 2.987156 2.707758 2.881405 3.595543 3.249940 2.511102 3.230546 2.743001 2.410602 2.620765 3.088821 3.380809 2.790818 3.008760 2.865711 3.124095 3.343539 3.185828
3.378412 3.493787 2.447659 2.447659 2.813984 0.060684 0.060684 0.060684 0.060684 0.060684 0.060684 2.342688 2.438558 2.326657 2.297304 2.481956 2.000572 3.273158 2.862164 1.671405 2.046720 2.672601 2.254695 3.014260 3.014260 1.766689 1.977481 2.990669 3.183698 3.409977 2.180376 2.180376 3.006629 2.894183 2.743001 1.617464 1.983401 2.680232 3.685228 3.253590 1.953016 1.515203 1.967804 3.604007 3.327319 2.037193 2.006099 2.511102 3.315965 2.331999 2.995415 2.593662 3.246631 2.006099 3.090851 2.006099 3.328667 3.249940 3.249940 3.239971 2.043194 3.329279 3.511992
2.474625 3.105063 2.260015 2.294638 0.060684 0.060684 0.060684 0.060684 0.060684 0.060684 0.060684 2.448950 2.448950 3.025067 2.297304 3.244862 3.105063 3.507345 3.507345 3.840190 2.550715 2.672601 2.881405 2.881405 3.273158 1.631654 2.011527 3.273158 3.273158 1.769388 3.273158 3.029886 2.655386 2.655386 2.447659 2.764095 2.640030 2.826787 2.776027 2.913340 2.593662 2.854970 3.649389 1.953016 2.945242 2.987156 3.008942 1.812586 2.593662 2.511102 3.052251 3.052251 3.246631 3.249940 2.868348 2.006099 2.410602 2.680232 2.831617 3.437090 2.717022 3.222027 2.039140
2.474625 0.060684 0.060684 0.060684 0.060684 0.060684 0.060684 0.060684 0.060684 0.060684 0.060684 2.993263 2.996213 1.763989 2.762597 2.762597 3.181569 3.105063 1.982225 3.254993 3.647785 3.273158 2.881405 2.881405 3.273158 1.461405 1.766689 2.011527 1.213158 2.065978 2.819937 3.273158 2.999369 1.593455 2.155511 2.521959 3.008760 2.417347 2.881405 2.214842 2.043194 2.892054 2.721636 1.953016 3.249940 2.483786 3.239971 3.008760 2.046720 3.052251 3.253590 2.593662 3.230546 3.249940 2.442472 2.776027 3.239971 2.764095 2.919723 2.816970 2.717022 3.222027 0.395945
3.920644 0.060684 0.060684 0.060684 0.060684 0.060684 0.060684 0.060684 2.831617 2.831617 2.831617 2.736924 2.439865 1.953016 2.762597 3.181569 3.105063 2.570321 2.550715 2.403801 3.614998 3.014260 3.245159 2.835442 1.355805 1.766689 2.776027 3.757349 3.377360 3.613276 0.688657 2.377450 3.500609 2.431991 1.766689 1.766689 2.877144 1.953016 2.741484 2.410602 1.645688 2.134050 0.962742 2.808384 2.865711 2.987156 3.239971 3.008942 2.913340 3.052251 2.511102 2.511102 3.230546 2.137373 2.137373 2.964366 2.651552 3.249940 3.249940 3.249940 2.680232 2.031257 0.102404
3.377360 1.758589 0.060684 0.060684 2.616903 0.060684 0.060684 0.060684 2.032256 2.913340 3.596489 3.252187 1.642790 1.979861 2.091865 1.953016 3.362062 2.129051 2.550715 2.027222 3.181569 2.613037 2.994635 3.858706 2.422703 1.766689 3.971453 3.971453 3.741451 0.060684 0.060684 3.347740 3.423526 2.498386 2.238743 1.631654 3.606523 2.331999 2.331999 2.835442 2.790818 1.645688 3.175182 2.790818 3.328258 2.864827 3.623261 3.384095 2.724704 2.511102 2.593662 2.511102 1.953016 3.023857 2.086722 2.086722 2.076385 2.887794 3.252594 2.718561 3.008760 3.222027 3.523381
2.236086 0.714561 1.400736 2.446365 2.616903 0.060684 0.060684 3.396445 3.239971 3.008760 2.076385 3.252187 2.074655 2.371800 2.091865 1.989223 2.628481 2.481956 2.454093 2.887794 2.491095 2.476459 3.949323 4.019629 4.044830 2.808384 3.533085 3.973520 3.952606 0.060684 4.015385 3.640459 2.010449 3.222027 2.738446 2.993263 3.025665 3.008054 2.511102 1.953016 2.483786 1.624152 3.329372 2.842055 2.865711 3.239657 2.989053 2.831617 4.019629 2.410602 2.511102 2.738446 3.230546 1.953016 2.180376 2.746031 3.998353 2.887794 3.156023 2.086722 3.018855 3.358031 2.342688
2.048481 1.990376 3.260596 3.548568 2.853151 3.423526 3.337145 3.008760 2.651552 2.703049 2.578105 3.646174 3.419008 3.020130 1.642790 2.350709 2.865711 3.659157 3.105063 2.108883 2.410602 3.035987 4.008390 4.003397 4.010887 3.425785 2.119002 3.897657 1.600935 3.574438 3.722471 2.511102 3.222027 3.329279 2.000572 3.029886 3.883956 2.661132 2.511102 2.511102 2.790818 2.855877 1.953016 3.637761 0.514335 2.926105 3.253046 3.712093 3.830588 2.738446 2.511102 2.738446 1.831487 3.259196 2.006099 2.811982 2.783440 2.446365 2.525569 2.865711 2.783440 4.019629 3.917994
1.238381 2.764095 1.812586 1.831487 1.831487 1.624152 0.861336 3.686467 1.715398 2.999369 2.990669 2.799626 2.787871 3.509713 3.344242 2.572258 2.583945 1.419602 3.379105 2.331999 3.175182 3.726809 4.008390 4.010887 4.010887 3.630703 2.006099 2.225461 0.060684 3.574438 3.896287 3.423526 3.423526 3.153894 3.373746 1.667532 3.162409 3.008760 1.953016 1.953016 2.979232 2.262676 2.790818 2.291972 1.624152 2.252035 3.337145 3.126224 2.593662 2.511102 3.230546 2.738446 2.511102 2.680232 2.868348 2.137373 3.018855 2.866592 2.855877 2.855877 2.926105 3.381480 3.914293
2.483786 2.180376 2.046720 2.841117 2.483786 1.755890 2.875013 2.887794 1.715398 3.168795 3.414492 3.419008 2.865711 3.328258 2.172432 2.572258 0.679034 0.823647 2.721636 3.596741 2.881405 3.813455 4.010887 4.010887 4.010887 3.953643 3.630430 2.350709 1.023489 2.529174 2.505659 4.019629 3.423526 2.446365 2.620765 3.355997 3.726923 2.620765 2.563207 2.399694 3.991682 3.533085 3.008942 3.511992 3.330733 2.381664 1.831487 2.183025 2.593662 2.790818 3.246631 2.511102 2.593662 2.511102 2.790818 2.086722 2.865711 2.808384 3.313225 3.252116 3.018855 3.381480 3.850716
3.008760 2.180376 2.392804 1.766689 1.953016 3.597533 1.633738 1.989223 2.350709 1.142009 2.865711 3.238698 1.648527 2.830655 1.755890 3.021389 3.910993 3.505160 3.931158 2.816970 3.239523 3.271766 3.329882 4.019678 4.010887 3.391938 3.837177 3.464269 0.060684 2.529174 1.682036 3.722007 3.423526 2.672601 3.058348 2.986599 2.119002 2.879274 1.052399 2.955868 3.991682 3.330733 3.196474 2.721636 3.330733 3.611536 2.511102 2.511102 2.511102 2.511102 2.593662 2.738446 2.006099 2.790818 2.790818 2.583945 2.446365 3.240934 3.488508 3.366027 2.172432 2.993850 3.921971
2.871835 2.137373 2.150587 2.680232 3.072571 2.521959 0.927082 2.015799 2.015799 1.177414 1.090095 1.015295 0.927082 1.252869 2.001685 0.962742 2.520152 4.016237 2.454093 3.109199 2.172432 2.842055 3.988471 3.727709 3.330733 3.380133 3.837177 0.060684 0.060684 0.390448 1.400736 3.626143 3.895488 2.672601 1.939511 3.126224 3.126224 1.863891 3.613276 0.060684 0.060684 3.196474 3.196474 2.810978 3.471074 2.790818 3.103033 3.307736 2.511102 2.511102 2.738446 3.230546 3.241198 2.180376 2.865711 2.421368 3.249716 3.240934 2.871835 3.018855 2.771563 2.446365 3.605987
1.831487 2.283977 2.870966 1.953016 3.092882 3.250523 2.865711 2.000572 1.507477 3.242665 1.631654 1.090095 0.927082 2.832576 0.962742 2.418690 2.856782 2.446365 1.587041 3.109199 2.919723 3.908887 4.019069 3.702739 4.007478 3.630430 3.326460 0.470587 0.470587 0.060684 0.083440 0.220141 0.075855 3.505160 3.841793 1.971462 2.666870 2.761098 1.542352 2.065978 3.713123 3.343539 3.924763 2.721636 2.787871 2.680232 3.358031 2.498386 2.593662 3.259196 3.601622 1.936810 3.008760 2.260015 2.137373 2.076385 2.076385 2.826787 3.018855 3.243326 3.419008 3.329279 3.645212
2.923978 3.170924 3.328258 2.530976 3.250523 3.250523 2.865711 2.974985 1.704601 2.865711 2.201578 2.076385 2.518344 2.632334 3.005188 1.977481 2.706209 2.783440 2.450239 2.583945 3.604007 3.156023 4.015339 3.627860 3.016910 4.008390 3.630430 3.643266 0.060684 0.060684 1.983401 0.224411 1.557940 0.675838 3.644729 2.500205 3.066476 1.831487 2.593662 2.438558 2.438558 3.630430 3.635461 2.498386 2.787871 2.951618 2.593662 2.843926 2.043194 1.812586 2.331999 2.790818 2.175080 2.137373 1.998334 2.378857 2.177728 2.507474 3.018855 1.311364 3.373746 2.808384 2.796695
3.328258 3.250523 2.241401 2.865711 2.172432 2.746031 2.583945 3.168795 3.250523 2.832576 3.328258 2.743001 2.086722 2.283977 1.801786 3.168795 2.813984 2.283977 3.362062 1.274702 3.006629 3.891915 3.662889 4.010887 2.254695 3.893125 2.919723 0.060684 0.060684 0.390448 1.983401 0.390448 0.105737 3.309109 2.076385 2.991470 2.913340 1.831487 2.804011 2.275986 2.275986 2.776027 3.460621 3.249940 1.999455 0.704806 2.591720 3.149637 1.953016 2.790818 2.841117 2.046720 2.865711 3.251437 1.936810 1.855790 2.275986 2.385858 3.029886 2.609168 2.986599 2.765591 3.029886
2.137373 2.923978 1.205982 1.142009 2.521959 2.521959 2.410602 2.865711 3.023786 2.865711 2.107190 2.865711 2.527372 1.944913 3.092882 3.168795 2.813984 3.156023 3.324768 2.076385 2.842055 3.124095 4.008390 4.010887 3.347740 3.330104 2.286642 0.060684 0.060684 0.297502 0.102404 0.060684 0.861336 0.861336 4.019629 2.783440 3.240934 2.913340 2.006099 3.119839 2.968614 2.361409 2.413307 2.987156 2.865711 2.841117 2.119002 2.738446 1.953016 2.006099 2.872883 1.999455 2.489269 1.936810 2.813984 2.865711 2.275986 1.890896 2.761098 3.852851 3.852851 2.447659 3.257796
2.206882 3.246872 2.297304 3.471877 0.095577 3.471877 2.283977 3.976549 2.530976 2.865711 1.052399 1.847689 2.865711 2.065978 1.880094 2.865711 2.855877 1.863891 2.137373 2.649634 2.283977 3.848506 3.757349 3.727709 3.252437 3.252437 1.378210 3.727289 2.678326 0.520148 0.060684 0.060684 0.060684 2.388643 3.584809 3.080697 2.150587 2.968614 2.724704 2.119002 2.845788 0.139418 2.454093 2.201578 3.168795 2.721636 2.703049 1.665936 1.953016 2.841117 3.008760 2.086722 2.137373 2.867471 3.222027 2.137373 2.943116 1.863891 1.964110 3.605776 3.029886 3.018211 3.257796
0.096335 0.203280 0.207540 3.000013 1.633738 3.250783 2.813984 3.468805 2.421368 1.989223 0.102404 0.534775 0.938903 0.812483 0.679034 3.328258 2.832576 2.017911 2.527372 2.583945 3.324768 3.328258 3.096943 2.446365 2.188324 1.777487 1.964110 0.060684 0.060684 0.327223 2.103798 0.060684 0.060684 2.483786 3.584809 2.518344 2.776027 2.987156 1.990376 2.180376 1.645688 0.139418 2.143995 2.446365 3.088821 2.842055 3.329372 3.098973 2.410602 2.826787 2.175080 2.583945 3.486968 2.802551 3.509713 3.373746 3.328090 2.167138 1.628479 0.060684 3.792939 3.333545 3.384733
0.962742 0.203280 1.427172 0.488653 3.010853 2.970738 3.010853 1.831487 0.927082 0.927082 0.534775 0.060684 3.035987 2.821905 2.356058 2.417347 2.076385 1.953016 2.525569 2.583945 3.324768 3.328258 2.865711 2.283977 2.816970 2.574208 0.476574 0.060684 1.986906 0.915327 0.095577 0.470587 0.060684 4.015385 3.329279 3.619223 3.008760 3.008760 2.483786 2.538169 3.048185 1.645688 1.683984 1.709999 2.289307 2.793759 2.474625 2.764095 2.649634 2.494742 2.031257 2.865711 2.802551 0.734221 0.853740 2.712396 2.127381 0.211705 3.514267 0.060684 2.842992 3.029886 3.029886
0.831127 0.831127 0.095577 2.072924 0.087991 0.508545 1.831487 2.140688 2.246717 1.850389 1.052399 1.423385 1.863891 2.821905 0.237433 1.393214 1.624152 0.307269 2.167138 2.446365 1.863891 2.538169 2.770072 2.776027 2.572258 3.247586 2.538169 1.682692 3.664133 3.664133 3.533085 2.827758 2.119002 0.139418 3.935632 2.371800 2.842055 2.827758 3.423526 2.450239 2.913340 0.958751 2.472789 1.928707 2.595603 2.302637 3.228417 2.923978 2.368961 2.561426 2.724704 3.486968 2.802551 1.942212 0.727646 3.355317 1.052399 1.052399 0.134445 3.330733 0.060684 0.717824 2.155511
1.052399 2.385858 0.097094 0.073579 2.125709 2.147295 2.996964 3.241497 2.835442 1.052399 2.142343 3.250898 3.134737 2.784918 2.730825 2.413307 1.419602 3.268978 0.102404 2.034243 3.456839 2.816970 2.620765 1.990376 2.865711 2.865711 2.865711 2.518344 2.913340 2.371800 2.591720 2.006099 2.006099 2.143995 2.563207 3.064444 1.669101 2.538169 3.423526 1.188101 2.896312 2.469115 3.371119 1.657562 1.052399 2.302637 2.628481 2.521959 1.847689 2.879274 2.451526 2.809839 2.095284 2.348035 3.021389 1.944913 1.419602 2.520152 2.729297 2.896312 4.036397 2.385858 1.231157
0.698330 2.003900 1.917903 2.996964 2.864827 3.175182 2.041071 2.196275 3.007509 0.603844 3.245382 2.756593 2.974985 3.040053 2.589777 3.124095 3.342834 2.866592 2.632334 1.423385 0.641041 1.953016 2.538169 2.790818 2.865711 3.328258 2.841117 2.808384 3.475599 3.175182 3.744338 2.006099 2.987724 2.640030 2.371800 1.801786 1.669101 3.341419 0.704806 1.926006 1.992669 1.992669 3.341419 2.824841 2.424037 1.844988 2.028236 0.812483 1.507477 0.175731 1.052399 2.680232 2.865711 2.536372 3.328258 2.091865 1.647588 2.676418 2.603359 2.135712 1.649461 2.446365 1.495913
