Example_Watersheds/WA_MashelWatershed/DataInputs/o_3_ChemistryPools/Mashel_1990_Pools/N_g_Det_BgStem_3.asc
ncols         923
nrows         455
xllcorner     550005.67551598
yllcorner     5180549.8134422
cellsize      30
NODATA_value  -9999
[rows 0 to 27 of 455, columns 819 to 881 of 923]
0.884907 0.888381 0.518480 0.330323 0.426711 0.897215 0.805468 0.665662 0.781303 1.010644 0.988274 0.988274 0.627443 0.988274 0.627443 0.627443 0.627443 0.627443 0.849638 0.988416 0.849638 0.737817 0.390822 0.656475 0.408851 0.435529 0.311856 0.615841 0.535117 0.478012 0.518480 0.430739 0.434078 0.548574 0.469714 0.720789 0.409667 0.452132 0.627443 0.583199 0.627443 0.343408 0.552842 0.511163 0.627443 0.558204 0.373868 0.405954 0.406995 0.340188 0.460197 0.463672 0.390636 0.589074 0.484666 0.536297 0.796276 0.848893 0.636296 0.779078 0.538846 0.697287 0.851796
0.751939 0.844972 0.725902 0.642710 0.360502 0.360502 0.607695 0.683849 0.593898 0.817867 0.607142 0.988274 0.627443 0.627443 0.627443 0.988274 0.627443 0.627443 0.627443 0.627443 0.627443 0.849638 0.797848 0.215713 0.566446 0.386086 0.654721 0.615841 0.667062 0.497496 0.542157 0.645190 0.571798 0.571798 0.390636 0.357359 0.496733 0.459534 0.627443 0.633041 0.627443 0.343408 0.600295 0.624144 0.709997 0.650528 0.405954 0.559576 0.559576 0.654449 0.621681 0.654449 0.526460 0.685374 0.613815 0.642395 0.591646 0.714169 0.718283 0.823105 0.823105 0.823105 0.837559
0.773583 0.751939 0.751939 0.952347 0.853836 0.632079 0.607695 0.509998 0.547208 0.808092 0.683231 0.915444 0.627443 0.627443 0.988274 0.988274 0.627443 0.627443 0.627443 0.627443 0.627443 0.849638 0.849638 0.826523 0.591646 0.591646 0.477352 0.618540 0.914215 0.950628 0.759917 0.390636 0.450869 0.568469 0.386279 0.450233 0.600295 0.598920 0.645190 0.282204 0.343408 0.445547 0.524349 0.524349 0.604043 0.521585 0.559576 0.554916 0.429221 0.459534 0.623874 0.487788 0.325387 0.325387 0.758256 0.675082 0.510452 0.484666 0.526460 0.796276 0.711217 0.848893 0.937806
0.773583 0.720789 0.733058 0.638865 0.721840 0.539756 0.506058 0.740048 0.859791 0.720789 0.703896 0.859254 0.627443 0.627443 0.989267 0.627443 0.627443 0.627443 0.849638 0.627443 0.988274 0.627443 0.627443 0.627443 0.577655 0.181604 0.761788 0.831429 0.784149 0.942761 0.604043 0.425537 0.600295 0.422612 0.604043 0.557094 0.443217 0.522698 0.481038 0.504155 0.439088 0.382129 0.597282 0.412287 0.514720 0.326330 0.311856 0.434078 0.478012 0.359658 0.495584 0.542728 0.645495 0.610142 0.628090 0.484666 0.642710 0.454206 0.758256 0.796276 0.492666 0.507698 0.811450
0.951258 0.694668 0.735912 0.773583 0.638865 0.448951 0.566446 0.513248 0.948808 0.619020 0.747635 0.944532 0.817075 0.952482 0.890456 0.627443 0.627443 0.627443 0.850006 0.988274 0.988274 0.988274 0.849638 0.985852 0.654721 0.372788 0.591646 0.617814 0.831429 0.897215 0.736189 0.425537 0.456847 0.682293 0.793847 0.784149 0.730048 0.730048 0.817472 0.498505 0.506764 0.376586 0.521585 0.304671 0.414267 0.326330 0.654721 0.458867 0.414071 0.459534 0.706527 0.414267 0.518480 0.744837 0.484666 0.645800 0.529003 0.462597 0.346534 0.330323 0.445967 0.688621 0.428069
1.102090 0.910242 0.910242 0.988971 0.608518 0.684768 0.727848 0.773583 0.667755 0.886638 0.747635 0.861809 0.960980 1.016468 0.777551 0.627443 0.988274 0.627443 0.988416 0.850006 0.849638 0.988274 0.627443 0.988914 0.654721 0.784149 0.617814 0.591646 0.594145 0.594145 0.831429 0.885672 0.727206 0.326464 0.389701 0.533198 0.626536 0.817472 0.533198 0.319084 0.288983 0.599151 0.952347 0.476245 0.414267 0.573221 0.625746 0.952347 0.759917 0.648786 0.404483 0.410479 0.532226 0.712415 0.484666 0.642710 0.518480 0.518480 0.365283 0.334839 0.308354 0.302315 0.654721
1.066010 0.862735 1.078627 0.988971 0.503914 0.694928 0.729739 0.368938 0.587230 0.569465 0.586226 0.574905 0.808410 0.732764 0.889937 0.627443 0.988274 0.627443 0.627443 0.627443 0.988274 0.988274 0.988274 0.627443 0.988914 0.578467 0.521026 0.630857 0.386086 0.734219 0.784149 0.733931 0.952347 0.579538 0.563856 0.462813 0.422216 0.372245 0.261130 0.602747 0.627443 0.627443 0.633041 0.350783 0.651952 0.301253 0.308354 0.412287 0.351129 0.394679 0.549117 0.791332 0.508393 0.420421 0.414267 0.458867 0.462597 0.478449 0.522143 0.381725 0.381725 0.510226 0.585729
1.000451 1.069745 1.035282 1.081098 0.973115 0.751619 0.638538 0.403144 0.404272 0.715310 0.846579 0.707808 0.521026 0.409667 0.571223 0.745193 0.988416 0.627443 0.627443 0.627443 0.627443 0.850006 0.988548 0.849638 0.916898 0.989294 0.288431 0.421820 0.628090 0.375471 0.336078 0.510905 0.642710 0.458867 0.491063 0.462813 0.395076 0.579804 0.535827 0.334686 0.379690 0.379690 0.518480 0.505348 0.415718 0.375471 0.562537 0.464312 0.506764 0.394679 0.365605 0.665662 0.691443 0.414267 0.518480 0.506529 0.462597 0.558204 0.696213 0.659497 0.344907 0.642710 0.855131
0.779828 0.989077 0.627443 1.088749 0.989312 0.629109 0.629109 0.701175 0.943129 0.776383 0.793434 0.797848 0.593403 0.656475 0.571223 0.851796 0.988274 0.627443 0.757688 0.774796 0.988274 0.850006 0.849638 0.810263 0.849267 0.987276 0.989294 0.354197 0.628090 0.918366 0.487788 0.620563 0.937806 0.721491 0.721491 0.431863 0.393583 0.562537 0.654721 0.381725 0.627443 0.474225 0.518480 0.359658 0.597282 0.334225 0.686572 0.401646 0.651952 0.415301 0.339720 0.562537 0.988710 0.435888 0.414267 0.469104 0.478449 0.689195 0.630113 0.496733 0.509542 0.509542 0.513543
0.377420 0.371699 0.900651 0.627443 0.627443 1.067726 0.598920 0.701175 0.654449 0.638538 0.707808 0.415301 0.922377 0.654992 0.665662 0.524622 0.410479 0.847751 0.699781 0.560392 0.987276 0.849638 0.627443 0.849267 0.989143 0.848135 0.848135 0.989294 0.988817 0.465793 0.831429 0.649662 0.861809 0.943129 0.888381 0.830853 0.518194 0.330006 0.383733 0.372607 0.662441 0.627443 0.576564 0.414267 0.330323 0.379690 0.372607 0.888381 0.308354 0.600295 0.744837 0.513248 0.616339 0.612521 0.709997 0.330323 0.570696 0.469308 0.422414 0.499755 0.510452 0.952347 0.689481
0.505348 0.390636 0.644267 0.627443 0.983245 0.983245 0.826850 0.811157 0.487788 0.483199 0.642710 0.506058 0.793434 0.917281 0.579004 0.197361 0.642710 0.582942 0.591646 0.642710 0.374405 0.434443 0.413479 0.832547 0.627443 0.849638 0.849267 0.790904 0.832820 0.533681 0.734219 0.784149 0.834400 0.861568 0.952347 0.937806 0.952347 0.251567 0.383733 0.601421 0.466212 0.645800 0.627443 0.478449 0.410479 0.374583 0.374583 0.372607 0.630113 0.546380 0.381523 0.308354 0.756238 0.612521 0.729427 0.866534 0.469308 0.381725 0.381725 0.497496 0.510452 0.758256 0.691719
0.521864 0.817867 0.389325 1.017189 0.933437 0.627443 0.768101 0.627443 0.627443 0.583966 0.583966 0.436425 0.481251 0.774796 0.874948 0.831429 0.817472 0.441927 0.541870 0.642710 0.817472 0.346534 0.390822 0.810263 0.986762 0.849638 0.988274 0.988817 0.365121 0.497749 0.520464 0.630857 0.834400 0.821663 1.020303 0.769826 0.888381 0.814636 0.814636 0.601421 0.372607 0.474225 0.510452 0.610942 0.414267 0.680707 0.563594 0.383733 0.947820 0.510452 0.546380 0.584473 0.582426 0.578197 0.616339 0.733642 0.406995 0.729427 0.497496 0.630113 0.546380 0.697287 0.578736
0.875704 0.630857 0.756238 0.756238 0.906926 0.983245 0.627443 1.121555 0.627443 1.079051 0.929653 0.436425 0.370233 0.633041 0.623058 0.784149 0.784149 0.817472 0.541870 0.642710 0.373689 0.273179 0.305058 0.713005 0.885421 0.627443 0.627443 0.621403 0.219311 0.418601 0.418601 0.587230 0.752258 0.752258 0.944532 1.020303 0.628090 0.791332 0.937806 0.937806 0.737281 0.659497 0.510452 0.375294 0.330323 0.709997 0.759917 0.625746 0.783800 0.372607 0.372607 0.458867 0.339876 0.616339 0.756238 0.615087 0.618781 0.724907 0.724907 0.397627 0.662441 0.484666 0.678434
0.348136 0.279135 0.480182 0.798235 0.630857 0.549117 1.091895 0.627443 0.627443 1.081098 0.792147 0.583711 0.666364 0.219790 0.617814 0.527993 0.817472 0.784149 0.607695 0.630857 0.652514 0.465372 0.642710 0.460856 0.505822 0.890456 0.752575 0.488261 0.390822 0.716429 0.660240 0.630857 0.730048 0.831429 0.706527 0.856976 0.761251 0.764545 0.952347 0.758256 0.662441 0.662441 0.811157 0.460636 0.372607 0.372607 0.680707 0.597282 0.947820 0.814220 0.814220 0.372607 0.414267 0.602747 0.461947 0.427876 0.319084 0.348136 0.585729 0.989143 0.594635 0.381725 0.499257
0.389325 0.434806 0.799381 0.703224 0.518765 0.398402 1.067783 0.627443 0.913191 0.627443 1.014803 0.627443 0.769826 0.207920 0.351645 0.259129 0.642710 0.444069 0.630857 0.703224 0.817472 0.716429 0.784149 0.784149 0.501240 0.664599 0.770252 0.595123 0.957011 0.716429 0.630857 0.607695 0.435529 0.322648 0.642710 0.465583 0.761251 0.937806 0.937806 0.630113 0.952347 0.381725 0.381725 0.260455 0.383733 0.729427 0.300986 0.251567 0.654721 0.783800 0.383733 0.383733 0.651952 0.506058 0.487550 0.430550 0.194491 0.389325 0.627443 0.654721 0.582426 0.474225 0.678434
0.274542 0.406163 0.619259 0.817472 0.676100 0.755346 0.756238 0.756238 0.983245 0.611998 0.627443 0.627443 1.014384 0.869222 0.393035 0.259129 0.262381 0.817472 0.784149 0.817472 0.237884 0.591646 0.784149 0.617814 0.318252 0.568719 0.372245 0.770252 0.307098 0.390822 0.630857 0.617814 0.423986 0.294190 0.294190 0.628090 0.642710 0.578736 0.761513 0.474225 0.851089 0.664242 0.429030 0.471246 0.474225 0.372607 0.383733 0.443644 0.383733 0.300986 0.543297 0.368938 0.415301 0.532470 0.520464 0.379690 0.551790 0.627443 0.381725 0.330323 0.372607 0.580862 0.580862
0.346092 0.237683 0.591646 0.784149 0.770252 0.527738 0.800875 0.669127 0.440406 0.357195 0.989077 0.627443 1.019133 0.838480 0.375825 0.308901 0.194117 0.200064 0.734219 0.784149 0.591646 0.240461 0.252438 0.488025 0.218062 0.460197 0.463886 0.463886 0.460417 0.792600 0.451502 0.627443 0.607695 0.784149 0.282316 0.689195 0.568219 0.630857 0.817472 0.544708 0.861568 0.937806 0.485876 0.546380 0.379690 0.308354 0.304671 0.308354 0.383733 0.397237 0.308354 0.654721 0.399173 0.578736 0.578736 0.651952 0.366408 0.624144 0.372607 0.499257 0.645800 0.937806 0.678434
0.187141 0.336719 0.506058 0.506058 0.316286 0.518194 0.578197 0.587761 0.414267 0.387047 0.318530 1.012358 0.953648 0.641445 0.463028 0.366088 0.217344 0.182950 0.188011 0.591646 0.617814 0.488025 0.488025 0.630857 0.607695 0.630857 0.453381 0.338307 0.231688 0.208507 0.480182 0.630857 0.642710 0.784149 0.585729 0.591646 0.630857 0.428647 0.474677 0.585729 0.861568 0.751939 0.678434 0.368193 0.570206 0.783800 0.783800 0.497496 0.450020 0.430739 0.642710 0.644267 0.680707 0.562537 0.562537 0.651952 0.733058 0.543297 0.372607 0.486596 0.485876 0.546380 0.662441
0.627443 0.255225 0.679415 0.529003 0.657996 0.543863 0.759917 0.604043 0.345056 0.405954 0.439968 0.439968 0.699075 1.012358 1.047404 0.624413 0.207920 0.315865 0.240461 0.591646 0.591646 0.591646 0.488025 0.448089 0.305828 0.274750 0.453381 0.247695 0.289669 0.361172 0.591646 0.591646 0.824848 0.528246 0.591646 0.630857 0.488025 0.303761 0.770252 0.770252 0.531244 0.835154 0.823105 0.678434 0.368193 0.326464 0.756238 0.568469 0.533198 0.547482 0.616339 0.649371 0.624144 0.476022 0.551526 0.744837 0.680707 0.383733 0.383733 0.630113 0.630113 0.719367 0.739131
0.627443 0.627443 0.627443 0.627443 0.627443 0.927927 0.713298 0.492893 0.557650 0.644267 0.813801 0.376377 0.904147 1.047404 1.012358 0.207920 0.207920 0.829670 0.210596 0.488025 0.679089 0.628090 0.506058 0.386279 0.389325 0.480182 0.249058 0.607695 0.390822 0.280737 0.603183 0.603183 0.591646 0.481038 0.447220 0.784149 0.784149 0.494023 0.792600 0.626536 0.562271 0.733642 1.020303 0.474225 0.759917 0.465372 0.426516 0.443217 0.562537 0.770676 0.597282 0.484909 0.759917 0.654721 0.600295 0.570451 0.667755 0.625746 0.383733 0.562537 0.645800 0.615841 0.881496
1.069745 0.627443 0.627443 0.627443 0.627443 0.627443 0.531981 0.426906 0.446384 0.709997 0.450658 0.562537 0.428262 0.965399 0.917816 0.441494 0.478885 0.343408 0.601866 0.207920 0.734219 0.798235 0.935934 0.311856 0.628090 0.413874 0.266240 0.630857 0.536532 0.393400 0.288845 0.261265 0.580598 0.779454 0.627443 0.630857 0.805468 0.494023 0.687750 0.784149 0.906926 0.721840 0.578197 0.818259 0.759917 0.628090 0.389325 0.648197 0.832271 0.759917 0.372607 0.372607 0.628601 0.709997 0.483690 0.599151 0.626536 0.506058 0.654721 0.749990 0.499755 0.758256 0.627443
1.018692 1.067783 1.091815 0.643129 0.627443 0.627443 0.595849 0.673776 0.557650 0.538846 0.557650 0.390449 0.326464 0.358015 1.019133 1.019133 0.573785 0.592905 0.238885 0.798619 0.207977 0.183415 0.614071 0.311856 0.628090 0.533198 0.488025 0.325792 0.445127 0.326731 0.288845 0.319636 0.792600 0.726557 0.774796 0.476467 0.582942 0.591646 0.749990 0.427489 0.851796 0.774796 0.520182 0.520182 0.628090 0.680707 0.809655 0.454411 0.616339 0.578197 0.709997 0.645800 0.508624 0.511163 0.511163 0.339720 0.494023 0.616339 0.644267 0.383733 0.783800 0.759917 0.627443
1.016870 0.989077 1.091815 1.020361 0.627443 0.627443 0.698031 0.390636 0.390636 0.446384 0.640163 0.481038 0.648786 0.444705 0.633041 0.941615 0.989198 0.989077 0.941615 0.466003 0.214979 0.264602 0.447220 0.607695 0.630857 0.607695 0.618299 0.642710 0.284122 0.281755 0.284122 0.624413 0.453381 0.664599 0.669127 0.669127 0.627443 0.805468 0.833622 0.567967 0.784149 0.805468 0.520464 0.369124 0.533198 0.740048 0.647901 0.686869 0.562537 0.759917 0.783800 0.551526 0.591646 0.709997 0.744837 0.625482 0.518765 0.616339 0.709997 0.511163 0.625746 0.865607 0.627443
0.412287 0.518765 0.951889 1.012619 0.970709 1.011752 1.075911 0.952590 0.561201 0.319911 0.565676 0.530005 0.580862 0.557650 0.513248 0.963967 1.012358 1.091630 0.977918 0.936412 0.989077 0.308901 0.628090 0.478012 0.480182 0.630857 0.857273 0.922377 0.922377 0.388380 0.453381 0.480182 0.453381 0.340032 0.607695 0.480182 0.527738 0.817472 0.796673 0.851089 0.511463 0.805468 0.616339 0.501975 0.480182 0.784149 0.646405 0.536999 0.562537 0.989143 0.937806 0.831142 0.830561 0.510226 0.633041 0.633041 0.831429 0.499755 0.607695 0.744837 0.568469 0.623874 0.450446
0.504872 0.372245 0.624413 0.885166 0.986280 1.023788 0.906926 0.816675 0.518194 0.296451 0.444705 0.580862 0.472400 0.578197 0.799758 0.415718 0.983245 0.782386 0.983245 0.983245 0.983245 0.627443 0.262381 0.209915 0.752258 0.817472 0.630857 0.388380 0.607695 0.798235 0.483935 0.902254 0.379485 0.488025 0.607695 0.792600 0.831429 0.904512 0.861809 0.820925 0.848515 0.852489 0.578197 0.576014 0.950084 0.554916 0.716429 0.716429 0.833884 0.784149 0.557373 0.912519 0.888177 0.697287 0.642710 0.849267 0.573503 0.319911 0.597282 0.568469 0.688332 0.630610 0.839836
0.476911 0.600295 0.682919 0.606027 0.950628 0.796276 0.906926 0.773174 0.600295 0.759917 0.470549 0.383733 0.383733 0.557650 0.721141 0.475799 0.330323 0.357195 0.454411 0.890456 1.047404 0.829367 0.876808 0.206574 0.706527 0.209062 0.302315 0.904512 0.642710 0.628855 0.882986 0.628090 0.350783 0.319636 0.628090 0.591646 0.208124 0.185673 0.627443 0.721840 0.721840 0.884378 0.468696 0.883554 0.677441 0.760187 0.530997 0.557650 0.585479 0.668100 0.893954 0.988710 0.856976 0.937806 0.628090 0.592905 0.630113 0.466003 0.493347 0.720789 0.570451 0.799758 0.565418
0.742296 0.728485 0.697647 0.254223 0.254223 0.792600 0.991989 0.989278 0.916677 0.526202 0.707808 0.470549 0.372607 0.619020 0.578197 0.345056 0.611472 0.408646 0.182619 0.470320 0.951889 1.047404 0.892484 0.746251 0.624413 0.210596 0.817867 0.884907 0.591646 0.570696 0.922377 0.618057 0.618057 0.437757 0.530750 0.440842 0.208270 0.266240 0.904512 0.633753 0.886638 0.777936 0.200780 0.803399 0.703224 0.760187 0.817472 0.817472 0.817472 0.887321 0.916310 0.835643 0.856976 0.861568 0.624144 0.823105 0.591646 0.783800 0.683541 0.683541 0.532226 0.530502 0.390822
0.558480 0.328584 0.482310 0.661712 0.431863 0.792600 0.906261 0.711519 0.983245 0.709068 0.987785 0.616587 0.308354 0.948328 0.578197 0.456847 0.459534 0.670814 0.455839 0.207443 0.942386 1.047404 0.773583 0.454821 0.454821 0.207100 0.689195 0.480182 0.630857 0.817472 0.474902 0.835400 0.604043 0.371151 0.440842 0.831429 0.488025 0.630857 0.904512 0.841600 0.588289 0.494471 0.784149 0.887321 0.817472 0.603183 0.721840 0.722532 0.817472 0.630857 0.859524 0.804444 0.804444 0.749990 0.851089 0.729427 0.522698 0.923021 0.628601 0.308354 0.464312 0.591646 0.830853
