Example_Watersheds/WA_MashelWatershed/DataInputs/o_3_ChemistryPools/Mashel_1990_Pools/N_g_Det_root_3.asc
ncols         923
nrows         455
xllcorner     550005.67551598
yllcorner     5180549.8134422
cellsize      30
NODATA_value  -9999
[rows 392 to 419 of 455, columns 567 to 629 of 923]
0.642912 0.639635 0.663458 0.665022 0.645643 0.665038 0.635923 0.629630 0.639497 0.641550 0.641550 0.655293 0.641409 0.642912 0.646445 0.680763 0.618195 0.644780 0.643094 0.653925 0.633011 0.634563 0.623626 0.623450 0.637268 0.639895 0.638166 0.634214 0.611083 0.641073 0.637268 0.616278 0.616278 0.632873 0.655742 0.645737 0.652365 0.667223 0.636570 0.662300 0.663458 0.610231 0.611099 0.647894 0.611061 0.637226 0.613305 0.610213 0.633969 0.638000 0.638000 0.638125 0.623925 0.624293 0.619372 0.631848 0.624562 0.613938 0.613474 0.610231 0.628617 0.602985 0.771180
0.624100 0.636236 0.636570 0.640901 0.651127 0.662446 0.659450 0.640631 0.639831 0.664911 0.629630 0.649838 0.641409 0.618930 0.633925 0.641198 0.644907 0.640810 0.633796 0.667198 0.623939 0.615595 0.674213 0.640439 0.637268 0.634227 0.632841 0.633796 0.625088 0.633087 0.616379 0.634703 0.612375 0.616278 0.625088 0.641521 0.640437 0.647172 0.632841 0.660754 0.609907 0.639873 0.622838 0.637226 0.611724 0.633272 0.606094 0.667048 0.610231 0.647627 0.637226 0.649507 0.633969 0.633306 0.647963 0.638000 0.638690 0.638690 0.639635 0.642387 0.658665 0.611234 0.617450
0.640871 0.658040 0.662741 0.653060 0.655944 0.645203 0.621168 0.643554 0.634678 0.635927 0.640576 0.668070 0.668070 0.640733 0.635370 0.658112 0.654384 0.622347 0.667048 0.656828 0.668417 0.640608 0.640608 0.638000 0.642912 0.664572 0.634227 0.633418 0.638748 0.617731 0.622396 0.640230 0.642928 0.667048 0.616278 0.641521 0.646528 0.647172 0.606300 0.611288 0.632293 0.638000 0.642912 0.652603 0.611724 0.621650 0.625642 0.635598 0.631281 0.631281 0.633969 0.606621 0.647989 0.636659 0.633969 0.657356 0.641079 0.640871 0.621723 0.630714 0.645921 0.613095 0.649449
0.636570 0.633530 0.611371 0.629376 0.662446 0.646159 0.611151 0.660779 0.665539 0.646159 0.642912 0.616512 0.643731 0.656702 0.656702 0.655274 0.644780 0.625489 0.620277 0.644780 0.637226 0.650661 0.627336 0.638000 0.646445 0.658476 0.633969 0.620593 0.638072 0.617721 0.622396 0.606621 0.662967 0.633272 0.609924 0.641521 0.636716 0.661892 0.629851 0.623166 0.619778 0.630683 0.630683 0.668070 0.646445 0.640215 0.656486 0.642149 0.663458 0.657692 0.664869 0.615250 0.643692 0.641407 0.643858 0.631751 0.633292 0.634337 0.638572 0.616278 0.646648 0.635865 0.639714
0.636047 0.658915 0.611371 0.664543 0.638249 0.650077 0.620629 0.620629 0.646840 0.640108 0.640718 0.609907 0.632841 0.645341 0.647880 0.655165 0.644780 0.638124 0.605196 0.611166 0.627336 0.621547 0.621939 0.640572 0.641521 0.639478 0.630301 0.663313 0.658976 0.634214 0.647554 0.609316 0.667198 0.667048 0.651683 0.636495 0.632162 0.666195 0.653857 0.633969 0.639895 0.639895 0.609907 0.640019 0.640608 0.672751 0.679717 0.634214 0.637504 0.636031 0.629644 0.632352 0.635990 0.632338 0.645607 0.665051 0.650908 0.632338 0.633925 0.616278 0.632756 0.632756 0.606010
0.633201 0.625699 0.638604 0.620645 0.643932 0.655675 0.628665 0.630138 0.645752 0.613588 0.638104 0.639895 0.609907 0.640823 0.658089 0.638690 0.655615 0.637226 0.636004 0.656486 0.610231 0.640222 0.634575 0.638000 0.616512 0.631009 0.631009 0.627401 0.611288 0.639895 0.640019 0.609924 0.611166 0.644024 0.629439 0.606621 0.656486 0.631161 0.626465 0.632225 0.637268 0.639895 0.630658 0.642912 0.646379 0.662554 0.608887 0.612005 0.637504 0.634928 0.632338 0.640154 0.669289 0.634266 0.634266 0.640129 0.642210 0.636041 0.636041 0.627622 0.662558 0.667048 0.616278
0.628617 0.630101 0.636985 0.637767 0.650859 0.645203 0.662446 0.645203 0.650100 0.652365 0.642815 0.624819 0.639895 0.632841 0.634451 0.609907 0.619778 0.610360 0.637226 0.637226 0.680763 0.612827 0.609718 0.606804 0.642816 0.668796 0.631009 0.627401 0.630399 0.639895 0.641252 0.641384 0.609924 0.621650 0.629439 0.636495 0.616278 0.635328 0.637498 0.618625 0.653184 0.628618 0.639895 0.646445 0.645637 0.666319 0.666319 0.606621 0.661573 0.633969 0.636728 0.632338 0.632338 0.632151 0.637682 0.647655 0.635888 0.631373 0.657244 0.639126 0.665051 0.648018 0.630414
0.628617 0.679909 0.651591 0.648050 0.647156 0.620941 0.662446 0.646159 0.643439 0.651960 0.629898 0.629898 0.611288 0.639895 0.632841 0.659668 0.639604 0.638748 0.637226 0.610446 0.680763 0.630620 0.641227 0.640873 0.651531 0.611900 0.623447 0.618705 0.627231 0.636998 0.639895 0.639895 0.638000 0.637226 0.648070 0.644117 0.613081 0.630414 0.639089 0.667048 0.631117 0.640799 0.638270 0.639895 0.652052 0.613988 0.619346 0.627336 0.634227 0.655443 0.667252 0.634266 0.647214 0.632841 0.638572 0.629644 0.639441 0.632338 0.648018 0.657244 0.637507 0.656233 0.669548
0.680699 0.628617 0.887922 0.628617 0.628617 0.668774 0.632778 0.639432 0.624407 0.644318 0.637453 0.671931 0.604745 0.632124 0.648456 0.638000 0.663458 0.646445 0.637226 0.656486 0.637226 0.669507 0.609718 0.637226 0.617744 0.668796 0.634575 0.631729 0.621514 0.623528 0.639895 0.618834 0.640129 0.638000 0.637226 0.640129 0.640950 0.640950 0.647585 0.652661 0.642333 0.664002 0.633819 0.633969 0.638000 0.613988 0.619346 0.629546 0.639895 0.664869 0.637436 0.633715 0.647214 0.664955 0.618064 0.636728 0.668070 0.656896 0.656896 0.649376 0.639213 0.640950 0.633807
0.628617 0.628617 0.628617 0.628617 0.617515 0.633969 0.651931 0.640046 0.648249 0.646693 0.619647 0.639901 0.630861 0.644580 0.633819 0.604646 0.639873 0.612005 0.637226 0.614343 0.637226 0.637226 0.606804 0.606804 0.638000 0.632841 0.658591 0.606987 0.645607 0.617309 0.634287 0.618834 0.611288 0.639895 0.621359 0.651566 0.631281 0.657861 0.647585 0.664764 0.639289 0.640668 0.623469 0.666552 0.611099 0.634214 0.606621 0.635491 0.633969 0.629644 0.629644 0.618451 0.632151 0.636728 0.632338 0.642645 0.631848 0.642912 0.643982 0.624562 0.640089 0.638828 0.640563
0.628617 0.628617 0.628617 0.628617 0.628617 0.655284 0.640046 0.647281 0.643681 0.633796 0.619647 0.647486 0.656645 0.621076 0.629439 0.629439 0.621562 0.638000 0.612005 0.609924 0.631606 0.631606 0.656486 0.617731 0.638000 0.633945 0.645752 0.668671 0.629461 0.606979 0.632162 0.635340 0.665051 0.663458 0.639043 0.640840 0.668070 0.640950 0.636133 0.633272 0.641390 0.639289 0.643490 0.643490 0.619614 0.618195 0.659972 0.631618 0.657066 0.633671 0.626364 0.629644 0.626364 0.624533 0.629644 0.659972 0.616278 0.627336 0.618309 0.625489 0.651203 0.629631 0.667863
0.628617 0.628617 0.628617 0.628617 0.628617 0.622043 0.630414 0.618675 0.621070 0.659673 0.650898 0.667048 0.622082 0.606804 0.647334 0.634287 0.652924 0.638000 0.638000 0.611608 0.644780 0.623469 0.634144 0.644966 0.641052 0.646276 0.626061 0.627336 0.638872 0.640631 0.622996 0.631729 0.667223 0.646064 0.632352 0.663716 0.644351 0.634482 0.642361 0.631281 0.647034 0.644907 0.649799 0.626405 0.621642 0.633749 0.618870 0.640391 0.629644 0.633671 0.629644 0.635370 0.626364 0.629644 0.614942 0.638142 0.616278 0.627143 0.637226 0.625489 0.639384 0.637675 0.637675
0.628617 0.628617 0.628617 0.628617 0.841083 0.841083 0.638249 0.640085 0.648968 0.630414 0.668474 0.640608 0.638604 0.611777 0.613534 0.619286 0.639895 0.640019 0.671437 0.634214 0.644780 0.650839 0.644780 0.625335 0.638655 0.620426 0.640495 0.640495 0.612982 0.635598 0.648953 0.623714 0.638194 0.633969 0.632841 0.663716 0.647585 0.638676 0.636133 0.654745 0.633727 0.641111 0.649799 0.668474 0.641604 0.625372 0.633760 0.618870 0.636625 0.636728 0.629644 0.629644 0.667252 0.636728 0.636728 0.636329 0.622931 0.648843 0.631751 0.622838 0.637226 0.642411 0.637675
0.628617 0.628617 0.699337 0.628617 0.618619 0.633143 0.629439 0.665206 0.622082 0.629967 0.630414 0.632504 0.625602 0.611777 0.613534 0.648894 0.642466 0.652603 0.637226 0.637226 0.637226 0.619916 0.644780 0.626289 0.657284 0.646060 0.640495 0.608463 0.612982 0.635598 0.636742 0.649818 0.615595 0.630850 0.636159 0.636742 0.648070 0.644344 0.617955 0.636731 0.660568 0.667048 0.631751 0.647585 0.639182 0.637091 0.639429 0.639429 0.645590 0.638730 0.629644 0.614501 0.635370 0.629644 0.632338 0.642711 0.628276 0.636159 0.631606 0.621650 0.612394 0.623344 0.658472
0.628617 0.628617 0.628617 0.666836 0.623433 0.621722 0.623447 0.665206 0.634656 0.644780 0.633272 0.658472 0.658472 0.633544 0.639971 0.635921 0.635990 0.629644 0.607579 0.607579 0.660621 0.654745 0.667048 0.663270 0.651960 0.632332 0.644248 0.668886 0.655615 0.640631 0.632539 0.642928 0.635389 0.638000 0.637226 0.629344 0.618766 0.634678 0.639181 0.648403 0.653413 0.643681 0.638722 0.634511 0.644907 0.652661 0.629644 0.629644 0.654850 0.629644 0.633671 0.646239 0.639441 0.616776 0.663433 0.645585 0.638402 0.626248 0.618309 0.637226 0.612394 0.630824 0.623370
0.628617 0.628617 0.628617 0.625852 0.640732 0.633528 0.653260 0.638370 0.650217 0.657861 0.666004 0.666004 0.666004 0.638370 0.651542 0.644907 0.673175 0.648884 0.639809 0.638000 0.631686 0.646054 0.631686 0.632779 0.623579 0.649368 0.630824 0.625336 0.636384 0.649838 0.639971 0.639971 0.627194 0.647334 0.647554 0.641117 0.633969 0.621955 0.622499 0.648403 0.672260 0.639434 0.650217 0.636940 0.640868 0.613977 0.629644 0.633715 0.629644 0.635960 0.632338 0.662300 0.632338 0.616776 0.648534 0.633723 0.642912 0.639733 0.674538 0.674538 0.639032 0.637226 0.617721
0.628617 0.628617 0.628617 0.622605 0.629644 0.629644 0.629644 0.642395 0.628901 0.644907 0.654837 0.639346 0.668474 0.653787 0.620105 0.633796 0.667048 0.642928 0.639809 0.643088 0.656486 0.647185 0.623878 0.627143 0.627143 0.606972 0.647233 0.633969 0.606621 0.653637 0.663458 0.632225 0.627194 0.634915 0.611166 0.634392 0.631349 0.631281 0.616435 0.623516 0.644818 0.642457 0.648590 0.640129 0.644907 0.665030 0.615631 0.621569 0.631700 0.636728 0.659850 0.659850 0.628230 0.615796 0.662300 0.638000 0.642912 0.668070 0.668070 0.642912 0.637226 0.637226 0.637226
0.628617 0.628617 1.029361 0.615301 0.629644 0.636728 0.638655 0.629644 0.660037 0.650575 0.650466 0.639346 0.653022 0.645643 0.642040 0.657244 0.657244 0.620861 0.653787 0.644907 0.635570 0.629898 0.647585 0.664764 0.637453 0.606915 0.633969 0.648249 0.628080 0.642114 0.666061 0.649799 0.638623 0.634575 0.632713 0.626761 0.633365 0.629644 0.629644 0.627829 0.649818 0.644731 0.657258 0.635627 0.644907 0.647585 0.650575 0.649799 0.638655 0.660995 0.642426 0.633925 0.635096 0.644520 0.646623 0.609924 0.656274 0.667897 0.642912 0.604646 0.640684 0.642912 0.646445
0.628617 0.628617 0.628617 0.620123 0.629644 0.641987 0.633796 0.619852 0.633850 0.627420 0.635914 0.641308 0.647167 0.639669 0.667723 0.653787 0.639755 0.631204 0.665246 0.651542 0.667723 0.641987 0.638676 0.617955 0.639701 0.629851 0.637175 0.665878 0.648249 0.632457 0.640437 0.640563 0.636879 0.642457 0.635471 0.633826 0.643182 0.636940 0.657066 0.636940 0.654223 0.617711 0.629644 0.635627 0.644907 0.644620 0.634510 0.648590 0.633057 0.661520 0.642426 0.642912 0.654384 0.639873 0.637226 0.635328 0.639635 0.667897 0.659410 0.638655 0.642912 0.621070 0.668070
0.628617 0.628617 0.628617 0.628617 0.621662 0.636742 0.613029 0.637091 0.618403 0.633966 0.647031 0.644907 0.626289 0.666004 0.640572 0.652236 0.662781 0.647585 0.651542 0.646301 0.651542 0.645134 0.638676 0.646621 0.635433 0.640572 0.641750 0.617731 0.617731 0.645752 0.635471 0.640572 0.668570 0.624521 0.615631 0.613977 0.643182 0.638655 0.636940 0.661184 0.660378 0.650575 0.639702 0.643649 0.622499 0.635401 0.672096 0.649061 0.629644 0.629644 0.636591 0.632793 0.640871 0.622838 0.637226 0.637226 0.611166 0.637226 0.635471 0.614158 0.640500 0.610231 0.658976
0.628617 0.628617 0.628617 0.627625 0.624407 0.633969 0.631281 0.633969 0.618403 0.645563 0.660627 0.609561 0.647792 0.610571 0.643466 0.652236 0.654837 0.653022 0.641252 0.635253 0.635253 0.638585 0.647585 0.636940 0.637252 0.629644 0.636940 0.649928 0.633936 0.610231 0.633969 0.639050 0.639635 0.650135 0.635960 0.632857 0.635433 0.664668 0.650051 0.657964 0.643466 0.648018 0.644024 0.652786 0.655675 0.640046 0.633969 0.654825 0.654825 0.629644 0.629644 0.662300 0.608021 0.609924 0.623925 0.656486 0.610504 0.623344 0.637402 0.610938 0.610231 0.623783 0.664874
0.628617 0.628617 0.628617 0.776808 0.680176 0.628617 0.638000 0.651034 0.633969 0.616035 0.638456 0.621722 0.648070 0.648070 0.664211 0.647284 0.668741 0.633796 0.635630 0.630861 0.615908 0.649799 0.640950 0.644533 0.654659 0.636940 0.636625 0.644420 0.622067 0.624738 0.621200 0.662261 0.629644 0.667820 0.657066 0.639507 0.649799 0.631175 0.640046 0.636940 0.646891 0.641955 0.664764 0.638370 0.648508 0.651960 0.639612 0.640417 0.643490 0.635960 0.637436 0.639491 0.643011 0.610446 0.623925 0.633272 0.619916 0.638996 0.620592 0.662272 0.642333 0.623783 0.623447
0.628617 0.628617 0.680128 0.666664 0.673989 0.640894 0.628617 0.633181 0.649027 0.638000 0.616266 0.625591 0.635471 0.636411 0.648906 0.626627 0.655293 0.637675 0.621722 0.614778 0.645394 0.623232 0.667198 0.640950 0.643293 0.658112 0.636625 0.650051 0.619081 0.606804 0.629644 0.629644 0.629644 0.642645 0.639126 0.647989 0.665557 0.617955 0.647655 0.647916 0.646891 0.636133 0.644780 0.649376 0.626435 0.655397 0.639612 0.633969 0.637328 0.634580 0.642912 0.633306 0.633929 0.649799 0.641345 0.636041 0.635990 0.624677 0.607510 0.639984 0.639984 0.658168 0.658168
0.628617 0.628617 0.610508 0.644023 0.635216 0.644311 0.628617 0.609778 0.645921 0.633969 0.614721 0.649030 0.635471 0.635471 0.647989 0.620268 0.619351 0.633380 0.644942 0.614778 0.607510 0.637038 0.624407 0.641556 0.652789 0.652789 0.665906 0.650836 0.650941 0.648456 0.620936 0.628059 0.640950 0.668741 0.650474 0.625489 0.634082 0.610762 0.636271 0.648018 0.636312 0.651960 0.651220 0.663433 0.633329 0.664211 0.631642 0.638000 0.637328 0.633797 0.640230 0.648001 0.648001 0.637436 0.629644 0.632338 0.632338 0.636041 0.617955 0.607452 0.629264 0.622067 0.640117
0.613559 0.628617 0.628617 0.630796 0.631446 0.644311 0.628617 0.628617 0.633969 0.676860 0.642387 0.631908 0.633969 0.636478 0.653425 0.617955 0.664798 0.664798 0.652664 0.634873 0.686518 0.610700 0.629631 0.624407 0.640182 0.632225 0.651542 0.648249 0.631204 0.633969 0.623016 0.643869 0.643293 0.658010 0.654955 0.614047 0.640405 0.639701 0.656486 0.643586 0.643250 0.657861 0.649449 0.631281 0.639971 0.640913 0.633568 0.643490 0.621955 0.630218 0.642411 0.635689 0.666499 0.638473 0.635888 0.636728 0.633489 0.638142 0.617955 0.656486 0.640230 0.631446 0.606519
0.616184 1.107938 0.646330 0.606161 0.617967 0.625340 0.628617 0.628617 0.638000 0.628617 0.606915 0.616372 0.683550 0.641106 0.618209 0.633969 0.640782 0.639526 0.638370 0.611412 0.635424 0.635471 0.632105 0.664798 0.658010 0.650836 0.650836 0.650836 0.630714 0.609778 0.623016 0.620431 0.666858 0.640608 0.633544 0.653334 0.618195 0.618195 0.620214 0.606621 0.635190 0.642816 0.627110 0.610360 0.639971 0.660627 0.642387 0.644620 0.635471 0.626627 0.633380 0.642818 0.627622 0.627622 0.644650 0.632338 0.662300 0.642306 0.629898 0.660568 0.612582 0.668502 0.606621
0.682556 0.682556 0.632374 0.635500 0.633272 0.610231 0.619540 0.628617 0.628617 0.628617 0.628617 0.609778 0.633969 0.645921 0.621955 0.633969 0.640782 0.624325 0.620187 0.635424 0.615344 0.644248 0.639971 0.664798 0.655700 0.630237 0.666858 0.614876 0.627143 0.627143 0.640219 0.643293 0.624044 0.645328 0.647894 0.634873 0.629439 0.615785 0.664764 0.637696 0.635249 0.646159 0.638370 0.618849 0.626289 0.636625 0.638744 0.650331 0.639612 0.660899 0.636742 0.638660 0.632841 0.632338 0.636041 0.614942 0.614942 0.637597 0.606804 0.640215 0.619783 0.660568 0.617731
0.649935 0.634703 0.632374 0.630414 0.611056 0.618159 0.632162 0.628617 0.628617 0.628617 0.628617 0.631738 0.635471 0.632841 0.633969 0.633969 0.635471 0.635471 0.623077 0.682148 0.677330 0.677330 0.606987 0.633377 0.640046 0.661446 0.640182 0.630714 0.633544 0.631540 0.636998 0.642928 0.651565 0.636478 0.636108 0.633380 0.640668 0.664764 0.641252 0.630198 0.629546 0.651542 0.624738 0.636940 0.636940 0.672096 0.640810 0.635854 0.622082 0.668596 0.635866 0.653834 0.640230 0.634703 0.658708 0.630766 0.644329 0.646734 0.619778 0.606804 0.652924 0.629546 0.617731
