Example_Watersheds/WA_MashelWatershed/DataInputs/o_3_ChemistryPools/Mashel_1990_Pools/N_g_Det_BgStem_2.asc
ncols         923
nrows         455
xllcorner     550005.67551598
yllcorner     5180549.8134422
cellsize      30
NODATA_value  -9999
[rows 0 to 27 of 455, columns 252 to 314 of 923]
1.414007 0.940035 1.106406 2.068193 1.218687 3.869088 2.221650 2.955007 1.410061 2.410303 2.465359 2.601089 1.938295 1.599014 1.118508 1.918791 1.082487 1.172770 1.061317 0.850551 0.988247 0.770135 3.378009 3.220912 3.280716 1.708582 1.145986 1.145986 0.916331 1.305195 0.868869 0.918326 1.366100 1.145986 0.893247 1.366100 0.981669 3.705078 2.721318 3.735956 3.353371 4.577249 2.578342 2.850514 3.587623 2.391222 2.248961 3.163905 4.873641 4.873641 3.163905 3.163905 3.163905 4.873641 3.163905 3.163905 3.163905 3.163905 3.163905 3.163905 3.163905 3.163905 3.163905
1.218687 0.938545 0.904631 2.360031 0.775554 3.134379 3.390732 2.382868 3.149505 0.848501 2.907897 2.622052 1.395669 2.215004 1.366100 1.388722 0.767792 0.811554 1.061317 1.211401 1.095680 1.124439 0.948498 0.955432 2.599598 2.392604 2.699324 1.414007 1.211401 1.366100 1.366100 0.768681 1.366100 0.878349 0.862244 1.075225 2.472101 2.868704 2.859001 3.159317 3.353371 3.280716 4.577249 4.577249 4.276876 4.772325 5.244211 5.244211 4.873641 4.855661 3.163905 3.163905 4.055213 4.081834 4.085682 4.875588 3.163905 3.163905 3.163905 3.163905 3.163905 3.163905 3.163905
1.918791 1.676578 1.918791 1.811746 4.876117 3.431459 2.279948 2.385665 3.046204 1.218687 1.599960 1.515094 1.015910 0.926854 3.226822 1.925016 0.773255 1.164593 1.712981 1.218687 1.061317 0.990544 0.814540 0.945942 3.280716 2.437844 2.699324 2.863185 1.421051 0.919541 1.366100 1.366100 1.145986 0.878349 1.101961 0.834387 2.513418 2.857597 4.358507 4.358507 2.861795 1.746195 4.276876 4.666783 2.831587 2.333951 4.531339 2.311382 4.874577 3.163905 4.873641 4.873641 4.053049 1.599014 2.136432 0.817432 4.873641 3.163905 3.163905 3.163905 3.163905 3.163905 3.163905
1.260139 1.918791 1.332789 3.769063 3.769063 3.163905 5.377914 1.938295 4.154273 0.825670 2.437844 1.516662 1.015910 1.004700 0.840655 2.694081 1.430299 0.938545 1.534409 1.218687 0.989014 1.388722 1.062228 1.229787 2.437844 1.809737 2.283889 2.867331 1.238276 1.620163 0.955432 1.068107 1.068107 0.956801 2.027096 0.860279 2.102473 0.805981 2.961667 2.964967 2.440448 2.037332 4.276876 4.276876 2.761072 2.880865 4.815881 3.935698 3.163905 3.163905 3.163905 3.163905 4.053049 4.671995 1.376337 1.102921 2.125694 4.190001 2.684763 2.684763 3.163905 3.163905 3.163905
1.406093 1.218687 3.081530 4.232245 5.499113 4.310821 2.694081 3.042710 2.279948 0.790350 0.821613 1.104356 0.955432 1.460087 2.843321 2.578342 2.021842 3.361092 1.203561 1.366100 0.989014 0.955432 1.233015 0.866642 0.866642 2.213086 2.867331 1.145986 0.956801 1.366100 0.890949 0.766388 1.064498 1.366100 0.847728 0.878349 0.834387 2.121341 2.518761 2.861795 2.208255 2.880865 3.795570 3.302971 2.761072 2.246201 4.430109 5.051553 3.163905 3.163905 3.163905 3.163905 3.163905 3.163905 4.873641 3.163905 3.136084 1.875508 2.246201 3.163905 3.163905 3.163905 3.163905
1.225892 2.351114 3.179831 3.648489 5.499113 1.840198 3.902372 3.795570 2.365843 0.790350 1.503203 1.050014 1.212731 0.786880 1.848769 3.721957 1.072133 0.896038 3.213629 1.359411 2.136432 0.955432 1.388722 1.118365 2.632507 2.043863 1.826622 1.145986 1.145986 1.145986 0.890949 0.890949 1.366100 1.366100 0.876146 1.366100 2.513418 2.121341 2.213086 2.382868 2.213086 2.607018 4.276876 3.451650 3.451650 3.291134 2.675264 3.949110 3.163905 3.163905 3.163905 3.163905 3.163905 3.163905 3.163905 4.876117 4.873641 1.200876 4.016195 3.163905 3.163905 3.163905 3.163905
2.130014 2.578342 0.899989 3.378009 3.521444 3.498260 3.444040 2.300369 2.300369 1.568750 0.816403 2.180223 1.518226 0.800055 1.049112 0.772191 1.072133 1.726844 1.194371 0.829522 1.004037 1.515094 1.050594 1.118365 2.037332 1.392431 1.063137 0.834247 0.940844 1.145986 0.784940 0.784940 2.092973 2.305289 0.868869 0.957142 0.957142 3.070031 1.061317 1.100518 1.366100 2.395360 1.829556 3.917722 3.226822 2.113644 4.346459 4.524970 3.163905 3.163905 3.163905 3.163905 3.163905 3.163905 3.163905 3.163905 4.873641 3.163905 3.163905 3.163905 3.163905 3.163905 3.163905
2.473440 3.164141 3.013945 1.200876 3.091166 3.777435 2.437844 4.018622 1.720819 1.861249 1.638853 3.289415 1.682183 3.635111 1.406093 1.638015 0.793586 1.074354 0.767792 1.112878 1.660446 0.767452 0.951688 1.568750 2.036020 1.071242 1.514308 1.145986 1.145986 1.366100 2.694081 1.366100 1.366100 1.366100 0.918326 2.306513 2.392604 2.480089 1.100518 1.366100 0.806582 2.704509 2.050340 1.123462 3.581030 4.325910 2.863185 3.555776 3.163905 3.163905 3.163905 3.163905 3.163905 3.163905 3.163905 3.163905 3.163905 3.163905 3.163905 3.163905 3.163905 3.163905 3.163905
3.319289 1.964958 3.444040 2.049049 1.731108 3.777435 2.437844 2.536990 3.611011 2.131089 1.397283 1.577908 2.360031 0.844529 2.013339 1.396476 0.926854 1.797010 0.833983 1.617570 0.871460 0.959184 0.767792 0.784940 1.918791 2.751364 1.211401 1.214060 1.145986 1.366100 1.061415 1.366100 1.366100 1.366100 0.918326 0.782501 2.246201 1.218687 1.206764 0.940844 1.061415 2.704509 3.306291 1.995974 2.611427 4.464837 3.296249 3.163905 3.163905 3.163905 3.163905 3.163905 3.163905 3.163905 3.163905 3.163905 3.163905 3.163905 3.163905 3.163905 3.163905 3.163905 3.163905
2.131089 3.390732 2.723024 4.592158 0.770121 4.217518 2.578342 2.830100 2.834547 1.242307 0.925182 1.305195 3.118765 3.118765 0.924846 1.510364 1.388722 0.912334 0.851315 0.786135 0.871460 1.572971 2.368710 0.949554 1.918791 1.066306 1.052018 1.214060 1.006462 1.366100 0.858707 1.118508 1.366100 1.106406 2.392604 1.145986 1.914607 1.221316 0.768633 0.969205 0.969205 2.430108 4.343975 4.457149 3.257282 3.851154 4.325910 3.182897 3.163905 3.163905 3.163905 3.163905 3.163905 3.163905 3.163905 3.163905 3.163905 3.163905 3.163905 3.163905 3.163905 3.163905 3.163905
1.475227 4.430109 3.363003 4.061603 3.030303 3.030303 3.902372 3.363003 3.273631 4.154273 1.052259 0.963405 4.494581 1.254908 3.118765 1.613068 1.515878 1.204631 1.061317 0.927418 1.321716 1.061772 1.957186 2.644234 0.938545 1.420272 1.366100 1.118508 1.029925 1.145986 1.366100 1.366100 1.366100 1.145986 3.510927 2.261251 0.839084 2.716176 0.909777 0.969205 2.253081 2.650009 3.898400 4.276876 4.276876 3.809003 3.319289 3.757138 3.163905 3.163905 3.163905 4.875984 3.163905 3.163905 3.163905 3.163905 3.163905 3.163905 3.163905 3.163905 3.163905 3.163905 3.163905
2.561145 2.836020 2.946565 3.930447 3.448629 3.273631 2.410303 3.368689 0.848501 0.844529 0.807683 0.774162 0.770121 3.498260 4.098631 3.904338 1.743709 1.613068 1.388722 1.145986 0.784938 1.728553 0.866661 1.901090 0.897156 0.897156 1.366100 1.118508 1.366100 0.969205 0.784940 1.366100 1.052018 2.050340 2.440448 1.366100 1.366100 0.773590 0.909777 1.566627 1.712981 2.573695 3.194918 3.796687 4.276876 3.809003 4.134945 3.163905 3.163905 3.163905 3.163905 3.163905 3.163905 3.163905 3.163905 3.163905 3.163905 3.163905 3.163905 3.163905 3.163905 3.163905 3.163905
3.549533 3.275413 4.356146 3.013945 3.363003 3.487062 2.410303 1.323133 1.354817 1.833447 0.767428 2.172956 2.105846 0.845258 2.412982 3.345525 1.666182 1.666182 0.917890 1.074354 0.989014 1.185012 1.613068 0.777176 2.285197 1.085619 1.366100 1.106406 1.366100 1.366100 0.789994 1.366100 1.030804 1.366100 0.863906 1.145986 0.784940 2.145921 2.208255 1.296411 1.118508 2.140670 3.194918 3.952328 3.663164 3.663164 3.983142 3.505551 3.163905 3.163905 3.163905 3.163905 3.163905 3.163905 3.163905 3.163905 3.163905 3.163905 3.163905 3.163905 3.163905 3.163905 3.163905
3.900393 3.184421 3.363003 3.013945 3.900393 4.666783 2.343177 0.782732 0.770121 0.770121 3.273631 4.859961 3.560366 4.874927 2.870072 3.149505 1.114750 1.406093 1.157208 0.801144 2.090533 1.515878 1.369342 0.982448 0.790357 1.366100 1.366100 0.969205 0.789994 0.918024 1.366100 1.366100 1.366100 0.904631 0.787779 1.221316 1.211401 1.211401 2.010120 2.042561 1.405297 1.366100 2.246201 2.999904 3.294551 3.970507 2.690110 3.163905 3.163905 3.163905 3.163905 3.163905 3.163905 3.163905 3.163905 3.163905 3.163905 3.163905 3.163905 3.163905 3.163905 3.163905 3.163905
3.803318 3.803318 2.430108 4.037445 4.338936 4.367706 3.401334 3.056551 2.527101 3.416712 3.866893 2.168757 3.655909 3.702619 4.642212 2.095404 0.876957 1.470212 1.388722 2.086858 3.440941 1.242977 0.769172 1.120928 1.366100 1.751722 1.118508 2.887468 1.737865 1.737865 1.366100 0.940844 1.366100 1.102277 1.366100 2.388450 3.134379 1.515094 1.218687 1.421051 0.994888 1.050594 2.246201 3.306291 2.878193 3.465715 3.996184 3.163905 3.163905 3.163905 3.163905 3.163905 3.163905 3.163905 3.163905 3.163905 3.163905 3.163905 3.163905 3.163905 3.163905 3.163905 3.163905
3.900393 4.167481 3.503741 3.795570 3.549533 4.185136 4.904528 3.953917 1.350214 3.104475 4.827786 2.844769 2.494445 2.131089 2.601089 2.322188 0.987863 1.205165 1.218687 1.397283 1.641357 1.641357 0.931167 1.156156 1.366100 1.550777 1.967886 2.232245 2.887468 1.551508 1.366100 1.366100 1.366100 1.366100 2.078207 2.388450 3.866893 2.913317 2.422266 3.207980 1.402102 1.406093 0.786840 3.439380 4.456303 3.188956 4.664627 3.163905 3.163905 3.163905 3.163905 3.163905 3.163905 3.163905 3.163905 3.163905 3.163905 3.163905 3.163905 3.163905 3.163905 3.163905 3.163905
4.338936 3.439380 4.208664 4.057359 3.307940 4.061603 3.974749 3.953917 3.363003 1.360840 2.017606 1.613068 2.116955 2.116955 3.118765 4.095014 2.846212 1.406093 2.323376 1.185012 0.849896 0.770121 1.703237 1.989339 1.054048 1.194371 1.194371 2.619032 1.360126 1.360126 1.366100 0.802630 0.789994 0.891990 1.927078 3.566364 3.445577 4.457149 3.731338 3.026707 1.248971 1.248971 1.592362 1.644681 2.042561 4.986907 4.818366 5.051562 3.163905 3.163905 3.163905 3.163905 3.163905 3.163905 3.163905 3.163905 3.163905 3.163905 3.163905 3.163905 3.163905 3.163905 3.163905
4.338936 2.830100 4.827786 4.048674 4.427221 2.258538 2.258538 1.236250 2.882194 2.487966 1.200876 1.223935 2.857597 0.770121 3.118765 3.335544 0.848501 2.196444 3.635111 1.893728 1.185012 1.397283 1.885214 1.524443 1.036859 1.957186 3.026707 1.825641 0.843649 0.901174 0.849271 1.366100 1.551508 1.551508 0.789994 3.104475 3.092752 2.639864 3.692172 2.743157 3.631197 1.536685 1.386676 2.010120 3.569310 5.035586 4.818366 3.163905 3.163905 3.163905 3.163905 3.163905 3.163905 3.163905 3.163905 3.163905 3.163905 3.163905 3.163905 3.163905 3.163905 3.163905 3.163905
3.648489 3.010248 2.578342 1.470212 1.938295 4.458766 1.918791 1.507192 2.168757 3.648489 1.880917 2.299132 0.770121 1.749683 3.862464 2.491862 1.406093 3.742794 2.977959 1.574370 1.406093 1.397283 1.397283 1.063591 0.819624 1.957186 1.054939 1.551508 4.288529 0.969801 0.790115 0.890949 1.368638 1.085619 1.026424 2.719609 3.420043 4.170063 2.743157 2.743157 0.785803 1.066306 1.218687 2.113644 1.783552 3.457690 4.632759 3.163905 3.163905 3.163905 3.163905 3.163905 3.163905 3.163905 3.163905 3.163905 3.163905 3.163905 3.163905 3.163905 4.876128 3.163905 4.869493
3.717195 3.209401 1.988227 0.774152 1.621025 0.844529 2.752993 2.365843 1.918791 2.857597 3.967612 2.299132 0.851315 1.825641 4.217518 3.560366 2.650009 2.929297 2.929297 0.770121 0.770121 1.749683 1.514308 1.918791 1.749683 1.275472 1.613068 1.855351 0.785470 1.112878 1.118508 1.366100 1.118508 1.366100 2.707521 4.276876 3.492700 3.236532 3.289415 1.421051 1.689584 1.512733 0.769511 1.998171 3.054840 3.190455 3.190455 4.253416 3.163905 3.163905 3.163905 3.163905 3.163905 3.163905 3.163905 3.163905 3.163905 3.163905 3.163905 3.163905 3.163905 3.163905 3.163905
2.345457 2.094189 1.090831 1.411642 1.621025 1.277853 1.154045 2.530412 2.437844 3.521444 3.521444 2.778472 0.858411 2.086858 1.339553 2.655724 4.875303 1.367227 0.824389 0.790350 1.115683 1.502402 4.524970 4.095014 1.049563 1.185012 1.569456 2.162395 0.988494 1.145986 1.366100 0.781818 1.366100 0.936289 3.197863 4.276876 2.037332 2.010120 2.010120 1.218687 1.218687 2.632507 1.217368 1.366100 2.611427 3.147848 4.443086 2.888776 3.163905 3.163905 3.163905 3.163905 3.163905 3.163905 3.163905 3.163905 3.163905 3.163905 3.163905 3.163905 3.163905 2.728115 4.670150
2.311382 0.925182 0.925182 1.354161 1.731957 0.818206 0.925182 1.123951 1.402102 1.251617 3.498260 3.368689 0.849896 1.507192 1.185012 3.421697 5.047483 1.901090 0.781264 1.200876 1.445375 1.075239 3.339560 5.047483 4.874577 3.006528 0.835294 0.773539 0.792510 1.145986 0.979527 0.874397 0.904631 2.194446 1.809737 1.145986 1.906298 2.440448 0.939291 1.998171 1.310988 1.366100 0.784940 1.366100 2.050340 2.861795 2.343177 3.886161 3.163905 3.163905 3.163905 3.163905 3.163905 3.163905 3.163905 3.163905 3.163905 3.163905 3.163905 3.163905 4.623920 4.217518 3.631197
1.265231 2.060593 1.683113 1.599014 2.028142 2.186369 1.189438 0.926186 1.188335 3.278955 2.523776 0.849896 1.901090 2.833069 2.778472 3.421697 2.901611 2.861795 1.901090 4.434259 3.296249 2.857597 2.857597 3.591968 3.521444 2.459910 1.204631 0.835294 1.880917 1.366100 2.348859 2.710996 2.348859 1.515878 1.906298 1.998171 2.010120 2.676632 2.339736 1.617570 2.202387 1.498266 0.792510 3.913965 2.078207 2.348859 4.276876 2.286502 3.163905 3.163905 3.163905 3.163905 3.163905 3.163905 3.163905 3.163905 3.163905 3.163905 3.163905 3.413349 1.052018 3.280716 2.944862
4.440687 2.060593 1.208358 2.019728 3.554228 1.091318 2.455791 0.998479 1.188335 2.990623 1.898995 2.343177 4.417968 3.453148 3.453148 4.046461 4.457149 3.646609 1.901090 4.876117 4.904528 2.744807 4.077920 0.967110 1.397283 1.114750 1.652089 0.959184 1.366100 1.106406 2.121341 3.203680 1.421051 1.906298 1.809737 1.596171 3.136084 1.132175 3.396068 1.822688 3.207980 2.833069 2.833069 0.835294 0.934742 1.328694 2.578342 4.443086 3.163905 3.163905 3.163905 3.163905 3.163905 3.163905 3.163905 3.163905 3.163905 3.163905 2.101345 1.747845 1.846875 3.280716 3.001433
4.468987 1.820712 0.766484 1.221316 1.719086 2.100214 1.503203 1.503203 3.099041 2.186369 4.242167 2.830100 4.717008 4.272177 4.413012 4.208664 4.065781 3.115229 3.451650 3.816414 4.011291 4.846108 1.939304 3.633159 1.467326 1.421051 1.938295 1.414007 1.406093 2.010120 1.106406 2.039951 3.054840 1.906298 1.906298 2.050340 2.395360 1.052018 3.118765 2.963320 2.415649 1.218687 1.515878 1.519787 1.145986 0.769511 2.149046 4.443086 4.011291 3.163905 3.163905 4.873641 3.163905 4.643665 3.163905 1.366100 1.061415 1.091029 0.824389 1.366100 3.424983 3.444040 4.013751
4.637643 3.222889 1.136469 1.616704 1.197634 1.254908 1.374944 1.030423 0.766089 0.775554 4.448659 4.275330 4.061603 4.057359 4.199492 4.061603 3.591968 4.199492 4.863638 3.816414 3.740527 3.521444 3.521444 2.317411 3.485165 3.633159 1.938295 4.622048 3.418381 2.348859 0.767817 1.223281 1.039314 2.271998 1.906298 1.906298 0.802172 1.538197 2.762675 1.863461 1.894784 0.821652 1.061317 1.218687 1.498266 1.388722 0.904631 1.044899 3.539908 3.363003 4.874135 4.430109 1.497583 1.071688 1.071688 1.052872 1.108163 3.236532 2.915113 2.172956 2.620544 4.255221 1.642190
2.532062 3.017619 4.781977 1.412431 1.719086 1.254908 0.807683 0.844529 0.849896 1.504801 3.149505 3.560366 4.061603 4.432900 4.827786 3.726672 4.457149 3.587623 3.828922 3.828922 3.521444 2.194446 0.819624 0.941890 1.599014 3.512702 4.053049 2.647129 4.003812 2.709261 0.891013 3.503741 0.893247 3.284217 2.302834 1.702336 1.136944 3.526584 1.977001 1.984879 2.289106 1.303739 3.275413 1.145986 5.049559 2.037332 2.037332 1.106406 1.165226 3.971935 2.834547 3.637053 2.666979 3.860229 3.099041 1.285518 3.353371 3.572222 2.915113 2.163461 2.424891 1.148193 1.204631
2.197440 3.172062 1.780631 3.106283 0.794948 0.925852 0.853092 0.792269 1.613068 2.437844 3.617174 3.617174 4.827786 3.940829 4.065781 4.827786 3.695390 3.591968 4.859961 5.047483 4.338936 2.305289 3.200784 1.621025 1.735341 2.478765 5.045354 3.440941 1.397283 1.366100 1.551508 2.743157 0.879955 1.047305 3.803318 2.225169 2.090533 3.526584 1.102277 1.102277 4.288529 0.929514 1.366100 1.366100 3.366801 4.859858 1.797010 0.959184 1.144420 3.971935 4.102182 3.637053 4.276876 2.830100 2.961667 1.366100 0.786840 3.160931 2.915113 2.402196 1.366100 0.835294 1.525988
