Example_Watersheds/WA_MashelWatershed/DataInputs/o_3_ChemistryPools/Mashel_1990_Pools/N_g_Det_BgStem_3.asc
ncols         923
nrows         455
xllcorner     550005.67551598
yllcorner     5180549.8134422
cellsize      30
NODATA_value  -9999
[rows 112 to 139 of 455, columns 630 to 692 of 923]
0.908200 0.846182 0.801971 0.874948 0.723899 0.798619 0.857273 0.541870 0.729739 0.917816 0.815868 0.912047 0.964688 0.949477 1.081098 0.627443 0.831429 1.020361 0.839836 0.527738 1.043660 0.740427 0.726882 0.726882 0.866992 0.739389 0.795476 0.986641 0.951398 0.816675 0.829670 0.951776 0.826850 0.627443 0.958629 1.069745 0.893469 0.950084 0.977426 0.518194 0.714742 0.909396 0.480611 0.597988 0.331741 0.737281 0.363655 0.580598 0.803045 0.938257 0.694928 0.916677 0.989051 0.742664 0.591392 0.582942 0.763635 0.724573 0.947820 0.817867 0.739131 1.020360 0.631593
0.676100 0.987477 0.801971 0.950454 0.721491 0.872588 0.924913 0.602087 0.989180 0.838021 0.811450 0.712415 1.092346 0.952418 0.674502 1.063390 1.086202 1.018361 1.079046 1.067792 0.675422 0.884907 0.967468 0.709997 0.858704 1.016870 0.869222 0.723899 0.987477 0.986987 0.710914 0.920403 1.062051 0.627443 0.988881 1.103936 0.893469 0.799001 1.066347 0.985191 0.627443 0.926742 0.926742 0.584977 0.535827 0.402771 0.323477 0.584977 0.789607 0.965399 0.694928 0.897215 0.308229 0.432236 0.301519 0.423006 0.742664 0.868342 0.989319 0.841600 0.928509 0.870936 0.852489
0.866534 0.907573 0.901059 0.946130 0.854490 1.055849 1.020360 1.020360 1.067744 1.058437 1.090176 0.509542 0.979783 0.901950 1.095493 1.063390 0.944191 1.067792 0.837559 0.621403 0.890456 0.967468 0.967468 0.628090 0.908506 0.945511 0.861077 0.768968 0.762716 0.986987 0.989243 0.843312 0.988464 0.937806 0.995934 0.995934 0.942386 0.811741 0.755045 1.060170 1.067744 0.887321 0.776383 0.626536 0.834143 0.552054 0.594880 0.512060 0.825526 0.888582 0.954505 0.917816 0.496026 0.301519 0.444916 0.372063 0.475575 0.834143 0.950272 0.740427 0.836818 0.966789 0.966789
0.929653 0.715592 0.854490 0.952699 0.834400 0.947006 0.801243 0.949477 1.067744 0.627443 1.083662 1.005262 0.571798 0.352842 0.965399 1.012892 0.590883 0.679415 0.904871 0.716705 0.880235 0.762716 0.744837 0.755942 0.937806 0.536532 0.755045 0.755045 0.915283 0.858704 0.687164 1.016838 0.905576 0.926139 0.851089 0.784495 0.888177 0.821663 0.649371 0.713298 0.999585 1.043125 1.090775 0.369124 0.673126 0.916178 0.742296 0.869222 0.605464 0.875704 0.778318 0.886869 0.487074 0.343860 0.592152 0.398209 0.451081 0.625482 0.677441 0.807451 0.811450 0.687164 0.534640
0.906926 0.853504 1.018692 0.952418 0.915601 1.049726 1.121555 0.851796 0.784304 0.912047 0.677108 0.848135 0.247771 0.416755 0.471478 0.832547 0.888177 0.575738 0.706203 0.593403 0.811741 0.811741 0.495584 0.835883 0.839836 0.760723 0.815460 0.759917 0.755045 0.978872 0.858704 0.759917 0.811741 0.811741 0.755045 0.735072 0.804444 0.816675 0.857855 0.795878 0.999585 0.755346 1.018361 0.627443 1.072951 0.885421 0.737246 0.737246 0.627443 0.743759 0.853504 0.704230 0.837559 0.783098 0.592152 0.628601 0.348857 0.439088 0.834905 0.987958 0.882696 0.956186 0.692266
0.751939 0.808724 0.839836 0.849638 0.997796 0.988548 0.942761 0.827495 0.678762 0.508162 0.787843 0.787843 0.301918 0.520464 0.467668 0.736464 0.842033 1.067783 0.765895 0.593403 0.586967 0.811741 0.755045 1.019837 0.613815 0.697287 0.815460 0.686275 0.851089 0.378662 0.708755 1.008101 0.912047 0.811741 0.483935 0.476245 0.569217 0.782743 0.886264 0.886264 0.988781 0.827495 0.827495 0.984892 0.884645 1.067792 0.847049 0.627443 0.899399 0.874948 0.951398 0.946429 0.800875 0.960980 0.573221 0.942761 0.737010 0.512952 0.857855 1.016468 0.724573 0.505348 0.361839
0.860572 1.022014 0.846579 0.855759 0.855759 1.060658 0.934956 0.822389 0.431677 0.375471 0.337674 0.201579 0.301918 0.562271 0.520464 0.748655 0.422809 0.875704 0.582426 0.582426 0.643647 0.884907 0.986023 0.988121 1.057818 0.710914 0.643336 0.912047 0.860315 0.703896 0.654721 0.654721 0.823105 0.655708 0.600522 0.553104 0.424764 0.642710 0.594635 0.577927 0.691719 0.824505 0.991989 0.916898 0.638210 0.960207 0.521026 0.627443 1.018361 0.988464 0.900239 0.988710 0.935934 0.746947 0.856068 0.662804 0.732764 0.912519 0.722532 0.722532 0.884907 0.479967 0.890456
0.830853 0.812099 0.834143 0.769826 0.797459 0.621403 0.383534 0.359996 0.562271 0.364309 0.286523 0.425344 0.592152 0.471478 0.471478 0.915752 0.915283 0.911302 1.020252 0.934457 1.055849 1.016838 0.987202 0.984379 0.986368 0.788288 1.016116 0.989228 1.059421 1.059421 1.085303 1.055849 0.713005 0.577927 0.900239 0.762253 0.779454 0.788288 0.811741 0.592654 0.622784 0.967468 0.755942 0.420622 0.638210 0.982132 1.012619 0.966789 0.743396 1.083662 0.983211 0.983211 1.061398 1.018361 1.052945 1.089382 1.100997 0.627443 0.627443 1.073809 0.627443 1.067148 1.039600
0.753203 0.751939 0.608245 0.386279 0.520464 0.510226 0.470320 0.691719 0.500993 0.372607 0.471478 0.488733 0.444282 0.888177 0.718646 0.636522 1.044943 1.068050 0.801243 0.951531 0.882696 0.987847 0.732172 0.984379 1.000451 1.019837 0.845378 0.853504 1.064311 1.013905 1.085303 0.850006 0.879581 0.811741 0.717919 0.909682 0.811741 0.788288 0.737550 0.851444 0.470549 0.415092 0.882104 0.882104 0.236392 0.917816 0.949889 0.617080 1.012892 0.887757 0.800875 0.979333 0.901059 0.674421 1.059421 1.083662 0.627443 0.627443 0.627443 0.627443 0.986280 0.890456 0.880873
0.702206 0.754132 0.608245 0.430361 0.267066 0.237179 0.227057 0.557650 0.557650 0.804444 0.952347 0.615590 0.654175 1.103070 1.089954 0.978872 1.044943 0.792600 0.613041 0.951531 0.887097 0.965399 0.967468 0.950796 1.008101 0.856374 0.944532 0.885672 0.952670 1.061398 1.020252 0.909104 0.791332 0.755045 1.012358 1.012358 0.905576 0.759644 0.764091 0.848135 0.827814 0.761788 0.984379 0.965399 0.762253 0.989312 0.917587 0.874948 0.965399 0.580070 0.258355 0.424570 0.948328 1.050834 1.003909 0.690188 1.083662 0.941165 0.991989 0.627443 0.776774 0.890456 0.858425
0.623874 1.006719 0.583455 0.434078 0.738610 0.556535 0.723899 0.657617 0.949686 0.630610 0.425731 0.909396 0.915752 0.813801 1.012892 0.880235 0.621124 0.777936 0.949038 1.005262 0.952185 0.614326 0.846973 1.007419 0.872588 0.915117 0.990956 0.774796 0.774796 0.906926 0.919052 0.901462 0.746947 0.818648 0.917816 0.949889 0.915283 0.618781 0.951994 0.951531 0.660240 0.652514 0.835643 0.892484 0.917816 0.916178 0.949889 0.506764 0.965399 0.397432 0.315303 0.628601 1.018435 0.978872 0.988592 0.988592 0.627443 1.067148 1.092203 1.090176 0.627443 1.098026 0.954505
0.663525 0.309472 0.359827 0.736189 0.988836 0.759370 0.825188 0.989312 1.067792 0.818648 0.986610 1.061398 0.682293 0.901462 1.039600 0.890456 0.587496 0.967468 0.952185 1.020343 1.019703 1.020205 0.784495 0.948572 1.066294 0.937348 0.988326 1.008101 0.984373 1.014384 0.842033 1.010036 0.959423 0.824505 0.917816 0.942004 0.967468 0.811741 0.823459 0.759644 0.702206 0.652514 0.989905 0.849267 0.924913 0.834400 0.826523 0.340343 0.340343 0.717919 0.579538 0.510679 0.952687 1.032132 1.066097 0.797848 0.952347 1.121555 0.627443 1.087039 0.627443 0.883833 0.942004
0.348713 0.299237 0.829670 0.858425 0.815868 0.849267 0.825188 0.664599 0.948328 0.952590 1.018361 0.913820 0.913820 0.634922 1.019967 0.779828 0.525167 0.913615 0.981740 0.936412 1.019703 0.956851 0.952748 0.721560 1.042341 1.085303 0.989143 0.970709 0.836818 0.948808 0.933437 0.982513 0.960980 0.912047 0.944532 0.407616 0.952185 0.608518 0.494471 0.467874 0.467874 0.475351 0.774394 0.932917 0.875328 0.891480 0.379074 0.951889 0.948328 0.942004 0.749326 0.965399 0.978872 1.053948 0.897215 0.923021 0.627443 0.627443 0.627443 1.050834 0.627443 0.952743 0.914590
0.243053 0.345649 0.829670 1.075911 1.075911 0.815676 0.627443 0.583455 0.977426 0.944532 1.003733 0.984379 1.087815 1.003909 1.014803 0.944191 1.018910 0.784304 0.627443 1.048583 1.014568 0.886264 0.627443 0.627443 0.989180 0.987785 0.989905 0.984584 0.950084 0.952670 0.699075 1.018692 1.018692 0.906596 0.944191 0.952731 1.020179 0.679740 0.478885 0.433712 0.686869 0.676437 1.000451 0.938257 0.836588 0.601866 0.566955 0.752890 0.578197 0.880235 0.829670 0.864187 0.978872 0.752932 0.952270 0.950628 0.888971 0.627443 0.713717 1.050834 1.067744 0.627443 0.878570
0.397237 0.600295 0.253802 0.762253 0.786947 0.729739 0.734505 0.481038 0.909396 0.888177 1.019152 1.065334 1.020205 1.058637 1.066010 1.019689 1.019689 0.627443 0.956851 0.627443 0.635286 0.627443 0.627443 0.627443 0.980380 1.075911 0.874564 0.909396 0.978872 1.002129 1.008101 0.982031 0.921726 0.784149 0.771935 0.866534 0.948328 0.780937 0.478885 0.585479 0.717919 0.744120 0.971326 0.987847 0.694406 0.601866 0.845378 0.857855 0.858704 0.952347 0.713717 0.806470 0.806470 1.017837 0.987667 0.916790 0.627443 0.627443 1.063251 0.627443 0.627443 0.627443 0.943490
0.380914 0.304929 0.890456 0.891480 0.577927 0.487788 0.952185 1.003909 0.956851 1.113712 1.019152 1.043660 1.057610 0.627443 0.971326 1.092040 1.012619 1.012619 0.941165 1.103936 0.909793 1.072951 0.627443 1.085603 0.980380 0.854490 0.756238 1.014845 0.929653 1.007419 0.951994 0.904147 0.749326 0.988817 0.890456 0.879581 0.853169 0.716705 0.478885 0.593154 0.531244 0.826193 0.988177 0.964688 0.964688 0.309101 0.914946 0.916790 0.755045 1.039600 1.044943 1.090775 0.991989 1.086066 0.627443 1.087298 0.627443 0.783450 0.627443 0.627443 0.627443 0.627443 0.896307
0.363819 0.266860 0.829670 0.891480 0.470549 0.926139 0.836588 0.627443 0.627443 0.627443 0.941165 0.974809 0.956851 1.030533 0.627443 0.627443 0.925479 0.627443 1.092305 1.103936 1.062051 0.627443 0.933322 1.092100 1.067201 1.050834 1.062668 1.081503 1.050834 0.818648 1.000451 0.961742 0.886638 1.039600 0.860572 1.008101 1.008101 0.893954 0.533440 0.890456 0.498001 0.612521 0.887969 1.008101 0.667409 0.520464 1.013361 0.950084 0.907888 1.019689 1.018133 1.032132 1.092203 0.790474 0.987407 1.087298 0.627443 0.882986 1.083662 1.019595 1.035282 0.627443 0.627443
0.657238 0.657238 0.548574 0.884378 0.490600 0.469104 1.019689 0.643129 0.972537 0.901950 1.067346 0.627443 0.698031 1.088178 0.955350 0.627443 0.698031 1.079046 0.799990 1.091815 1.091630 1.091815 1.063798 1.064901 1.066649 1.103070 0.627443 0.941165 0.860315 0.860315 1.058437 1.012892 0.941615 0.951994 0.771098 1.013861 0.921726 0.750319 0.829670 0.890456 0.967468 0.944532 0.887969 0.986368 1.005262 0.951531 1.039600 1.064901 0.706527 1.019689 1.039600 1.032132 1.003733 1.014568 1.032132 0.980223 0.980223 0.925479 1.088749 0.911044 0.941165 1.098026 0.627443
0.457047 0.989319 0.835154 0.413479 0.545825 0.927338 1.075911 0.627443 0.901950 1.092062 1.004507 1.011752 1.019595 0.627443 0.955350 1.047404 0.989121 1.043125 0.627443 1.072951 1.064432 1.064432 1.085303 1.028900 1.014803 1.032132 0.952748 1.019152 1.067792 0.966789 1.035224 1.018133 0.510679 0.983013 1.020172 0.870513 0.916790 0.986115 0.865607 0.844972 0.953648 0.927338 1.008101 0.627443 0.917636 0.813801 0.946130 0.978872 0.978872 1.012892 1.085303 0.937806 0.932390 0.988710 0.949008 0.914590 1.090176 0.949889 0.899399 1.008101 0.810263 0.641126 0.886264
0.457047 0.627443 0.478667 0.583455 1.019850 0.986987 1.067661 0.627443 0.627443 1.082340 0.650972 1.066977 1.092100 1.092100 1.090465 1.014568 0.722532 0.949008 0.925479 0.981880 0.627443 0.925479 0.627443 0.939992 1.018361 0.980223 0.978400 1.092040 1.085303 0.977426 0.989180 0.947556 0.842463 0.777936 1.043660 0.945824 1.032132 0.888582 0.943129 0.877168 1.023788 1.023788 0.944865 0.627443 0.650972 1.003909 0.844148 0.807126 0.923021 1.019703 1.086202 1.016838 1.046191 1.067201 1.014845 0.627443 1.020079 0.929084 0.864187 0.873785 0.810263 0.873390 0.917652
0.861809 0.912748 0.423790 0.583199 0.948808 0.948808 1.039600 1.076370 1.064477 0.627443 0.627443 0.854892 0.956851 1.092325 1.050834 0.643129 0.627443 0.784304 0.627443 1.065733 0.999585 1.011752 0.690188 0.627443 1.035282 1.015287 1.059230 0.978872 1.064311 0.985478 1.020252 0.917001 0.988548 0.988548 0.935934 0.993003 1.090176 0.894107 1.065230 0.851796 0.966099 0.937806 1.014845 0.768618 0.909104 1.067508 0.844148 0.546657 1.019689 1.039600 1.018361 0.998700 1.017189 1.067201 1.060170 0.936412 0.988971 1.011805 1.054916 1.066010 1.066010 0.951531 0.967468
0.881496 0.771098 0.502463 0.259412 0.793434 0.667062 1.076487 0.627443 1.081098 0.627443 0.627443 0.627443 0.627443 0.627443 0.627443 0.627443 1.103070 1.080292 1.011234 0.627443 1.064477 0.627443 1.059230 1.057818 0.729403 0.729403 1.018361 1.089382 0.991989 0.943844 1.020252 1.044943 0.885421 1.055849 0.757113 1.085303 1.066294 0.835643 0.624144 1.058811 1.069745 0.698031 1.017189 0.839205 0.627443 0.892484 0.694406 0.231907 0.906926 1.061398 0.922377 1.067792 0.913406 0.913406 1.066425 0.941615 0.800875 0.887541 0.951398 0.986610 0.795878 1.008101 0.717253
0.657617 0.952093 0.528499 1.012892 0.793434 0.907888 0.983935 0.627443 0.989312 1.086481 0.951657 0.627443 1.100997 0.870578 0.627443 0.870578 1.078627 1.078627 0.996066 0.987202 1.092346 1.095493 0.952748 0.984892 1.067726 0.926139 0.312439 0.943129 0.942004 1.002129 1.020179 1.061398 0.876808 0.638210 1.039600 1.083662 1.095493 1.105857 0.702886 1.058637 1.064311 1.088054 0.823519 0.627443 0.627443 0.627443 0.460636 0.233991 0.355871 0.891480 1.059421 1.013861 0.988710 0.982884 1.067744 1.062668 0.715027 0.932390 0.952093 1.065334 0.938257 1.012892 0.707170
0.567209 0.634224 0.461512 0.965399 0.782386 0.949261 0.988592 1.062668 0.988274 1.095493 1.095493 0.627443 0.627443 1.020247 1.073809 1.091815 1.091815 1.016079 1.063928 1.063798 0.745089 1.067389 0.987785 0.902254 0.981481 0.643647 0.761513 0.499755 1.018361 0.921068 0.913406 1.020088 0.525686 0.430172 0.984379 0.930768 0.910782 0.910782 0.807451 0.630362 1.000451 1.018410 1.090775 0.674502 0.984053 1.067201 0.295742 0.425731 0.906926 0.951776 1.059421 1.083662 0.927338 1.058637 0.985478 0.952093 0.829670 0.932390 0.627443 1.066010 1.065334 1.066425 0.755645
0.722876 0.973690 0.973690 0.571223 0.948328 0.296097 0.500252 1.019689 0.986987 1.059988 0.627443 0.698031 0.627443 1.083841 1.092243 1.095493 1.087039 1.067201 1.113712 0.978872 1.018910 0.988836 1.018361 0.876075 0.984379 0.336399 0.568469 0.984379 0.952743 0.952743 0.987477 0.993003 1.015710 0.457047 0.737550 1.019850 1.000451 0.319360 0.250467 0.906926 0.984379 0.903404 1.019354 1.066425 0.917652 0.798235 0.364959 0.981740 0.984379 1.019967 1.065334 0.627443 0.643129 1.013361 1.035282 1.062207 1.020307 1.020307 0.627443 1.051907 0.987785 0.799990 0.984053
0.917281 0.580070 0.749990 0.524895 0.550194 0.511163 0.880235 0.958629 0.986987 1.017189 1.050968 0.627443 0.627443 0.627443 1.098026 1.095493 1.091303 1.017837 0.978872 0.989294 0.988670 0.952347 0.952347 0.989312 0.987064 0.913406 0.906596 0.911555 0.986368 0.862239 1.020079 0.763635 0.890456 0.371881 0.984379 0.765895 0.965399 0.890456 0.792600 0.906926 0.944532 0.865607 0.959423 1.002129 0.447438 0.705877 0.949261 0.380099 1.012358 1.012358 0.884645 0.698031 0.627443 0.627443 0.627443 1.088054 1.092325 1.092325 1.069745 1.058811 1.064788 0.768618 0.914215
0.967468 0.580070 0.761513 0.290079 0.490600 0.616090 0.884378 0.491523 0.942761 1.064432 0.627443 0.627443 0.627443 1.113712 1.113712 1.091530 1.066294 0.996066 1.084344 1.050834 0.978872 0.952347 0.870087 0.856374 0.986610 0.764545 0.981072 1.018410 0.944865 0.984892 0.986987 0.606027 0.723899 0.668100 0.724573 0.988971 0.354869 0.394489 0.493798 0.809037 1.018159 1.018159 1.014384 0.578736 0.246926 0.355871 0.225930 0.865607 0.908506 1.016079 1.019336 0.911803 1.067201 1.062051 0.627443 1.013861 1.059421 1.084663 1.064788 0.627443 0.792147 0.768618 0.627443
0.842033 0.847363 0.885166 0.290079 0.664599 0.810861 0.810861 0.856374 0.422216 1.032132 1.056747 1.091630 1.091303 0.627443 1.105869 1.051907 0.627443 1.020247 0.705874 0.859254 0.989228 0.997796 0.856374 0.856374 0.851796 0.913406 0.497749 0.948572 1.008101 1.010644 0.917816 0.242319 0.832547 0.668100 0.967468 0.349001 0.984379 0.242319 0.943129 0.951111 0.858704 1.008101 0.970709 0.391933 0.430172 0.480182 0.792600 0.342499 1.032132 1.017189 1.092305 1.074462 1.079046 1.085603 1.004507 1.059421 1.092346 1.087298 1.067201 1.062598 0.682345 0.682345 1.095493
