Example_Watersheds/WA_MashelWatershed/DataInputs/o_3_ChemistryPools/Mashel_1990_Pools/NH4_Pool_1.asc
ncols         923
nrows         455
xllcorner     550005.67551598
yllcorner     5180549.8134422
cellsize      30
NODATA_value  -9999
[rows 196 to 223 of 455, columns 756 to 818 of 923]
0.331795 0.303420 0.270470 0.238729 0.237576 0.258976 0.305179 0.198525 0.148526 0.171125 0.156716 0.270470 0.270470 0.179233 0.195548 0.171503 0.148526 0.148526 0.148526 0.170134 0.143127 0.303420 0.264725 0.225103 0.202505 0.195548 0.183120 0.219115 0.210812 0.225487 0.202505 0.231114 0.221850 0.148526 0.201810 0.210812 0.202505 0.204641 0.179854 0.175859 0.224891 0.302494 0.265778 0.306007 0.306007 0.602266 0.650063 0.468167 0.458260 0.797516 0.826014 0.641172 0.826014 0.548750 0.462106 0.881394 0.462106 0.462106 0.670053 0.244785 0.805410 0.196073 0.312240
0.216293 0.303420 0.271381 0.255668 0.295603 0.221850 0.223393 0.182805 0.187616 0.187616 0.171125 0.295280 0.270470 0.191068 0.183120 0.148526 0.187616 0.170039 0.195548 0.170134 0.215337 0.271381 0.296287 0.225299 0.184278 0.183120 0.274511 0.274511 0.238729 0.225487 0.179233 0.187616 0.220331 0.202505 0.148526 0.202505 0.202505 0.202505 0.202505 0.188819 0.155835 0.239591 0.212775 0.265116 0.199309 0.238655 0.278547 0.154428 0.469545 0.980853 0.857150 0.745145 0.537198 0.462106 0.462106 0.583408 0.462106 0.542974 0.226317 0.222585 0.622861 0.273620 0.976078
0.212285 0.179233 0.185507 0.384850 0.271381 0.258976 0.290768 0.271381 0.202505 0.195548 0.202505 0.156716 0.156716 0.191068 0.179233 0.148526 0.268206 0.174362 0.170039 0.179233 0.220721 0.274511 0.296287 0.614372 0.236440 0.303524 0.274492 0.269432 0.238729 0.238729 0.172565 0.179233 0.171430 0.175532 0.219066 0.225487 0.202505 0.155835 0.181270 0.181270 0.271554 0.180416 0.181270 0.184278 0.210274 0.284930 0.205336 0.204256 0.390008 0.650714 0.742519 0.820462 0.462106 0.462106 0.600737 0.217822 0.217822 0.462106 0.720298 0.631570 0.611797 0.417477 0.422414
0.179233 0.179233 0.303420 0.255668 0.275300 0.236124 0.271381 0.221850 0.202505 0.187616 0.148526 0.185507 0.156716 0.179163 0.270470 0.193155 0.195548 0.187616 0.187616 0.274511 0.273468 0.273468 0.304319 0.670237 0.502540 0.632585 0.695113 0.308759 0.242221 0.223031 0.167696 0.184278 0.219066 0.236420 0.173151 0.219066 0.202505 0.195548 0.141988 0.213347 0.187385 0.194368 0.201342 0.213733 0.254125 0.302516 0.191383 0.201701 0.201701 0.155035 0.267629 0.225245 0.986275 0.952214 0.390008 0.435455 0.195515 0.462106 0.636476 0.744805 0.537842 0.417477 0.660305
0.179233 0.179233 0.225478 0.429011 0.268598 0.203197 0.258976 0.221850 0.210812 0.202505 0.219066 0.204000 0.179163 0.179163 0.185514 0.300696 0.549415 0.556037 0.204000 0.273468 0.345659 0.304436 0.547573 0.615634 0.790059 0.695113 0.525645 0.487824 0.384850 0.222942 0.287561 0.221662 0.243495 0.236420 0.161661 0.183120 0.184278 0.417477 0.201342 0.197860 0.187385 0.313068 0.241436 0.186819 0.443295 0.340717 0.311403 0.359144 0.177786 0.212865 0.130928 0.193238 0.244557 0.275300 0.202850 0.284268 0.211356 0.652724 0.986251 0.553379 0.749267 0.865543 0.820237
0.285508 0.164116 0.269432 0.606450 0.308759 0.274511 0.274511 0.265243 0.295603 0.242544 0.221850 0.173151 0.202505 0.203086 0.270338 0.264181 0.293638 0.462106 0.270470 0.273468 0.536300 0.728034 0.658082 0.670237 0.624007 0.261775 0.525645 0.727816 0.273120 0.357325 0.304765 0.290872 0.202909 0.202909 0.300220 0.182401 0.179233 0.559769 0.809153 0.264725 0.255174 0.318179 0.246356 0.212968 0.241436 0.288723 0.291189 0.243495 0.223402 0.268609 0.223807 0.367088 0.193752 0.138417 0.178303 0.631570 0.977409 0.462106 0.530599 0.294203 0.294203 0.515815 0.815526
0.402807 0.282848 0.487824 0.444834 0.275300 0.275300 0.275300 0.307665 0.237576 0.201326 0.202505 0.202505 0.202505 0.231114 0.210812 0.411115 0.462106 0.270338 0.271381 0.472270 0.654268 0.349854 0.670237 0.532276 0.620518 0.620518 0.261775 0.303420 0.954033 0.303111 0.204000 0.368800 0.308759 0.269642 0.518773 0.260808 0.260935 0.895998 0.280636 0.259919 0.468167 0.276596 0.324729 0.203438 0.489058 0.292949 0.259541 0.353628 0.203232 0.533914 0.235318 0.955775 0.970600 0.970600 0.239697 0.626251 0.237641 0.757752 0.934850 0.629492 0.510693 0.807017 0.462106
0.790059 0.687382 0.652724 0.508578 0.203197 0.295280 0.303420 0.274511 0.215785 0.219066 0.219066 0.202505 0.202505 0.219066 0.221850 0.264181 0.462106 0.300696 0.300696 0.284583 0.269432 0.312240 0.772965 0.547573 0.336327 0.244450 0.546940 0.261167 0.609157 0.213709 0.414911 0.275206 0.587244 0.728034 0.626251 0.446364 0.636476 0.500874 0.609157 0.226079 0.251216 0.165034 0.367088 0.544313 0.489058 0.225860 0.234168 0.183150 0.262303 0.281387 0.420865 0.749267 0.857150 0.689113 0.329475 0.955775 0.554426 0.806232 0.934850 0.548197 0.716264 0.462106 0.462106
0.462106 0.548750 0.762474 0.877548 0.258332 0.295280 0.303420 0.326327 0.276770 0.219066 0.219066 0.179233 0.148526 0.225299 0.219066 0.179233 0.236585 0.154478 0.331795 0.472270 0.810961 0.587244 0.737837 0.547573 0.360046 0.226294 0.331795 0.377068 0.613093 0.318179 0.414911 0.638323 0.519740 0.550596 0.517796 0.269432 0.632585 0.632585 0.541532 0.415952 0.376263 0.296102 0.401543 0.521645 0.602266 0.539347 0.197569 0.209780 0.217540 0.804551 0.955775 0.972554 0.772965 0.959025 0.971980 0.929730 0.693158 0.485211 0.972554 0.811982 0.597933 0.462106 0.485211
0.462106 0.670237 0.670237 0.730540 0.788688 0.504233 0.318179 0.303420 0.486580 0.158494 0.280992 0.183120 0.189344 0.258332 0.270470 0.201319 0.236585 0.179163 0.310572 0.618109 0.825321 0.793952 0.289132 0.450897 0.161661 0.190203 0.167858 0.403432 0.785836 0.318179 0.318179 0.498587 0.296925 0.606450 0.626251 0.551738 0.649396 0.670237 0.658870 0.251513 0.327120 0.253448 0.285501 0.201326 0.335582 0.800751 0.208233 0.232092 0.521645 0.462106 0.606514 0.747054 0.462106 0.462106 0.462106 0.986394 0.462106 0.462106 0.749267 0.785836 0.462106 0.583408 0.462106
0.973142 0.771192 0.803656 0.480219 0.597933 0.265116 0.769382 0.532276 0.486580 0.292117 0.275300 0.270470 0.240690 0.303420 0.191068 0.167434 0.166328 0.408257 0.472270 0.536300 0.563435 0.504233 0.504233 0.420865 0.228447 0.222942 0.179163 0.203105 0.291588 0.462106 0.700966 0.247846 0.532276 0.606450 0.489058 0.404052 0.389286 0.284592 0.268250 0.210644 0.490283 0.177078 0.165396 0.195614 0.553907 0.970600 0.272772 0.214352 0.521645 0.486580 0.986052 0.982692 0.462106 0.462106 0.462106 0.462106 0.725492 0.553907 0.986275 0.301608 0.462106 0.462106 0.462106
0.670237 0.670237 0.693158 0.588821 0.495085 0.670237 0.873624 0.500874 0.557911 0.645047 0.486580 0.303420 0.300696 0.300696 0.300696 0.264181 0.869623 0.462106 0.223458 0.226533 0.640103 0.641817 0.480219 0.308759 0.388559 0.282848 0.179163 0.203105 0.204256 0.629492 0.544313 0.772965 0.679840 0.465384 0.489058 0.404052 0.404052 0.318179 0.287561 0.269642 0.159202 0.177078 0.266314 0.414383 0.226223 0.649396 0.519869 0.767535 0.433858 0.274672 0.784355 0.606514 0.462106 0.462106 0.589185 0.462106 0.542974 0.800751 0.802724 0.675829 0.763731 0.912499 0.641172
0.557911 0.744805 0.419921 0.594962 0.356408 0.792691 0.792691 0.487824 0.670237 0.670237 0.287905 0.615634 0.211742 0.264174 0.300696 0.497430 0.512771 0.557911 0.166251 0.645047 0.640103 0.695113 0.340717 0.450897 0.187616 0.179233 0.179163 0.179163 0.319840 0.655321 0.462106 0.580773 0.927053 0.611797 0.611797 0.487824 0.616880 0.284592 0.288387 0.294616 0.266314 0.381020 0.580773 0.500874 0.437042 0.663652 0.429011 0.496262 0.459704 0.218602 0.566079 0.462106 0.462106 0.848446 0.566079 0.462106 0.462106 0.462106 0.462106 0.774027 0.656776 0.656776 0.959025
0.557911 0.632585 0.812438 0.800751 0.557911 0.572311 0.465384 0.635528 0.642650 0.563435 0.647296 0.452388 0.249952 0.300696 0.156716 0.411115 0.572311 0.462106 0.462106 0.790059 0.790059 0.250992 0.358237 0.179163 0.270470 0.179163 0.179163 0.179163 0.173779 0.173779 0.552842 0.663652 0.659239 0.430636 0.465384 0.591925 0.645047 0.287561 0.172557 0.226153 0.270470 0.282422 0.247879 0.310156 0.536300 0.376263 0.215614 0.275901 0.946287 0.810961 0.462106 0.462106 0.462106 0.462106 0.462106 0.485211 0.462106 0.462106 0.462106 0.462106 0.966905 0.462106 0.810961
0.557911 0.609157 0.787280 0.792691 0.529747 0.411672 0.450897 0.390726 0.742519 0.486580 0.341435 0.670237 0.303420 0.252458 0.310572 0.409415 0.948340 0.508316 0.508316 0.508316 0.462106 0.478918 0.265243 0.250992 0.264181 0.303420 0.300696 0.252458 0.288484 0.374639 0.169043 0.663652 0.798631 0.611797 0.537842 0.763731 0.367088 0.179233 0.172557 0.315152 0.226043 0.231966 0.151796 0.248914 0.265116 0.376263 0.226692 0.462106 0.619322 0.433858 0.172282 0.944155 0.968909 0.462106 0.462106 0.537198 0.462106 0.698935 0.791356 0.462106 0.508316 0.462106 0.462106
0.834805 0.557911 0.557911 0.700966 0.156716 0.171125 0.266857 0.550596 0.512771 0.452388 0.341435 0.593452 0.542242 0.300696 0.264174 0.214756 0.300696 0.384094 0.420395 0.799709 0.557911 0.292817 0.266509 0.408257 0.264181 0.497430 0.204256 0.158613 0.151825 0.264181 0.508578 0.695113 0.791356 0.557911 0.572311 0.763731 0.689113 0.243495 0.243495 0.192734 0.193765 0.196086 0.195273 0.275300 0.563435 0.209308 0.530599 0.619322 0.861386 0.219244 0.268609 0.589185 0.415952 0.589185 0.525645 0.779803 0.963316 0.629619 0.664277 0.839430 0.462106 0.652724 0.462106
0.556037 0.654268 0.557911 0.557911 0.219244 0.156716 0.179163 0.472270 0.279768 0.512771 0.276249 0.266509 0.249433 0.226294 0.156515 0.200047 0.200047 0.296227 0.159249 0.278681 0.307251 0.292817 0.250992 0.443295 0.227543 0.211742 0.211742 0.217926 0.170302 0.288484 0.288484 0.508578 0.288801 0.927053 0.763731 0.759782 0.557911 0.548197 0.271505 0.173721 0.201342 0.142606 0.175985 0.187544 0.317342 0.503123 0.166157 0.757752 0.473619 0.971329 0.619322 0.776403 0.594961 0.238283 0.798631 0.762474 0.963316 0.600737 0.600737 0.664277 0.462106 0.479435 0.984166
0.505334 0.503123 0.649396 0.219877 0.290359 0.204256 0.244450 0.250992 0.292817 0.331025 0.353628 0.293228 0.303420 0.295280 0.295280 0.300696 0.165128 0.188429 0.403432 0.250992 0.292817 0.404052 0.279768 0.279768 0.277986 0.243495 0.179163 0.197296 0.173779 0.151825 0.229339 0.416973 0.377068 0.387090 0.769382 0.759782 0.305179 0.698935 0.568810 0.212968 0.168556 0.176438 0.175985 0.184630 0.209465 0.213733 0.216629 0.209465 0.200181 0.971329 0.446364 0.607812 0.563435 0.625138 0.177700 0.427376 0.899454 0.970600 0.594961 0.502540 0.594961 0.462106 0.462106
0.252458 0.300696 0.413313 0.357325 0.179163 0.181736 0.477608 0.291588 0.358237 0.310508 0.512771 0.497430 0.300696 0.202296 0.295280 0.300696 0.229339 0.165128 0.271677 0.241200 0.292817 0.224589 0.631570 0.404052 0.281387 0.148526 0.185514 0.176438 0.173779 0.156716 0.156716 0.288484 0.215523 0.331795 0.360046 0.285066 0.182401 0.629492 0.373820 0.239591 0.143127 0.151828 0.151828 0.203817 0.257511 0.222764 0.790059 0.533099 0.310192 0.512771 0.490283 0.215101 0.234032 0.170565 0.199710 0.539347 0.698058 0.954033 0.733593 0.698935 0.462106 0.462106 0.808478
0.252458 0.289157 0.224052 0.174362 0.155679 0.262258 0.224589 0.224589 0.224589 0.291588 0.310508 0.307665 0.278140 0.211987 0.295280 0.300696 0.165128 0.229339 0.359144 0.535514 0.292817 0.280418 0.269811 0.512771 0.211258 0.191068 0.219678 0.185507 0.156716 0.156716 0.181363 0.196524 0.179163 0.185507 0.204000 0.204000 0.173779 0.183120 0.532276 0.220576 0.180817 0.192734 0.188857 0.262967 0.253079 0.686059 0.659239 0.808685 0.298861 0.409986 0.403432 0.151936 0.187364 0.174877 0.279361 0.620518 0.966905 0.986406 0.537198 0.985274 0.462106 0.781284 0.781284
0.156716 0.270470 0.546298 0.185443 0.211672 0.304765 0.256224 0.226745 0.216403 0.224589 0.237576 0.292817 0.175532 0.218116 0.300696 0.331795 0.195520 0.165128 0.263722 0.277219 0.502004 0.224589 0.277219 0.443295 0.219066 0.202296 0.179163 0.179163 0.204256 0.270338 0.293365 0.270338 0.191191 0.204000 0.148526 0.213347 0.184278 0.201342 0.197296 0.220576 0.155284 0.226223 0.262967 0.270449 0.469545 0.809153 0.659239 0.369649 0.392849 0.283448 0.216397 0.175385 0.187364 0.174877 0.210728 0.251346 0.137161 0.820237 0.739369 0.982692 0.986017 0.623843 0.652724
0.497430 0.262329 0.409986 0.175765 0.384094 0.518773 0.224589 0.224589 0.216403 0.279768 0.298572 0.443295 0.227543 0.292533 0.331795 0.331795 0.300696 0.197296 0.263722 0.331795 0.290593 0.572311 0.323115 0.264174 0.497430 0.156716 0.224344 0.295280 0.289541 0.179163 0.156716 0.221557 0.191191 0.148526 0.148526 0.161661 0.289541 0.199472 0.179932 0.197599 0.216124 0.161141 0.246356 0.170932 0.686059 0.954033 0.980853 0.628428 0.280070 0.223651 0.263640 0.215444 0.222933 0.187364 0.190267 0.215614 0.491498 0.861386 0.857150 0.612290 0.618066 0.675829 0.984166
0.433858 0.274163 0.444834 0.402177 0.384094 0.191943 0.264768 0.172442 0.226142 0.244271 0.298572 0.443295 0.408257 0.287551 0.223637 0.185507 0.156716 0.156716 0.204000 0.403432 0.403432 0.593452 0.670237 0.226644 0.295280 0.270470 0.156716 0.156716 0.179163 0.148526 0.179163 0.179163 0.202296 0.170302 0.201342 0.180817 0.344965 0.210088 0.215615 0.215615 0.164411 0.209295 0.178224 0.226533 0.686059 0.217508 0.624007 0.554935 0.283889 0.477608 0.187544 0.174892 0.296925 0.177486 0.257571 0.197296 0.226006 0.912499 0.805410 0.673475 0.514092 0.462106 0.462106
0.609157 0.430636 0.435455 0.268598 0.268598 0.212104 0.295280 0.183460 0.159456 0.512771 0.512771 0.298572 0.374639 0.181080 0.295280 0.164287 0.149000 0.179163 0.199540 0.593452 0.655823 0.655823 0.156716 0.156716 0.187616 0.179163 0.187616 0.181270 0.148526 0.181270 0.181270 0.181270 0.185507 0.210812 0.173779 0.196600 0.189344 0.381796 0.654803 0.486580 0.176837 0.232864 0.250184 0.226533 0.211560 0.216403 0.955775 0.307665 0.616880 0.310508 0.187544 0.210828 0.219251 0.177008 0.166939 0.210274 0.341435 0.912499 0.759782 0.759782 0.906132 0.710487 0.462106
0.609157 0.449395 0.440187 0.280992 0.531442 0.269294 0.215523 0.226745 0.226745 0.279768 0.292817 0.328694 0.294616 0.270449 0.212823 0.211397 0.170757 0.263722 0.331795 0.554426 0.497430 0.497430 0.156716 0.211553 0.211553 0.182805 0.139704 0.195548 0.139704 0.205403 0.195548 0.148526 0.214821 0.139704 0.181270 0.213347 0.189344 0.290593 0.606450 0.785836 0.606450 0.196070 0.303938 0.346349 0.301608 0.272772 0.587244 0.367947 0.757752 0.307665 0.179879 0.167445 0.177078 0.216579 0.212644 0.175765 0.290768 0.687382 0.673475 0.673475 0.462106 0.716264 0.525645
0.695113 0.449395 0.226575 0.639221 0.324729 0.253130 0.224771 0.164542 0.226745 0.223942 0.243311 0.318179 0.497430 0.273620 0.171125 0.211397 0.173763 0.179163 0.264181 0.387827 0.427376 0.481510 0.202296 0.209617 0.139704 0.182805 0.181270 0.184986 0.139704 0.161661 0.183120 0.181270 0.181270 0.183120 0.196488 0.185507 0.191068 0.185507 0.287974 0.810961 0.462106 0.236440 0.344965 0.344965 0.535514 0.301608 0.580773 0.241436 0.174252 0.182321 0.267553 0.198779 0.257552 0.181363 0.550010 0.217508 0.973142 0.778066 0.673475 0.725492 0.462106 0.462106 0.462106
0.646563 0.414383 0.265464 0.594962 0.209938 0.226539 0.209527 0.283195 0.283195 0.399609 0.266509 0.331025 0.283448 0.253178 0.179163 0.187616 0.222803 0.185507 0.481510 0.648013 0.203105 0.199386 0.179163 0.196814 0.178599 0.148526 0.213347 0.227397 0.215929 0.227397 0.221891 0.278681 0.204000 0.211672 0.198652 0.238748 0.238748 0.296078 0.156716 0.252954 0.657228 0.583408 0.349854 0.190273 0.289628 0.291702 0.225069 0.241436 0.181074 0.364484 0.173738 0.221930 0.180794 0.532276 0.550010 0.257877 0.776403 0.566079 0.704711 0.727816 0.462106 0.462106 0.462106
0.624007 0.638323 0.424078 0.405278 0.302697 0.224771 0.291287 0.223815 0.302697 0.221377 0.636476 0.476288 0.295280 0.187616 0.186658 0.191972 0.156716 0.300696 0.639221 0.427376 0.201829 0.179163 0.182805 0.179163 0.179163 0.179163 0.213347 0.179163 0.179163 0.270470 0.156716 0.300696 0.179163 0.185507 0.293260 0.303420 0.304765 0.184278 0.179163 0.257894 0.657228 0.624007 0.347938 0.224947 0.164367 0.172897 0.160728 0.241609 0.141370 0.290406 0.288568 0.185275 0.209295 0.236212 0.570569 0.182237 0.572311 0.939658 0.952214 0.560303 0.462106 0.462106 0.525645
