Example_Watersheds/WA_MashelWatershed/DataInputs/o_3_ChemistryPools/Mashel_1990_Pools/NH4_Pool_3.asc
ncols         923
nrows         455
xllcorner     550005.67551598
yllcorner     5180549.8134422
cellsize      30
NODATA_value  -9999
[rows 168 to 195 of 455, columns 315 to 377 of 923]
0.025999 0.042573 0.054259 0.055423 0.025999 0.025999 0.055391 0.054547 0.050065 0.024076 0.012153 0.011882 0.012410 0.009756 0.011771 0.033368 0.009375 0.012857 0.010974 0.012736 0.009770 0.011243 0.010769 0.012886 0.008240 0.011366 0.008920 0.008920 0.010157 0.009632 0.009551 0.012335 0.013274 0.012671 0.014851 0.012628 0.011982 0.009782 0.010133 0.011543 0.015759 0.015759 0.025999 0.025999 0.025999 0.025999 0.025999 0.052012 0.025999 0.025999 0.025999 0.025999 0.025999 0.025999 0.025999 0.053096 0.053096 0.025999 0.025999 0.025999 0.025999 0.023075 0.048779
0.040092 0.025999 0.025999 0.052012 0.025999 0.025999 0.025999 0.028924 0.028924 0.027949 0.025999 0.025999 0.015700 0.025955 0.030874 0.049005 0.011507 0.012303 0.022170 0.012155 0.010472 0.010717 0.013889 0.008240 0.009489 0.008920 0.010638 0.009523 0.009483 0.009162 0.011920 0.010023 0.009774 0.011644 0.011644 0.016451 0.012483 0.010346 0.010454 0.011642 0.009602 0.030532 0.025999 0.025999 0.025999 0.025999 0.028599 0.025999 0.025999 0.025999 0.025999 0.025999 0.025999 0.025999 0.025999 0.025999 0.025999 0.025999 0.025999 0.025999 0.025999 0.025999 0.025999
0.036073 0.025999 0.025999 0.025999 0.025999 0.029574 0.055391 0.025999 0.025999 0.025999 0.041241 0.025999 0.025999 0.049442 0.030874 0.022131 0.020368 0.010251 0.026944 0.012532 0.008126 0.010717 0.011041 0.008799 0.009655 0.010256 0.010256 0.011675 0.011646 0.008920 0.011515 0.009889 0.025999 0.009814 0.009804 0.013029 0.008053 0.009568 0.010901 0.009380 0.038998 0.052012 0.025999 0.050264 0.037373 0.025999 0.025999 0.025999 0.052163 0.025999 0.025999 0.025999 0.031524 0.025999 0.025999 0.025999 0.025999 0.025999 0.025999 0.025999 0.025999 0.025999 0.025999
0.036073 0.037373 0.025999 0.025999 0.025999 0.025999 0.035098 0.025999 0.025999 0.025999 0.025999 0.051366 0.025999 0.025999 0.025999 0.025999 0.051534 0.040966 0.014693 0.025999 0.012804 0.042607 0.015994 0.009533 0.010121 0.007957 0.010101 0.010674 0.010966 0.010392 0.008008 0.009794 0.012096 0.012227 0.011543 0.010374 0.010943 0.012589 0.008583 0.010210 0.026324 0.028599 0.025999 0.025999 0.028599 0.025999 0.025999 0.025999 0.025999 0.025999 0.053096 0.025999 0.025999 0.025999 0.025999 0.025999 0.025999 0.025999 0.028599 0.032174 0.025999 0.025999 0.025999
0.025999 0.025999 0.025999 0.028599 0.025999 0.054939 0.043548 0.039323 0.025999 0.025999 0.025999 0.025999 0.052310 0.040391 0.025999 0.025999 0.025999 0.040825 0.011964 0.016407 0.010448 0.022321 0.011126 0.010096 0.010849 0.010862 0.007982 0.011744 0.011528 0.011178 0.012422 0.014386 0.008877 0.008711 0.007629 0.009300 0.016208 0.014166 0.014166 0.010372 0.009533 0.030549 0.025999 0.025999 0.025999 0.025999 0.025999 0.052310 0.049225 0.025999 0.025999 0.033149 0.025999 0.025999 0.025999 0.025999 0.025999 0.025999 0.052310 0.025999 0.025999 0.025999 0.025999
0.025999 0.025999 0.025999 0.025999 0.025999 0.055414 0.025999 0.025999 0.025999 0.025999 0.025999 0.025999 0.025999 0.025999 0.026324 0.025999 0.032573 0.009377 0.011964 0.013724 0.013682 0.025999 0.010536 0.029570 0.008552 0.010862 0.007982 0.011646 0.010406 0.011128 0.011128 0.011676 0.009451 0.011543 0.012189 0.008167 0.011598 0.011123 0.008167 0.011005 0.034448 0.029899 0.025999 0.025999 0.025999 0.025999 0.025999 0.025999 0.025999 0.025999 0.025999 0.053096 0.025999 0.025999 0.025999 0.025999 0.025999 0.025999 0.025999 0.025999 0.025999 0.025999 0.025999
0.025999 0.045069 0.025999 0.025999 0.025999 0.025999 0.025999 0.025999 0.025999 0.025999 0.025999 0.025999 0.025999 0.025999 0.025999 0.025999 0.010834 0.012694 0.010052 0.012422 0.019859 0.014298 0.012884 0.012884 0.009916 0.015620 0.018680 0.012106 0.010177 0.009822 0.011543 0.010851 0.011543 0.012016 0.007814 0.014386 0.008184 0.010224 0.009887 0.012386 0.018014 0.025999 0.052310 0.025999 0.025999 0.025999 0.025999 0.049654 0.025999 0.025999 0.025999 0.025999 0.025999 0.025999 0.025999 0.025999 0.025999 0.025999 0.025999 0.025999 0.025999 0.025999 0.015475
0.025999 0.025999 0.025999 0.036924 0.025999 0.025999 0.033198 0.025999 0.025999 0.025999 0.025999 0.025999 0.025999 0.025999 0.049862 0.025999 0.025999 0.025999 0.025999 0.010571 0.010326 0.011423 0.014298 0.009452 0.012271 0.011433 0.010019 0.012170 0.010331 0.010970 0.008727 0.010308 0.009621 0.010624 0.012245 0.009879 0.011543 0.009670 0.010803 0.009475 0.019096 0.050649 0.050649 0.041241 0.025999 0.025999 0.025999 0.025999 0.025999 0.025999 0.025999 0.025999 0.025999 0.025999 0.025999 0.025999 0.025999 0.025999 0.025999 0.025999 0.025999 0.025999 0.025999
0.025999 0.025999 0.025999 0.028599 0.025999 0.025999 0.028599 0.028599 0.025999 0.025999 0.025999 0.025999 0.025999 0.025999 0.025999 0.025999 0.025999 0.022246 0.010096 0.010042 0.007196 0.011746 0.014298 0.008167 0.011964 0.025999 0.009497 0.010359 0.012261 0.010970 0.009451 0.009963 0.011067 0.012258 0.010902 0.010902 0.011866 0.011337 0.007369 0.012721 0.012326 0.026269 0.033198 0.025999 0.025999 0.025999 0.025999 0.025999 0.025999 0.025999 0.025999 0.025999 0.025999 0.025999 0.025999 0.025999 0.053631 0.034773 0.025999 0.025999 0.025999 0.025999 0.025999
0.025999 0.025999 0.025999 0.025999 0.025999 0.025999 0.053096 0.025999 0.025999 0.025999 0.048779 0.029717 0.025999 0.025999 0.025999 0.025999 0.025999 0.034773 0.008616 0.008799 0.011597 0.012404 0.011033 0.010379 0.009469 0.020066 0.011193 0.011193 0.012393 0.010101 0.011543 0.010206 0.009974 0.009769 0.011675 0.011286 0.009940 0.009588 0.009963 0.013386 0.014252 0.022575 0.025999 0.028599 0.025999 0.025999 0.025999 0.025999 0.025999 0.025999 0.025999 0.025999 0.025999 0.053096 0.025999 0.025999 0.025999 0.025999 0.052310 0.025999 0.025999 0.025999 0.025999
0.025999 0.025999 0.025999 0.053096 0.045340 0.025999 0.025999 0.025999 0.025999 0.025999 0.028924 0.025999 0.025999 0.025999 0.025999 0.025999 0.025999 0.025999 0.016451 0.043873 0.030607 0.011543 0.015008 0.008167 0.008839 0.011361 0.010229 0.010113 0.011766 0.014993 0.025999 0.025999 0.010676 0.010133 0.010965 0.011543 0.009352 0.009782 0.010359 0.015309 0.012219 0.009157 0.025999 0.025999 0.025999 0.025999 0.025999 0.025999 0.025999 0.025999 0.025999 0.025999 0.032174 0.025999 0.025999 0.025999 0.025999 0.025999 0.028599 0.025999 0.025999 0.025999 0.025999
0.025999 0.025999 0.033149 0.025999 0.025999 0.052310 0.025999 0.044724 0.014848 0.025999 0.025999 0.025999 0.036986 0.052310 0.052310 0.049862 0.052310 0.025999 0.025999 0.055391 0.016762 0.008092 0.009380 0.007897 0.010159 0.014607 0.010229 0.010627 0.011048 0.025714 0.025999 0.025999 0.010653 0.010133 0.009094 0.011228 0.010467 0.008390 0.010331 0.010331 0.008179 0.015759 0.012788 0.016095 0.025999 0.025999 0.025999 0.025999 0.028599 0.025999 0.025999 0.025999 0.025999 0.025999 0.025999 0.025999 0.055007 0.025999 0.025999 0.025999 0.025999 0.025999 0.025999
0.025999 0.025999 0.025999 0.025999 0.025999 0.025999 0.053096 0.025999 0.025999 0.025999 0.022948 0.025999 0.036986 0.025999 0.025999 0.025999 0.028599 0.025999 0.025999 0.055391 0.009450 0.010105 0.012807 0.012299 0.025999 0.025999 0.025999 0.025999 0.025999 0.025999 0.025999 0.025999 0.025999 0.011159 0.025999 0.008920 0.012149 0.009352 0.011849 0.010077 0.012247 0.008167 0.012672 0.009603 0.025999 0.025999 0.025999 0.025999 0.025999 0.025999 0.025999 0.034237 0.025999 0.031849 0.036723 0.025999 0.025999 0.025999 0.025999 0.025999 0.025999 0.025999 0.025999
0.025999 0.025999 0.029574 0.019963 0.025999 0.025999 0.025999 0.025999 0.025999 0.025999 0.025999 0.025999 0.025999 0.025999 0.025999 0.025999 0.025999 0.025999 0.025999 0.025999 0.047588 0.014127 0.015316 0.025999 0.025999 0.025999 0.025999 0.025999 0.025999 0.025999 0.025999 0.025999 0.025999 0.025999 0.025999 0.025999 0.009380 0.009279 0.010408 0.010676 0.009382 0.011159 0.025999 0.012523 0.011407 0.028037 0.030212 0.025999 0.011758 0.025999 0.025999 0.025999 0.008051 0.052012 0.026113 0.010542 0.012757 0.025999 0.025999 0.012796 0.029157 0.025999 0.011193
0.025999 0.025999 0.045413 0.025999 0.025999 0.025999 0.025999 0.025999 0.028599 0.052310 0.025999 0.044724 0.025999 0.025999 0.025999 0.025999 0.025999 0.025999 0.025999 0.050264 0.025999 0.025999 0.025999 0.025999 0.025999 0.025999 0.025999 0.025999 0.025999 0.025999 0.025999 0.025999 0.025999 0.025999 0.010375 0.025999 0.009781 0.009279 0.014738 0.008167 0.014480 0.011159 0.009741 0.009741 0.011644 0.010647 0.009487 0.012408 0.011644 0.011159 0.012100 0.012408 0.011381 0.011282 0.009896 0.011117 0.010254 0.047081 0.013210 0.009055 0.010729 0.009482 0.009057
0.044962 0.025999 0.008816 0.025999 0.025999 0.053212 0.025999 0.025999 0.025999 0.025999 0.035423 0.033149 0.025999 0.025999 0.033149 0.025999 0.025999 0.025999 0.028599 0.025999 0.025999 0.025999 0.025999 0.025999 0.025999 0.025999 0.025999 0.025999 0.025999 0.025999 0.025999 0.012389 0.014677 0.015264 0.012628 0.013053 0.013053 0.011895 0.017355 0.011392 0.010107 0.009835 0.011159 0.010647 0.010262 0.008584 0.011644 0.011644 0.011159 0.011159 0.010133 0.011644 0.011488 0.010090 0.012357 0.010290 0.010267 0.010524 0.008352 0.010379 0.010351 0.012010 0.008221
0.025999 0.032292 0.025468 0.012422 0.032387 0.054423 0.045823 0.025999 0.025999 0.025999 0.025999 0.053096 0.025999 0.025999 0.025999 0.044198 0.025999 0.025999 0.025999 0.025999 0.025999 0.025999 0.025999 0.025999 0.025999 0.025999 0.025999 0.025999 0.025999 0.025999 0.025999 0.025999 0.016620 0.011638 0.009157 0.009157 0.009157 0.014018 0.009157 0.014460 0.009508 0.009781 0.011644 0.010299 0.012648 0.010133 0.011222 0.011394 0.011159 0.009587 0.010653 0.010333 0.010653 0.009629 0.010864 0.010864 0.008914 0.010212 0.011592 0.011346 0.009534 0.009733 0.009489
0.025999 0.023106 0.010770 0.013530 0.010196 0.021606 0.014611 0.025999 0.027907 0.025999 0.025999 0.025999 0.033697 0.025999 0.025999 0.025999 0.025999 0.025999 0.025999 0.025999 0.025999 0.025999 0.025999 0.025999 0.025999 0.036073 0.023167 0.011329 0.012751 0.016394 0.025999 0.025999 0.011592 0.011882 0.009157 0.013428 0.009157 0.009157 0.017494 0.012118 0.009157 0.009781 0.010901 0.011159 0.011488 0.011159 0.010257 0.011159 0.011159 0.011159 0.011488 0.010653 0.011388 0.010653 0.008914 0.008914 0.009354 0.011444 0.010155 0.008046 0.009733 0.011716 0.010207
0.045479 0.008997 0.010373 0.010267 0.011178 0.012848 0.044524 0.025999 0.025999 0.025999 0.041273 0.025999 0.025999 0.032824 0.025999 0.025999 0.025999 0.025999 0.025999 0.025999 0.025999 0.025999 0.025999 0.025999 0.025999 0.025999 0.034664 0.011329 0.012106 0.013779 0.025999 0.034799 0.012611 0.012361 0.012509 0.025999 0.014611 0.012371 0.017378 0.011288 0.011288 0.011356 0.010337 0.011136 0.011159 0.011159 0.011159 0.011644 0.011159 0.011159 0.009505 0.010620 0.010653 0.009782 0.011528 0.010037 0.009090 0.007814 0.009533 0.009633 0.010899 0.011346 0.009646
0.028599 0.012036 0.010255 0.017639 0.009998 0.009998 0.016485 0.025999 0.025999 0.025999 0.025999 0.026649 0.034123 0.032824 0.009677 0.022575 0.025999 0.025999 0.025999 0.025999 0.025999 0.025999 0.025999 0.025999 0.025999 0.025999 0.025999 0.012652 0.013158 0.014760 0.015264 0.008937 0.008937 0.013808 0.008937 0.011930 0.014829 0.012811 0.026113 0.038023 0.010953 0.010358 0.009963 0.011524 0.009842 0.009380 0.009845 0.011159 0.011159 0.011159 0.010901 0.010124 0.009749 0.009680 0.008914 0.007974 0.009353 0.007217 0.009502 0.009633 0.011167 0.010018 0.010157
0.025999 0.025999 0.016860 0.013694 0.012672 0.017639 0.030040 0.039973 0.025999 0.025999 0.025999 0.025999 0.046287 0.028881 0.017781 0.015627 0.037048 0.025999 0.025999 0.025999 0.025999 0.025999 0.025999 0.025999 0.025999 0.025999 0.025999 0.046287 0.026269 0.036489 0.013594 0.015660 0.012475 0.012157 0.011392 0.025999 0.025999 0.025999 0.026113 0.012712 0.017639 0.008167 0.012672 0.014738 0.009781 0.009380 0.008167 0.008167 0.011644 0.011938 0.008689 0.011758 0.011758 0.011794 0.009587 0.012100 0.010009 0.010063 0.009483 0.009861 0.010717 0.008138 0.011525
0.025999 0.012698 0.011225 0.013167 0.014493 0.014738 0.025999 0.032480 0.027949 0.025999 0.033149 0.025999 0.025999 0.032174 0.025999 0.036688 0.025999 0.025999 0.025999 0.025999 0.025999 0.025999 0.025999 0.025999 0.025999 0.025999 0.025999 0.013578 0.021854 0.034011 0.011048 0.015660 0.015462 0.009333 0.012721 0.051534 0.025999 0.014677 0.035181 0.015775 0.015917 0.014738 0.016148 0.015562 0.015562 0.010943 0.012235 0.012151 0.008167 0.011159 0.010448 0.011381 0.012100 0.010901 0.009172 0.009023 0.010166 0.010298 0.010764 0.009058 0.011388 0.010267 0.010393
0.022782 0.008923 0.007377 0.013167 0.014981 0.015878 0.027300 0.025999 0.025999 0.025999 0.025999 0.025999 0.025999 0.025999 0.025999 0.025999 0.025999 0.025999 0.025999 0.025999 0.025999 0.025999 0.025999 0.025999 0.025999 0.029950 0.012742 0.034011 0.035530 0.025999 0.025999 0.025999 0.016716 0.028164 0.041241 0.025999 0.025999 0.015745 0.016336 0.014670 0.012751 0.011154 0.010495 0.011187 0.011322 0.016148 0.008167 0.011571 0.009781 0.011644 0.011644 0.009368 0.010133 0.008167 0.014225 0.009675 0.009096 0.011090 0.008914 0.007217 0.009633 0.010653 0.010185
0.021854 0.021854 0.009775 0.010267 0.012733 0.014611 0.032196 0.016368 0.025999 0.025999 0.025999 0.025999 0.025999 0.025999 0.025999 0.025999 0.025999 0.025999 0.029249 0.054423 0.044523 0.051534 0.055423 0.033149 0.025999 0.025999 0.016394 0.034011 0.025999 0.025999 0.036802 0.025999 0.011460 0.009800 0.025999 0.025999 0.022948 0.014868 0.012326 0.012783 0.011154 0.013676 0.010495 0.009334 0.014035 0.008167 0.011286 0.011128 0.010454 0.011644 0.009781 0.008167 0.007989 0.009781 0.014225 0.011159 0.011159 0.008167 0.011793 0.009130 0.012683 0.010653 0.011444
0.025999 0.016578 0.011940 0.012190 0.014245 0.012672 0.032196 0.010267 0.010169 0.025999 0.025999 0.036945 0.025999 0.054547 0.032499 0.025999 0.025999 0.025999 0.014193 0.055414 0.055414 0.023458 0.030376 0.035748 0.025999 0.025999 0.027159 0.025999 0.025999 0.016049 0.016462 0.010900 0.012543 0.016789 0.014848 0.025999 0.018974 0.009831 0.012770 0.015383 0.030336 0.012546 0.008167 0.012508 0.014035 0.015132 0.012149 0.010901 0.011159 0.011159 0.011136 0.015283 0.011286 0.008167 0.011644 0.007946 0.010130 0.008167 0.011159 0.008838 0.009781 0.011938 0.007957
0.025999 0.021773 0.028824 0.017347 0.032756 0.016719 0.014738 0.010267 0.016171 0.029419 0.025999 0.014607 0.012998 0.012998 0.031009 0.026649 0.025714 0.025999 0.024076 0.021348 0.026269 0.023458 0.010096 0.025999 0.034011 0.011087 0.029904 0.025999 0.025999 0.011978 0.012063 0.010353 0.014150 0.014308 0.022948 0.030607 0.018974 0.013636 0.013997 0.017210 0.013977 0.013977 0.014738 0.010528 0.014993 0.012508 0.010384 0.010832 0.010133 0.009352 0.010378 0.012543 0.015283 0.011293 0.011159 0.011599 0.010476 0.011644 0.010377 0.010901 0.010004 0.011444 0.009898
0.025999 0.025999 0.013371 0.012063 0.038811 0.038811 0.025999 0.009974 0.025999 0.025999 0.030549 0.014246 0.014738 0.009897 0.017355 0.016345 0.036398 0.025999 0.012439 0.015660 0.009157 0.019413 0.011154 0.012009 0.015042 0.010135 0.011592 0.014738 0.032573 0.012733 0.009275 0.012787 0.011286 0.011286 0.011771 0.015165 0.012492 0.025999 0.025999 0.020850 0.025999 0.009899 0.016907 0.009237 0.012203 0.012626 0.010384 0.010048 0.011524 0.010392 0.011946 0.011288 0.012361 0.011293 0.007568 0.010299 0.010237 0.009379 0.010380 0.009450 0.010004 0.009868 0.011268
0.025999 0.045509 0.025999 0.011251 0.022849 0.030570 0.025999 0.030295 0.025999 0.025999 0.008276 0.013711 0.012526 0.014738 0.027972 0.016093 0.014738 0.009480 0.026269 0.015151 0.012371 0.016485 0.020117 0.015729 0.011760 0.011154 0.012528 0.011337 0.010749 0.012611 0.014677 0.023075 0.010375 0.025999 0.025999 0.025999 0.013530 0.013682 0.025999 0.020850 0.014908 0.025999 0.025999 0.025999 0.025999 0.053899 0.014761 0.025999 0.010267 0.017591 0.017686 0.034011 0.015338 0.015338 0.017639 0.010525 0.010185 0.010267 0.010267 0.010267 0.010966 0.010966 0.010267
