Example_Watersheds/WA_MashelWatershed/DataInputs/o_3_ChemistryPools/Mashel_1990_Pools/NH4_Pool_3.asc
ncols         923
nrows         455
xllcorner     550005.67551598
yllcorner     5180549.8134422
cellsize      30
NODATA_value  -9999
[rows 336 to 363 of 455, columns 693 to 755 of 923]
0.012052 0.011951 0.011991 0.014345 0.017497 0.008084 0.009585 0.016604 0.015172 0.012254 0.012254 0.012012 0.017396 0.012386 0.012386 0.015309 0.015151 0.013986 0.024257 0.012643 0.009945 0.008364 0.010999 0.021171 0.027710 0.027842 0.048316 0.053533 0.043548 0.025999 0.025999 0.025999 0.025999 0.043548 0.029249 0.055230 0.025999 0.025999 0.025999 0.025999 0.025999 0.054056 0.054056 0.054318 0.033798 0.045258 0.041923 0.036489 0.052452 0.021854 0.049225 0.053533 0.054423 0.023567 0.030494 0.027370 0.026499 0.029669 0.048078 0.025999 0.025999 0.025999 0.025999
0.010374 0.012022 0.012596 0.017265 0.011540 0.017048 0.017048 0.012349 0.008816 0.014493 0.015613 0.011888 0.012784 0.012181 0.023540 0.015309 0.015452 0.012743 0.012181 0.012588 0.009875 0.014762 0.010999 0.016602 0.029950 0.036215 0.032499 0.031849 0.025999 0.025999 0.050834 0.025999 0.025999 0.054468 0.054468 0.025999 0.025999 0.025999 0.025999 0.025999 0.030224 0.025999 0.048078 0.025999 0.025999 0.029249 0.054372 0.045119 0.045119 0.050649 0.036924 0.037583 0.041923 0.054547 0.037583 0.025955 0.031804 0.035301 0.054579 0.053980 0.042898 0.028274 0.025999
0.009334 0.011111 0.017497 0.015309 0.016373 0.023984 0.029620 0.011546 0.015990 0.015990 0.012584 0.012743 0.023345 0.014520 0.009905 0.015278 0.012784 0.012784 0.012181 0.012368 0.009280 0.010055 0.019541 0.014412 0.032099 0.034455 0.053533 0.034773 0.025999 0.025999 0.025999 0.053725 0.045823 0.055408 0.037048 0.025999 0.025999 0.025999 0.025999 0.042898 0.025999 0.043548 0.050065 0.054547 0.015567 0.044198 0.052310 0.046820 0.037399 0.055369 0.021564 0.035475 0.043548 0.049005 0.049005 0.016896 0.047588 0.043724 0.053725 0.054613 0.054372 0.028274 0.030455
0.012751 0.011856 0.025133 0.036559 0.031602 0.014520 0.016462 0.015271 0.015990 0.016548 0.015309 0.013986 0.014520 0.015590 0.012594 0.017048 0.014520 0.013810 0.013810 0.010496 0.010157 0.009377 0.013802 0.014674 0.027842 0.032099 0.029899 0.025999 0.025999 0.025999 0.025999 0.029899 0.025999 0.055408 0.038998 0.025999 0.025999 0.030549 0.025999 0.034773 0.025999 0.055423 0.034088 0.053430 0.025999 0.047588 0.047588 0.045119 0.042017 0.052310 0.055071 0.036453 0.046556 0.026034 0.026113 0.012759 0.034994 0.052310 0.045119 0.044523 0.044069 0.029899 0.045736
0.014137 0.009216 0.025133 0.014829 0.015309 0.023345 0.016532 0.012784 0.021260 0.016548 0.025385 0.025385 0.014493 0.009905 0.017048 0.012594 0.017425 0.016106 0.016016 0.010496 0.010279 0.007359 0.011871 0.017071 0.026113 0.032499 0.029899 0.025999 0.025999 0.025999 0.025999 0.028924 0.037373 0.025999 0.038023 0.025999 0.025999 0.055230 0.055230 0.044198 0.042259 0.032099 0.034799 0.031293 0.016212 0.045562 0.054259 0.054259 0.025999 0.039939 0.037944 0.046473 0.029210 0.032573 0.018464 0.038297 0.016578 0.052452 0.039144 0.055129 0.025999 0.040298 0.048078
0.013912 0.015522 0.031293 0.031293 0.012714 0.012698 0.015990 0.015990 0.035846 0.016548 0.028824 0.032665 0.014520 0.014520 0.017425 0.012317 0.030884 0.040683 0.011017 0.010480 0.009529 0.009377 0.011557 0.033616 0.044724 0.031524 0.025999 0.025999 0.025999 0.025999 0.030549 0.055272 0.025999 0.025999 0.025999 0.038673 0.031524 0.040298 0.044724 0.040948 0.042828 0.054786 0.036747 0.033368 0.042719 0.054613 0.045498 0.034123 0.035098 0.029210 0.043986 0.031199 0.018723 0.038642 0.014631 0.022816 0.033024 0.036747 0.036747 0.052310 0.055414 0.013723 0.023620
0.021935 0.013492 0.014246 0.015878 0.012760 0.012492 0.015990 0.028824 0.013812 0.012624 0.025385 0.032665 0.032665 0.017166 0.032665 0.016532 0.024614 0.030127 0.030874 0.013112 0.017497 0.011249 0.017024 0.015544 0.030714 0.042828 0.036723 0.025999 0.055414 0.042898 0.043633 0.054613 0.025999 0.025999 0.046556 0.039648 0.041893 0.040298 0.031069 0.042719 0.029048 0.030224 0.054865 0.045258 0.042719 0.054939 0.050834 0.054196 0.032936 0.030749 0.030749 0.025999 0.034448 0.026649 0.014611 0.014881 0.035846 0.020989 0.034994 0.043347 0.044150 0.036415 0.039973
0.023593 0.014725 0.012716 0.012066 0.008687 0.016477 0.017166 0.013462 0.015990 0.017479 0.013986 0.016548 0.028824 0.035475 0.025385 0.025385 0.039939 0.055230 0.038023 0.022882 0.031199 0.014969 0.049225 0.015544 0.045069 0.050065 0.041273 0.025999 0.025999 0.044523 0.043633 0.025999 0.043986 0.045823 0.041923 0.025999 0.025999 0.044524 0.021814 0.055071 0.022093 0.042936 0.042936 0.046820 0.025999 0.045479 0.052012 0.044660 0.054865 0.025133 0.031397 0.028924 0.025999 0.052851 0.049654 0.017425 0.034383 0.043986 0.047336 0.052976 0.026346 0.054786 0.046148
0.012594 0.014725 0.012716 0.015155 0.014386 0.020943 0.032665 0.032665 0.017001 0.028824 0.012776 0.015172 0.008816 0.032665 0.031602 0.043145 0.055408 0.053430 0.045119 0.025999 0.037048 0.025999 0.014671 0.031602 0.053430 0.051193 0.025999 0.025999 0.025999 0.025999 0.025999 0.054259 0.051698 0.025999 0.025999 0.025999 0.025999 0.025999 0.031009 0.039784 0.043223 0.052012 0.037399 0.038023 0.025999 0.035639 0.034994 0.041375 0.035585 0.029812 0.030851 0.025999 0.025999 0.039323 0.014016 0.015883 0.018060 0.050264 0.050264 0.045173 0.037048 0.025999 0.025999
0.031602 0.015798 0.016485 0.012389 0.011982 0.011564 0.037583 0.029368 0.017166 0.017479 0.017095 0.017479 0.012012 0.035991 0.042377 0.035475 0.037583 0.048078 0.055414 0.054468 0.043548 0.030874 0.044198 0.054423 0.051534 0.045823 0.025999 0.025999 0.025999 0.025999 0.025999 0.025999 0.025999 0.045498 0.045498 0.025999 0.025999 0.031524 0.053212 0.042377 0.054259 0.052012 0.038297 0.055427 0.054547 0.045119 0.036593 0.021773 0.035585 0.031293 0.036377 0.043444 0.025999 0.012686 0.012686 0.016565 0.023984 0.037583 0.027300 0.041508 0.021814 0.029858 0.044306
0.036172 0.036453 0.012753 0.027159 0.013096 0.016896 0.018637 0.012404 0.013578 0.009240 0.014074 0.016715 0.015482 0.042259 0.054318 0.054318 0.036945 0.035895 0.045214 0.045214 0.036901 0.035585 0.032824 0.045536 0.044306 0.041273 0.052012 0.025999 0.025999 0.025999 0.025999 0.039307 0.042259 0.045069 0.045498 0.028766 0.029899 0.055342 0.040538 0.043247 0.040538 0.029950 0.053814 0.038470 0.041241 0.036559 0.015568 0.015568 0.055272 0.032499 0.036525 0.050264 0.034773 0.036657 0.015919 0.016438 0.036415 0.030455 0.054372 0.046820 0.029858 0.039627 0.037583
0.032196 0.015309 0.009141 0.021521 0.011564 0.017118 0.018637 0.016462 0.012623 0.016649 0.020756 0.014950 0.014950 0.015976 0.041105 0.035895 0.039939 0.041241 0.042139 0.035475 0.031069 0.041273 0.034773 0.044306 0.025999 0.053631 0.025999 0.025999 0.025999 0.025999 0.055230 0.038978 0.055007 0.052976 0.045340 0.043247 0.055272 0.040092 0.023567 0.023567 0.044453 0.044453 0.037698 0.053430 0.036377 0.050649 0.048078 0.055423 0.041273 0.043724 0.045736 0.053212 0.052163 0.020168 0.039144 0.022816 0.028100 0.036924 0.030170 0.035796 0.054468 0.036853 0.017781
0.022131 0.032002 0.012671 0.015363 0.015363 0.012584 0.017118 0.015858 0.015719 0.017473 0.014055 0.013104 0.015475 0.029858 0.037583 0.044306 0.045479 0.053430 0.027907 0.036901 0.042493 0.054196 0.033149 0.053533 0.025999 0.025999 0.025999 0.025999 0.025999 0.025999 0.043247 0.053899 0.033798 0.041105 0.040623 0.054318 0.025999 0.044848 0.025999 0.030224 0.041273 0.048078 0.044381 0.055071 0.037583 0.050649 0.044962 0.032499 0.045069 0.045173 0.045119 0.052012 0.052163 0.025048 0.015245 0.018637 0.032099 0.025217 0.052452 0.052452 0.044524 0.036747 0.022395
0.029368 0.029368 0.035475 0.027907 0.025133 0.025714 0.018286 0.015932 0.017710 0.012823 0.014900 0.011878 0.029904 0.041508 0.045214 0.044306 0.044660 0.036415 0.055310 0.035692 0.039307 0.042017 0.031849 0.025999 0.025999 0.025999 0.025999 0.025999 0.025999 0.025999 0.041923 0.053899 0.025999 0.030224 0.040092 0.052012 0.051698 0.025999 0.025999 0.054939 0.044848 0.052310 0.051534 0.054259 0.047835 0.045447 0.013850 0.028288 0.045498 0.015145 0.037764 0.037764 0.030679 0.055419 0.051016 0.015331 0.034088 0.031804 0.030254 0.042493 0.036172 0.015383 0.040391
0.029368 0.022358 0.036415 0.033024 0.034664 0.016275 0.015680 0.013492 0.012823 0.014900 0.014900 0.016930 0.016159 0.031602 0.036802 0.035181 0.035181 0.050065 0.050065 0.038998 0.045447 0.051698 0.045823 0.025999 0.025999 0.025999 0.025999 0.025999 0.025999 0.025999 0.025999 0.038998 0.038998 0.040948 0.041893 0.025999 0.025999 0.039323 0.025999 0.029899 0.045498 0.052310 0.041273 0.041273 0.053430 0.050065 0.035846 0.033616 0.054423 0.031188 0.016016 0.018637 0.039144 0.042139 0.031397 0.016049 0.028037 0.036128 0.046013 0.022395 0.048078 0.017921 0.052452
0.016844 0.026423 0.023593 0.033024 0.044453 0.031293 0.029419 0.012054 0.012054 0.014900 0.008687 0.017024 0.015976 0.015383 0.015601 0.015638 0.052012 0.044306 0.041893 0.041508 0.033534 0.045214 0.055419 0.025999 0.025999 0.025999 0.025999 0.025999 0.025999 0.025999 0.025999 0.028924 0.025999 0.051698 0.040966 0.025999 0.025999 0.025999 0.025999 0.025999 0.030851 0.055342 0.043548 0.037048 0.042377 0.048078 0.035181 0.026944 0.036657 0.031188 0.013722 0.034383 0.051534 0.052310 0.012770 0.015482 0.028037 0.044523 0.054318 0.023228 0.034526 0.029764 0.035745
0.013578 0.017875 0.017686 0.023593 0.016716 0.035944 0.037025 0.022714 0.015224 0.014900 0.016508 0.017639 0.032665 0.023012 0.015116 0.017591 0.037399 0.038348 0.036802 0.040623 0.054939 0.036802 0.055272 0.025999 0.025999 0.025999 0.025999 0.025999 0.025999 0.025999 0.025999 0.025999 0.025999 0.025999 0.041893 0.044453 0.032499 0.025999 0.025999 0.022432 0.025999 0.038642 0.043548 0.049654 0.052452 0.023593 0.032292 0.047835 0.033616 0.019912 0.016115 0.029620 0.036747 0.016462 0.014789 0.014789 0.021935 0.030784 0.033474 0.045017 0.035242 0.015994 0.029858
0.009450 0.009778 0.012207 0.023620 0.025385 0.030714 0.031602 0.023198 0.009793 0.020516 0.017331 0.028993 0.015343 0.014229 0.015116 0.050649 0.042248 0.055272 0.055391 0.032499 0.032499 0.036398 0.043347 0.053631 0.025999 0.025999 0.025999 0.025999 0.025999 0.025999 0.025999 0.025999 0.037373 0.055423 0.019491 0.012784 0.025999 0.025999 0.025999 0.025999 0.033798 0.054196 0.036723 0.036747 0.044847 0.022246 0.030784 0.030784 0.035181 0.020418 0.023316 0.012528 0.021731 0.040683 0.018420 0.025133 0.028164 0.030336 0.052452 0.044524 0.039939 0.044593 0.044524
0.009450 0.024702 0.010444 0.029368 0.021773 0.016394 0.030170 0.023198 0.021814 0.016055 0.015883 0.016394 0.016394 0.016115 0.022714 0.050458 0.041923 0.041923 0.053725 0.053725 0.036073 0.036747 0.038978 0.039973 0.025999 0.025999 0.025999 0.025999 0.025999 0.025999 0.025999 0.054510 0.017494 0.018060 0.036172 0.015318 0.047336 0.043873 0.025999 0.025999 0.025999 0.025999 0.045498 0.025999 0.044150 0.021895 0.036747 0.041923 0.047588 0.027907 0.016596 0.014693 0.039307 0.040683 0.025633 0.029419 0.033616 0.035120 0.040092 0.030679 0.039939 0.014731 0.032099
0.032573 0.029368 0.029368 0.016115 0.028100 0.028100 0.022358 0.027907 0.036415 0.016115 0.016115 0.028993 0.016359 0.012718 0.016125 0.030874 0.045562 0.033798 0.025999 0.025999 0.025999 0.045214 0.045562 0.025999 0.031199 0.020613 0.025999 0.038673 0.051366 0.030784 0.047835 0.037373 0.050065 0.046473 0.021773 0.027507 0.035475 0.025999 0.025999 0.025999 0.035475 0.055391 0.038023 0.025999 0.036747 0.026944 0.036747 0.036986 0.036945 0.025302 0.011565 0.014631 0.036775 0.042936 0.013913 0.033856 0.017921 0.034595 0.037764 0.037764 0.035692 0.015561 0.044524
0.016394 0.029368 0.029368 0.019336 0.015185 0.016222 0.014103 0.011588 0.013236 0.014193 0.035692 0.015402 0.028993 0.016643 0.025999 0.055391 0.036338 0.025999 0.025999 0.051534 0.022948 0.035242 0.037764 0.045509 0.045509 0.038023 0.026499 0.055408 0.041508 0.032099 0.046473 0.053212 0.050065 0.035098 0.026944 0.026944 0.027949 0.025999 0.046148 0.031293 0.055182 0.039784 0.045017 0.025999 0.040538 0.030212 0.032936 0.030212 0.038297 0.009045 0.014639 0.023012 0.023012 0.051193 0.034865 0.017639 0.036415 0.012800 0.035301 0.028824 0.015165 0.027710 0.035745
0.012548 0.019336 0.016115 0.029368 0.015185 0.017331 0.014839 0.018637 0.011964 0.014074 0.012501 0.015402 0.015772 0.030851 0.031524 0.019257 0.016992 0.016992 0.025999 0.017024 0.044724 0.042898 0.054128 0.046820 0.039648 0.047835 0.036593 0.055369 0.036723 0.044787 0.054613 0.053430 0.036966 0.055272 0.036747 0.054259 0.044306 0.045498 0.022849 0.030679 0.042607 0.031126 0.041598 0.045498 0.045498 0.030643 0.039784 0.034163 0.026724 0.036657 0.016896 0.034526 0.012247 0.037399 0.022321 0.015324 0.038642 0.040683 0.035120 0.024962 0.048078 0.039939 0.037764
0.029717 0.016394 0.021773 0.011730 0.029717 0.016394 0.019217 0.014731 0.016625 0.016625 0.014193 0.016625 0.027907 0.023540 0.044906 0.028100 0.032387 0.029048 0.051534 0.017692 0.040623 0.055310 0.035098 0.034237 0.043444 0.031849 0.036747 0.036415 0.055272 0.037583 0.037583 0.052976 0.045498 0.054259 0.050065 0.035475 0.044453 0.037583 0.047336 0.025999 0.023430 0.019257 0.034383 0.045119 0.053430 0.041375 0.032292 0.021035 0.012532 0.016649 0.016896 0.035846 0.028164 0.051698 0.023892 0.053323 0.052722 0.040683 0.029620 0.035242 0.023593 0.034799 0.041105
0.011899 0.017248 0.012012 0.012718 0.021773 0.020516 0.012526 0.032573 0.011109 0.016625 0.014122 0.016896 0.023137 0.021935 0.032387 0.013335 0.016572 0.017372 0.029470 0.028100 0.052589 0.016035 0.035098 0.031602 0.041766 0.053814 0.053980 0.015066 0.044306 0.044306 0.044453 0.044847 0.055426 0.016998 0.032936 0.031293 0.044453 0.035475 0.023430 0.054318 0.032002 0.030749 0.037025 0.036924 0.036415 0.037048 0.030494 0.027907 0.016844 0.023106 0.020564 0.021773 0.013977 0.032002 0.025133 0.043633 0.043633 0.045562 0.053899 0.034383 0.028226 0.014520 0.050065
0.017047 0.017248 0.016115 0.016394 0.016485 0.012245 0.030170 0.034088 0.011109 0.016896 0.016896 0.018637 0.031804 0.026034 0.014725 0.013335 0.014308 0.015217 0.032387 0.016312 0.023075 0.023075 0.025875 0.027230 0.034455 0.036924 0.054196 0.027949 0.042607 0.040538 0.030254 0.050458 0.038978 0.030916 0.043145 0.029620 0.034664 0.037583 0.047336 0.055342 0.033452 0.015883 0.035475 0.035944 0.035475 0.036775 0.042607 0.032099 0.032099 0.016883 0.019702 0.030416 0.015318 0.011257 0.027507 0.041766 0.044523 0.052012 0.054196 0.034088 0.043145 0.050065 0.035745
0.014311 0.029368 0.012753 0.017319 0.024789 0.017449 0.035944 0.012736 0.015561 0.014789 0.016896 0.027907 0.015106 0.015106 0.023075 0.030714 0.036038 0.015581 0.012584 0.017639 0.014829 0.016766 0.030532 0.036593 0.030714 0.033856 0.054128 0.029102 0.044660 0.040538 0.034011 0.016479 0.023671 0.026944 0.031293 0.016049 0.045509 0.020803 0.038978 0.051193 0.031293 0.031293 0.031293 0.034383 0.016719 0.044453 0.035120 0.038998 0.018891 0.032099 0.021731 0.034526 0.015403 0.017638 0.027507 0.025714 0.028993 0.052012 0.027842 0.055408 0.031293 0.050065 0.036924
0.012209 0.009825 0.021035 0.015522 0.008787 0.011361 0.011361 0.023567 0.013573 0.036747 0.014850 0.018637 0.019595 0.030127 0.019015 0.014942 0.035692 0.036924 0.011460 0.014650 0.012736 0.012711 0.023486 0.024702 0.039784 0.036415 0.054128 0.015229 0.015706 0.036559 0.014602 0.012697 0.033024 0.033024 0.037583 0.043247 0.033024 0.039307 0.045536 0.028532 0.042259 0.036415 0.042607 0.037583 0.048550 0.026944 0.031293 0.030416 0.012523 0.021171 0.028709 0.015205 0.020066 0.043347 0.020467 0.030851 0.011883 0.029858 0.025999 0.034455 0.034455 0.029899 0.054510
0.014308 0.016485 0.033697 0.017639 0.014341 0.028993 0.016078 0.039323 0.025999 0.045119 0.026034 0.026649 0.019595 0.019452 0.032002 0.023075 0.013376 0.015222 0.013619 0.014650 0.012760 0.012652 0.021895 0.015779 0.025302 0.025302 0.036966 0.023106 0.029157 0.036489 0.032002 0.014311 0.024167 0.034595 0.054259 0.044229 0.022849 0.025999 0.025999 0.052310 0.011515 0.040683 0.020015 0.029157 0.053725 0.022610 0.032480 0.033474 0.035692 0.036415 0.010753 0.013465 0.017048 0.017048 0.016532 0.035692 0.026944 0.044150 0.024347 0.041598 0.055129 0.047081 0.023345
