Example_Watersheds/WA_MashelWatershed/DataInputs/o_3_ChemistryPools/Mashel_1990_Pools/NH4_Pool_2.asc
ncols         923
nrows         455
xllcorner     550005.67551598
yllcorner     5180549.8134422
cellsize      30
NODATA_value  -9999
[rows 420 to 447 of 455, columns 567 to 629 of 923]
0.042425 0.041638 0.046188 0.063835 0.063696 0.042349 0.048681 0.047518 0.110152 0.110152 0.046680 0.044288 0.034938 0.051122 0.041342 0.054759 0.053235 0.044562 0.042469 0.041143 0.045056 0.074872 0.065492 0.061291 0.047533 0.042918 0.061291 0.037014 0.044562 0.051502 0.059405 0.047518 0.055963 0.053113 0.045336 0.043720 0.047994 0.046891 0.034477 0.047325 0.040762 0.040762 0.061195 0.048259 0.045428 0.049750 0.053113 0.052409 0.044089 0.051122 0.061256 0.054759 0.039414 0.052500 0.038033 0.040684 0.044167 0.033805 0.062687 0.057031 0.050483 0.050483 0.040616
0.042121 0.040477 0.042103 0.038038 0.045054 0.052492 0.032952 0.045515 0.044381 0.041106 0.043718 0.047024 0.051122 0.051122 0.037299 0.054759 0.054759 0.041775 0.052500 0.047533 0.045056 0.071262 0.080720 0.058492 0.050287 0.061291 0.057235 0.037014 0.045324 0.051780 0.061473 0.061644 0.039185 0.039185 0.063635 0.033892 0.039218 0.044384 0.040900 0.048399 0.050597 0.042708 0.046590 0.053390 0.040584 0.047958 0.049373 0.049373 0.048168 0.035521 0.051122 0.044527 0.039706 0.051875 0.050202 0.040624 0.044778 0.043971 0.066348 0.046477 0.046477 0.043000 0.063025
0.035714 0.048899 0.041164 0.029316 0.042425 0.050587 0.032952 0.059434 0.042262 0.047198 0.051122 0.041447 0.051122 0.051122 0.044385 0.048411 0.048991 0.042708 0.069943 0.052583 0.037626 0.056481 0.057235 0.068347 0.067497 0.067497 0.044562 0.061291 0.045763 0.040766 0.053630 0.037720 0.042130 0.050993 0.032447 0.032198 0.041071 0.040202 0.046736 0.050082 0.046701 0.041374 0.044446 0.053735 0.035214 0.061492 0.037826 0.063298 0.067720 0.110152 0.044361 0.051081 0.043971 0.043971 0.044371 0.045428 0.033666 0.037924 0.046902 0.030439 0.050690 0.044580 0.066348
0.047518 0.035757 0.047669 0.044599 0.048838 0.043396 0.035757 0.053672 0.037897 0.043650 0.040695 0.049309 0.044028 0.044584 0.040468 0.043162 0.046042 0.055959 0.055959 0.063895 0.040766 0.044562 0.047220 0.061704 0.075177 0.065030 0.110152 0.110152 0.110152 0.058022 0.061473 0.063895 0.051710 0.048583 0.034593 0.039242 0.041071 0.043843 0.043183 0.045367 0.039218 0.045050 0.053735 0.044324 0.053166 0.053166 0.048783 0.041502 0.041024 0.064486 0.110152 0.043338 0.041920 0.038148 0.039539 0.041920 0.034786 0.045428 0.044778 0.037478 0.063635 0.044584 0.040900
0.051860 0.041116 0.037246 0.037246 0.042425 0.043396 0.042103 0.052727 0.042262 0.044572 0.047198 0.041344 0.042918 0.047661 0.044584 0.033136 0.055851 0.039165 0.036857 0.034125 0.040766 0.052802 0.032820 0.038436 0.075177 0.067188 0.110152 0.110152 0.048645 0.110152 0.044570 0.063895 0.047835 0.053450 0.039218 0.040542 0.050586 0.050586 0.042103 0.041226 0.044595 0.041397 0.045007 0.045961 0.040529 0.056545 0.061038 0.051458 0.048810 0.052997 0.039036 0.044361 0.040885 0.041223 0.041346 0.044361 0.041920 0.041416 0.030904 0.044584 0.062687 0.047707 0.052565
0.052565 0.034233 0.034233 0.037246 0.037246 0.045006 0.038621 0.031276 0.035757 0.042671 0.047198 0.038605 0.036972 0.047554 0.050712 0.051170 0.051122 0.039165 0.054759 0.059327 0.066469 0.044979 0.048991 0.074872 0.070931 0.050556 0.110152 0.110152 0.071773 0.044076 0.044076 0.053235 0.054197 0.050483 0.062687 0.041863 0.048658 0.047213 0.047213 0.041231 0.040967 0.045268 0.044595 0.054887 0.052409 0.039732 0.047365 0.039620 0.048801 0.038296 0.039942 0.040424 0.039519 0.039884 0.044361 0.041920 0.034226 0.034226 0.037924 0.038148 0.037097 0.050483 0.043427
0.035757 0.052565 0.036290 0.037246 0.034233 0.056550 0.059030 0.046708 0.043718 0.042052 0.041220 0.042588 0.053657 0.037626 0.037894 0.046342 0.034100 0.051122 0.053235 0.041541 0.046342 0.046902 0.046902 0.038588 0.037465 0.061291 0.051122 0.110152 0.110152 0.051518 0.040969 0.053235 0.060075 0.062687 0.051475 0.034821 0.042127 0.049147 0.048948 0.050354 0.042425 0.042425 0.055963 0.042453 0.050354 0.037848 0.041502 0.054717 0.039861 0.039861 0.042568 0.051275 0.053544 0.039206 0.039539 0.047133 0.041346 0.039670 0.038590 0.051169 0.065060 0.035214 0.042709
0.047994 0.046445 0.041226 0.034233 0.044667 0.044678 0.043396 0.042121 0.042103 0.046662 0.053400 0.047838 0.033664 0.044277 0.042297 0.044989 0.040242 0.047065 0.042348 0.050961 0.043000 0.043698 0.053760 0.043195 0.045493 0.044562 0.053235 0.052343 0.110152 0.040976 0.054759 0.051122 0.063098 0.053235 0.035214 0.034821 0.041342 0.052635 0.048758 0.045619 0.039185 0.055326 0.055326 0.042127 0.039218 0.045899 0.044928 0.051122 0.062301 0.070348 0.030480 0.048484 0.044257 0.045268 0.044562 0.045428 0.041428 0.064631 0.038426 0.043160 0.054600 0.041441 0.035214
0.033657 0.046445 0.044832 0.044577 0.041529 0.042425 0.042425 0.042425 0.059030 0.038038 0.058324 0.038038 0.046341 0.044257 0.042297 0.040529 0.043910 0.051428 0.046311 0.045823 0.049115 0.043698 0.045070 0.064965 0.043670 0.051122 0.052343 0.032952 0.040808 0.055326 0.051122 0.047168 0.040624 0.034009 0.034009 0.046678 0.039294 0.045148 0.045054 0.032623 0.049776 0.044595 0.039185 0.044562 0.038215 0.042912 0.031035 0.041005 0.049077 0.051122 0.051122 0.051122 0.042706 0.056853 0.046120 0.041016 0.046342 0.044584 0.051122 0.044716 0.039309 0.039309 0.062771
0.048146 0.035757 0.052565 0.051860 0.041529 0.034233 0.038589 0.037246 0.037246 0.046924 0.038038 0.044191 0.050202 0.041066 0.054942 0.054948 0.039355 0.054013 0.048263 0.051480 0.040477 0.046590 0.049365 0.044389 0.045493 0.032952 0.032952 0.052343 0.054900 0.045930 0.048758 0.049582 0.038636 0.045066 0.040517 0.046298 0.044609 0.044928 0.046807 0.046914 0.045930 0.039185 0.055326 0.052683 0.044584 0.061291 0.048314 0.053390 0.045651 0.051122 0.061042 0.043670 0.041502 0.056853 0.033693 0.041016 0.041267 0.051122 0.032952 0.050554 0.052997 0.048522 0.043227
0.050291 0.053293 0.035757 0.056971 0.037246 0.050154 0.037246 0.037246 0.037246 0.037246 0.037246 0.058999 0.043539 0.049750 0.047875 0.051369 0.057338 0.046966 0.053871 0.053871 0.065060 0.057358 0.114375 0.052570 0.051122 0.051122 0.037383 0.036330 0.044584 0.052683 0.034009 0.034821 0.038636 0.048948 0.046807 0.041636 0.052614 0.035214 0.049829 0.046914 0.064689 0.054759 0.041502 0.049077 0.048767 0.047771 0.047771 0.045428 0.044536 0.051226 0.031827 0.065777 0.048208 0.051122 0.045428 0.046954 0.039942 0.049272 0.035085 0.058406 0.060108 0.054099 0.049186
0.059872 0.170214 0.059327 0.035757 0.052565 0.041529 0.037246 0.039833 0.053794 0.045428 0.041964 0.040855 0.036080 0.043670 0.059193 0.042349 0.057561 0.045210 0.038281 0.039355 0.043239 0.057000 0.071557 0.054480 0.052571 0.051122 0.041231 0.044584 0.043553 0.050483 0.046590 0.038316 0.043183 0.042700 0.041045 0.044574 0.053970 0.042162 0.042162 0.051122 0.058564 0.045148 0.051122 0.046120 0.040459 0.035726 0.045428 0.042406 0.043755 0.049750 0.048895 0.042707 0.044570 0.044141 0.045428 0.045428 0.052611 0.037062 0.066348 0.044956 0.049101 0.050548 0.061291
0.150784 0.113424 0.044385 0.044385 0.033664 0.042709 0.042130 0.040477 0.048356 0.043348 0.045651 0.040855 0.052727 0.045054 0.052658 0.038588 0.054592 0.049209 0.045242 0.048810 0.060742 0.050929 0.041677 0.062306 0.051122 0.056199 0.046590 0.051649 0.047233 0.054293 0.051122 0.051122 0.053760 0.044595 0.042709 0.052097 0.049209 0.052487 0.049569 0.051122 0.061195 0.040467 0.061291 0.044141 0.043427 0.055921 0.065299 0.045428 0.034408 0.041549 0.043580 0.041506 0.039176 0.044361 0.046109 0.045428 0.038426 0.037062 0.044371 0.052721 0.049608 0.045709 0.046807
0.067537 0.065951 0.053876 0.043857 0.049240 0.047735 0.049365 0.056793 0.051081 0.034233 0.051785 0.042130 0.037012 0.049595 0.072215 0.061644 0.058534 0.039185 0.037350 0.052487 0.178507 0.039355 0.051122 0.051122 0.042463 0.039569 0.043531 0.062555 0.035736 0.038155 0.050483 0.044584 0.051130 0.055326 0.048847 0.037465 0.049209 0.051262 0.065299 0.041371 0.059030 0.040447 0.051122 0.044141 0.053523 0.047539 0.039199 0.044191 0.059030 0.032816 0.032816 0.044712 0.043518 0.036489 0.040894 0.049681 0.044778 0.045428 0.046045 0.049685 0.045214 0.051958 0.040900
0.124645 0.231015 0.182477 0.042162 0.053113 0.049595 0.052565 0.052565 0.037246 0.038589 0.045359 0.038816 0.039782 0.039314 0.035757 0.034233 0.052565 0.048614 0.044460 0.041024 0.044562 0.064329 0.053921 0.056545 0.043555 0.046590 0.047121 0.043378 0.042707 0.038155 0.045493 0.047220 0.055326 0.060481 0.044527 0.051492 0.057791 0.044072 0.044597 0.041074 0.034638 0.059464 0.059464 0.051122 0.041413 0.045428 0.047168 0.042188 0.041169 0.045460 0.041636 0.051122 0.042707 0.044141 0.040894 0.045428 0.050202 0.044012 0.040851 0.044012 0.040151 0.042185 0.039167
0.224306 0.231015 0.232596 0.033664 0.048307 0.035757 0.033657 0.033657 0.036468 0.041529 0.034233 0.037924 0.037246 0.037924 0.059030 0.034233 0.051892 0.047289 0.059668 0.043878 0.053602 0.057331 0.045367 0.043285 0.046924 0.041425 0.049465 0.039553 0.044141 0.051122 0.051139 0.051122 0.040029 0.050862 0.051085 0.051085 0.055326 0.050417 0.057650 0.042705 0.041090 0.042918 0.051122 0.044562 0.038426 0.038426 0.046902 0.053089 0.048995 0.040517 0.061195 0.042918 0.046921 0.044563 0.045428 0.031046 0.032716 0.037663 0.046807 0.040509 0.043001 0.042185 0.044595
0.126674 0.144574 0.152416 0.085726 0.043314 0.049667 0.038050 0.047994 0.036290 0.045947 0.045535 0.037246 0.034233 0.037246 0.044667 0.032952 0.029316 0.040477 0.038038 0.031276 0.049812 0.049303 0.051929 0.051139 0.045238 0.037626 0.041759 0.041759 0.041066 0.045545 0.045331 0.049303 0.051122 0.040766 0.061772 0.064670 0.051566 0.046231 0.048543 0.049405 0.041090 0.051122 0.045568 0.047019 0.045428 0.046076 0.039294 0.053089 0.048259 0.043692 0.038118 0.046590 0.041347 0.045428 0.045428 0.047949 0.044107 0.045070 0.041577 0.044552 0.048662 0.045070 0.054177
0.110152 0.189367 0.231642 0.047766 0.063086 0.036810 0.036810 0.041064 0.045947 0.052565 0.056971 0.041069 0.041608 0.042844 0.047325 0.041529 0.039193 0.042651 0.041169 0.044192 0.042016 0.041649 0.046394 0.097709 0.071161 0.039176 0.031035 0.045902 0.041799 0.037557 0.044089 0.057685 0.055046 0.040766 0.045398 0.045398 0.066049 0.053400 0.046174 0.047019 0.061291 0.041775 0.045428 0.046354 0.044536 0.038426 0.035588 0.035588 0.043860 0.046176 0.046176 0.046701 0.041166 0.049128 0.045428 0.041489 0.054567 0.033900 0.032476 0.040616 0.050483 0.043253 0.048583
0.126674 0.235299 0.144396 0.193428 0.039428 0.036810 0.036810 0.035757 0.051860 0.052565 0.052565 0.041164 0.041164 0.041164 0.037588 0.029300 0.044192 0.047605 0.041638 0.044192 0.063835 0.110152 0.110152 0.069430 0.071659 0.052917 0.038895 0.042918 0.041636 0.050827 0.044141 0.037894 0.110152 0.040457 0.047082 0.042456 0.042705 0.051122 0.061291 0.061291 0.057637 0.044191 0.045428 0.045428 0.040624 0.044361 0.049441 0.039294 0.045428 0.046946 0.056550 0.040609 0.054890 0.031035 0.032749 0.045852 0.054567 0.039252 0.038148 0.045029 0.044439 0.042425 0.044417
0.072650 0.054585 0.064225 0.074974 0.074974 0.049667 0.035229 0.040344 0.047994 0.047994 0.056971 0.042157 0.056971 0.051941 0.053113 0.041064 0.043435 0.057935 0.060165 0.043936 0.140861 0.158343 0.110152 0.069530 0.059410 0.047183 0.040449 0.064965 0.042469 0.042121 0.056126 0.056126 0.048168 0.063025 0.051944 0.041627 0.041925 0.063160 0.051122 0.051122 0.037455 0.041416 0.045428 0.041920 0.040624 0.045428 0.043847 0.044778 0.039294 0.055603 0.031830 0.040609 0.044577 0.043518 0.039176 0.050483 0.054567 0.038148 0.038148 0.039165 0.049352 0.040616 0.054328
0.133504 0.192584 0.054887 0.037557 0.035782 0.039428 0.040344 0.047058 0.036810 0.047994 0.033657 0.051860 0.056971 0.047994 0.047994 0.035757 0.065777 0.043586 0.054370 0.042926 0.229599 0.110152 0.054046 0.093162 0.093162 0.032379 0.045148 0.055735 0.053767 0.047431 0.042499 0.047022 0.040766 0.044028 0.046842 0.051122 0.051122 0.063160 0.051122 0.046120 0.044361 0.033900 0.043165 0.044957 0.047575 0.049681 0.046647 0.038589 0.037917 0.045428 0.041759 0.041759 0.046279 0.043670 0.045060 0.053962 0.052148 0.041342 0.038205 0.038148 0.049649 0.039516 0.190779
0.047121 0.041608 0.042456 0.054273 0.048146 0.048146 0.043700 0.036810 0.036810 0.047994 0.042081 0.054088 0.032783 0.049608 0.041064 0.045633 0.045633 0.054229 0.055501 0.034938 0.054464 0.176312 0.047766 0.044560 0.051122 0.041056 0.038516 0.051122 0.061291 0.046120 0.046413 0.047738 0.045493 0.045493 0.041839 0.051122 0.049829 0.047130 0.050483 0.043650 0.042707 0.044685 0.057331 0.057331 0.043860 0.056905 0.039005 0.037246 0.040459 0.039294 0.040936 0.034638 0.041749 0.047766 0.041744 0.104324 0.110152 0.051122 0.039998 0.051649 0.062123 0.145380 0.110152
0.048089 0.043692 0.042456 0.031889 0.044044 0.042079 0.036810 0.036810 0.036810 0.051053 0.056971 0.041226 0.041226 0.041226 0.053965 0.044149 0.055326 0.054099 0.047313 0.054099 0.118542 0.075483 0.051122 0.047220 0.045718 0.046120 0.051508 0.051122 0.051122 0.048368 0.047868 0.041416 0.081248 0.064670 0.102397 0.045493 0.045493 0.047539 0.053630 0.043626 0.044584 0.046120 0.042606 0.040936 0.045428 0.045428 0.049617 0.038649 0.040459 0.059464 0.048411 0.039294 0.046924 0.047058 0.045619 0.104324 0.110152 0.044562 0.033485 0.041214 0.058884 0.043836 0.110152
0.041397 0.041397 0.042079 0.054443 0.048318 0.041397 0.043664 0.042262 0.040669 0.047994 0.041262 0.044910 0.038406 0.064491 0.053152 0.066348 0.052343 0.066348 0.044686 0.058800 0.051369 0.054075 0.049021 0.037894 0.053237 0.051122 0.040900 0.047567 0.047567 0.051122 0.051122 0.051122 0.039942 0.043683 0.062234 0.066902 0.098661 0.051122 0.051122 0.054449 0.044223 0.046120 0.044685 0.041661 0.034285 0.044511 0.039294 0.050766 0.039418 0.039213 0.041416 0.038581 0.042884 0.043314 0.063895 0.063895 0.053921 0.110152 0.046996 0.040852 0.031675 0.039837 0.041791
0.039428 0.042490 0.047216 0.053602 0.043411 0.041143 0.040426 0.043314 0.033497 0.051502 0.055754 0.052565 0.052565 0.064491 0.049595 0.060627 0.060634 0.049913 0.061134 0.053152 0.053152 0.075585 0.043650 0.049492 0.052802 0.053745 0.038807 0.051837 0.057358 0.047567 0.034688 0.051122 0.038296 0.043626 0.061802 0.069741 0.064879 0.051122 0.051122 0.052997 0.051122 0.042708 0.051122 0.046120 0.038426 0.046902 0.043227 0.044159 0.044159 0.040519 0.039903 0.039968 0.043314 0.044554 0.043483 0.047735 0.042349 0.110152 0.110152 0.110152 0.051122 0.038011 0.043310
0.061517 0.048514 0.049021 0.063362 0.039428 0.054611 0.040426 0.049136 0.049736 0.042879 0.048000 0.047518 0.045338 0.045338 0.035757 0.044570 0.047518 0.051785 0.056971 0.056793 0.049554 0.072441 0.054291 0.048676 0.058669 0.054067 0.034100 0.042958 0.058774 0.049588 0.049846 0.051122 0.054197 0.041502 0.041087 0.043533 0.067922 0.061772 0.116514 0.051122 0.051122 0.042606 0.051122 0.031475 0.045428 0.043847 0.041416 0.040955 0.033956 0.041087 0.045371 0.031276 0.043314 0.043162 0.047121 0.069987 0.052798 0.048810 0.064486 0.110152 0.044141 0.037897 0.042705
0.042879 0.051122 0.057331 0.046680 0.048656 0.048656 0.049667 0.053630 0.048263 0.059288 0.038076 0.045329 0.056971 0.048000 0.035757 0.035757 0.035483 0.041863 0.046891 0.052565 0.051905 0.063754 0.063965 0.055338 0.048783 0.051518 0.052248 0.034100 0.057358 0.043996 0.059288 0.051122 0.051122 0.055326 0.055326 0.054197 0.053235 0.053341 0.094514 0.066306 0.051122 0.051122 0.051122 0.044778 0.047438 0.043847 0.054635 0.044159 0.048838 0.043792 0.032716 0.033426 0.046108 0.031253 0.043227 0.063835 0.050234 0.045944 0.056793 0.051929 0.047198 0.040984 0.041636
0.043626 0.062698 0.104324 0.042269 0.036498 0.038611 0.051259 0.044257 0.058851 0.041374 0.052458 0.053001 0.035757 0.056971 0.052565 0.050275 0.047994 0.041863 0.054370 0.061291 0.051122 0.065954 0.047766 0.048345 0.048783 0.050354 0.040529 0.048810 0.040618 0.061089 0.059288 0.055501 0.051122 0.055612 0.055963 0.052683 0.051122 0.055957 0.054585 0.098260 0.052997 0.044562 0.038426 0.044361 0.039519 0.045428 0.033297 0.046342 0.053108 0.040554 0.041428 0.034316 0.034316 0.030679 0.048196 0.054555 0.044686 0.044551 0.042707 0.041167 0.041605 0.043557 0.042918
