Example_Watersheds/WA_MashelWatershed/DataInputs/o_3_ChemistryPools/Mashel_1990_Pools/NH4_Pool_1.asc
ncols         923
nrows         455
xllcorner     550005.67551598
yllcorner     5180549.8134422
cellsize      30
NODATA_value  -9999
[rows 392 to 419 of 455, columns 315 to 377 of 923]
0.213955 0.215056 0.197647 0.243309 0.164342 0.192740 0.238732 0.227543 0.209623 0.186407 0.462106 0.462106 0.462106 0.526241 0.173244 0.173244 0.170919 0.155558 0.166572 0.170919 0.166572 0.165455 0.174657 0.219513 0.258456 0.238283 0.244785 0.182410 0.229407 0.223458 0.224528 0.253784 0.255699 0.293211 0.204373 0.256927 0.255699 0.281459 0.203872 0.245401 0.256774 0.176535 0.266293 0.266293 0.164711 0.241609 0.181810 0.176634 0.181745 0.261511 0.268609 0.165297 0.191326 0.183701 0.213664 0.150018 0.175194 0.161414 0.246866 0.216876 0.167006 0.183701 0.202594
0.182388 0.203800 0.183378 0.182374 0.227543 0.235364 0.227543 0.297124 0.297124 0.338540 0.865543 0.462106 0.462106 0.462106 0.209425 0.165011 0.207780 0.208591 0.204823 0.230261 0.170424 0.189356 0.189356 0.233655 0.258456 0.311403 0.165149 0.294199 0.179937 0.160299 0.280176 0.253784 0.191943 0.213664 0.264725 0.194460 0.168826 0.264174 0.214732 0.272071 0.182401 0.277986 0.236585 0.167445 0.165123 0.214002 0.141988 0.258212 0.243896 0.216397 0.182355 0.211775 0.118873 0.186611 0.170134 0.175194 0.150018 0.145233 0.157643 0.136074 0.210279 0.173792 0.173792
0.203800 0.170919 0.182374 0.182388 0.158104 0.274492 0.157354 0.274492 0.208729 0.630540 0.865543 0.462106 0.462106 0.594961 0.152408 0.159434 0.195608 0.208591 0.164395 0.163160 0.212444 0.165011 0.206101 0.189356 0.173351 0.262042 0.175653 0.175653 0.274492 0.214090 0.189958 0.292606 0.199793 0.166981 0.213664 0.255699 0.210347 0.213006 0.181080 0.153180 0.254275 0.207044 0.179233 0.182542 0.150018 0.173775 0.163144 0.201810 0.161661 0.172768 0.159238 0.144548 0.167934 0.198874 0.194491 0.194491 0.126884 0.164384 0.217098 0.166087 0.195280 0.170060 0.171663
0.203800 0.182388 0.170931 0.182388 0.216156 0.168830 0.158104 0.167311 0.197681 0.263640 0.462106 0.292117 0.272877 0.229596 0.192205 0.162753 0.210817 0.182374 0.182374 0.165011 0.165011 0.165538 0.212460 0.225221 0.171720 0.223969 0.301458 0.261167 0.179923 0.264043 0.194460 0.238283 0.151022 0.205562 0.213664 0.234713 0.246329 0.235308 0.236585 0.182146 0.254275 0.207167 0.179233 0.167687 0.175286 0.202257 0.173769 0.173769 0.124462 0.128387 0.155805 0.169480 0.144548 0.195754 0.208281 0.165295 0.126884 0.207720 0.183981 0.165034 0.172220 0.170842 0.182533
0.199798 0.203800 0.187573 0.232092 0.158239 0.170304 0.214304 0.132936 0.236212 0.221404 0.512771 0.170919 0.170919 0.168618 0.157908 0.158712 0.172971 0.177387 0.191093 0.251216 0.167736 0.181424 0.158963 0.237804 0.203616 0.163849 0.246356 0.182374 0.179923 0.152408 0.214060 0.237755 0.166433 0.209780 0.198272 0.234713 0.302494 0.217068 0.207518 0.274492 0.202135 0.198386 0.198424 0.137000 0.136609 0.186227 0.192400 0.183721 0.167445 0.173708 0.201192 0.206317 0.149150 0.182016 0.203476 0.251297 0.161216 0.243793 0.170249 0.181363 0.229004 0.184870 0.200177
0.195171 0.240433 0.219084 0.236212 0.213733 0.214304 0.214304 0.214304 0.167311 0.167311 0.214304 0.166572 0.168492 0.139866 0.157908 0.222785 0.240548 0.211939 0.176640 0.264043 0.153309 0.181424 0.231214 0.175446 0.149412 0.257552 0.281972 0.193475 0.152408 0.152408 0.152408 0.168396 0.182805 0.241436 0.166180 0.233091 0.273003 0.190102 0.236585 0.177186 0.214535 0.190102 0.172508 0.207025 0.186227 0.151167 0.196015 0.207355 0.145891 0.182313 0.189351 0.161597 0.166144 0.177913 0.169681 0.176533 0.204418 0.189546 0.170866 0.170866 0.170425 0.220198 0.200421
0.173774 0.179066 0.145933 0.148660 0.164510 0.168830 0.171399 0.214304 0.241594 0.214304 0.199553 0.173454 0.209029 0.237823 0.163346 0.213492 0.143449 0.180282 0.176188 0.224891 0.234713 0.130445 0.251419 0.214060 0.214060 0.274492 0.216124 0.293211 0.293211 0.148607 0.171647 0.244132 0.184313 0.293211 0.160961 0.178899 0.314318 0.272425 0.181923 0.226505 0.251216 0.155262 0.168008 0.173419 0.174697 0.161423 0.178478 0.201192 0.186209 0.171430 0.183539 0.183539 0.189351 0.185626 0.206442 0.204504 0.170249 0.208768 0.195586 0.268609 0.170425 0.184313 0.222803
0.197257 0.164966 0.182377 0.166021 0.214304 0.214304 0.214304 0.204000 0.197079 0.214304 0.173454 0.269943 0.188362 0.224032 0.174316 0.178057 0.178057 0.186651 0.182276 0.224157 0.320665 0.308910 0.288387 0.288387 0.274492 0.301458 0.226505 0.274492 0.293211 0.274492 0.256927 0.258640 0.184313 0.218999 0.308080 0.159034 0.290174 0.294048 0.249433 0.226505 0.224157 0.133661 0.161216 0.173763 0.173763 0.132682 0.164711 0.266293 0.192618 0.153729 0.197766 0.175218 0.189351 0.191320 0.145233 0.165593 0.192561 0.235916 0.243793 0.186658 0.203361 0.268609 0.132682
0.180986 0.199666 0.191431 0.200812 0.131944 0.200894 0.240616 0.158239 0.131944 0.131944 0.168830 0.248914 0.225478 0.274672 0.292949 0.248914 0.198749 0.226142 0.182276 0.207610 0.297124 0.157799 0.259919 0.274492 0.287088 0.301458 0.225712 0.262258 0.274492 0.226505 0.297124 0.192308 0.177984 0.290042 0.236212 0.200842 0.212756 0.164783 0.276944 0.224032 0.521645 0.165149 0.167239 0.132682 0.175194 0.181269 0.197599 0.257080 0.465384 0.435455 0.435455 0.147922 0.192914 0.185819 0.178713 0.165295 0.165034 0.249636 0.162433 0.257902 0.181265 0.236886 0.177587
0.171503 0.261181 0.241962 0.261998 0.143449 0.158193 0.210088 0.210088 0.223815 0.161661 0.161661 0.248914 0.260223 0.225478 0.248914 0.187005 0.227472 0.157429 0.166450 0.153595 0.223779 0.177486 0.223942 0.285090 0.276921 0.276921 0.189134 0.281807 0.281807 0.231887 0.203197 0.248914 0.160961 0.175446 0.167623 0.286092 0.167838 0.202620 0.196209 0.285501 0.543632 0.163747 0.127692 0.210347 0.208689 0.236585 0.257894 0.281401 0.183649 0.212855 0.885162 0.649396 0.182678 0.142192 0.137161 0.161385 0.161385 0.215280 0.191023 0.173589 0.268609 0.217743 0.207186
0.176043 0.206980 0.228558 0.178858 0.158193 0.225562 0.264420 0.225478 0.290042 0.225562 0.312236 0.209901 0.187005 0.178057 0.235916 0.231887 0.174548 0.179362 0.165149 0.182363 0.200556 0.200556 0.217129 0.182400 0.168474 0.214060 0.224562 0.209715 0.273816 0.238729 0.185017 0.272565 0.157857 0.212856 0.236420 0.211742 0.167838 0.191781 0.166826 0.201734 0.192916 0.204353 0.210502 0.210347 0.255370 0.189791 0.625138 0.268389 0.268389 0.725492 0.640103 0.225987 0.409415 0.201540 0.408838 0.180796 0.182394 0.208768 0.243793 0.199309 0.201192 0.195499 0.193606
0.183084 0.197460 0.210088 0.285913 0.224032 0.223815 0.161661 0.215897 0.161661 0.260238 0.310572 0.283038 0.268741 0.268741 0.244785 0.284583 0.260238 0.227472 0.526241 0.159202 0.182298 0.202338 0.217129 0.179728 0.215614 0.181270 0.223747 0.200487 0.259890 0.238729 0.182374 0.208591 0.158963 0.187411 0.173792 0.158963 0.170919 0.222540 0.155805 0.166550 0.236212 0.239591 0.239591 0.162502 0.252334 0.295451 0.381020 0.670237 0.310572 0.546298 0.410553 0.490283 0.686059 0.408838 0.191222 0.152951 0.239090 0.208768 0.199309 0.219066 0.230528 0.177786 0.152951
0.141744 0.197460 0.160259 0.240208 0.174020 0.225420 0.182377 0.179362 0.289157 0.519740 0.482792 0.279376 0.268741 0.260238 0.260238 0.284583 0.216087 0.216087 0.159202 0.279723 0.332560 0.173687 0.137475 0.184151 0.288723 0.377868 0.160466 0.172214 0.207610 0.180014 0.182374 0.218636 0.272565 0.207610 0.159034 0.178916 0.215568 0.221568 0.191383 0.129349 0.180550 0.168474 0.222764 0.223942 0.166378 0.275206 0.613093 0.290359 0.654268 0.395611 0.552842 0.411115 0.515815 0.230742 0.646948 0.182384 0.178478 0.175880 0.266188 0.212444 0.212444 0.182310 0.189318
0.285913 0.198399 0.187894 0.171831 0.214304 0.214304 0.210141 0.171977 0.281387 0.269943 0.181180 0.260238 0.212464 0.260238 0.293608 0.210088 0.188308 0.263107 0.171900 0.250184 0.263026 0.194368 0.179362 0.166621 0.148711 0.148711 0.204256 0.182401 0.171071 0.181423 0.165149 0.197569 0.130119 0.217136 0.177486 0.185838 0.191943 0.172300 0.177486 0.163690 0.180550 0.214060 0.200181 0.164382 0.230528 0.250467 0.522583 0.290359 0.360943 0.289132 0.594962 0.534719 0.534719 0.261981 0.779803 0.559769 0.260980 0.449395 0.611797 0.225819 0.221235 0.182394 0.207610
0.278858 0.285913 0.143449 0.195171 0.214304 0.164966 0.177047 0.182388 0.186609 0.214304 0.288723 0.156716 0.226639 0.216245 0.284037 0.190515 0.530599 0.530599 0.200683 0.281112 0.178630 0.225122 0.200487 0.142606 0.221943 0.199207 0.204256 0.177786 0.549415 0.199272 0.207610 0.181923 0.141328 0.217136 0.246303 0.179923 0.194574 0.216417 0.181737 0.212620 0.241200 0.182400 0.244557 0.222999 0.235305 0.235305 0.167535 0.256267 0.152408 0.295280 0.280418 0.210411 0.161141 0.463978 0.305179 0.419921 0.286546 0.453870 0.462106 0.232817 0.180019 0.230509 0.327120
0.167966 0.290042 0.252126 0.203800 0.139150 0.164966 0.203800 0.186708 0.203800 0.171831 0.195171 0.269147 0.255370 0.217129 0.238655 0.211356 0.170983 0.265258 0.209465 0.281112 0.179362 0.179362 0.199207 0.156359 0.223828 0.414383 0.160259 0.156230 0.156230 0.174697 0.171850 0.226505 0.203800 0.182374 0.182374 0.196390 0.166826 0.219084 0.236212 0.190485 0.179923 0.211041 0.172768 0.182374 0.213563 0.211378 0.197921 0.166251 0.223458 0.289132 0.170227 0.192862 0.624007 0.311376 0.535514 0.211356 0.547573 0.981818 0.225187 0.249433 0.376263 0.271677 0.682968
0.210411 0.262574 0.185481 0.196605 0.297124 0.139127 0.287116 0.179362 0.251297 0.244657 0.203800 0.214304 0.158104 0.173454 0.218192 0.213248 0.266591 0.143262 0.188429 0.290768 0.268741 0.221568 0.210088 0.226208 0.180019 0.188308 0.277291 0.132064 0.225819 0.225819 0.208591 0.226505 0.210411 0.190580 0.225187 0.259575 0.211040 0.170931 0.229596 0.260938 0.173585 0.187984 0.182293 0.215493 0.213563 0.219084 0.239591 0.262815 0.303938 0.186652 0.163747 0.192862 0.213664 0.236913 0.226533 0.212144 0.354560 0.354560 0.356408 0.722040 0.462106 0.681606 0.496764
0.210084 0.207610 0.178380 0.160961 0.200810 0.290872 0.225706 0.266314 0.273120 0.207374 0.183062 0.221871 0.186995 0.209580 0.168830 0.174020 0.188174 0.210088 0.168618 0.263107 0.225304 0.225304 0.377868 0.215298 0.173774 0.168485 0.182363 0.193765 0.208591 0.173769 0.208591 0.158525 0.179728 0.200181 0.244165 0.223891 0.187544 0.170931 0.245299 0.236440 0.307251 0.206128 0.226575 0.182400 0.182388 0.200576 0.185988 0.212044 0.221850 0.221850 0.201037 0.214002 0.222540 0.185773 0.194916 0.171720 0.190267 0.181074 0.176542 0.292201 0.229596 0.820237 0.258212
0.196665 0.158104 0.166658 0.297124 0.227543 0.288801 0.210411 0.219115 0.209465 0.207374 0.143449 0.189791 0.170742 0.182400 0.182400 0.214304 0.202781 0.182313 0.175859 0.161661 0.163747 0.273816 0.211199 0.215298 0.183680 0.203022 0.188088 0.182374 0.182689 0.182374 0.178224 0.136524 0.170205 0.226505 0.160747 0.185838 0.226505 0.223779 0.253079 0.273522 0.209938 0.282219 0.202320 0.186552 0.182374 0.219084 0.239591 0.200429 0.142521 0.171173 0.163809 0.129349 0.222540 0.173917 0.173719 0.193475 0.183356 0.187137 0.196073 0.213960 0.306007 0.182298 0.171720
0.247138 0.168830 0.166658 0.165971 0.219513 0.180817 0.210411 0.210411 0.216579 0.205302 0.222495 0.196624 0.203800 0.180282 0.181031 0.177047 0.202135 0.195054 0.190273 0.222675 0.197569 0.216245 0.195273 0.182401 0.143449 0.218473 0.137263 0.174571 0.189287 0.170919 0.219513 0.203739 0.217129 0.217129 0.193141 0.179610 0.182374 0.182388 0.209580 0.182374 0.215456 0.179260 0.223779 0.182400 0.219084 0.178970 0.241449 0.201898 0.142521 0.252775 0.153431 0.158963 0.155660 0.208591 0.182352 0.193475 0.170919 0.196086 0.308080 0.303938 0.282154 0.282154 0.257894
0.127756 0.167016 0.176502 0.125369 0.207610 0.215614 0.146549 0.214304 0.226263 0.242078 0.193292 0.181810 0.217068 0.225122 0.195770 0.261181 0.257571 0.143449 0.261181 0.160299 0.170227 0.159202 0.216087 0.285913 0.195805 0.165760 0.165760 0.226505 0.251216 0.182689 0.170740 0.184151 0.207197 0.171503 0.193141 0.159435 0.212812 0.208591 0.182374 0.200576 0.162045 0.179260 0.297124 0.181923 0.182374 0.182374 0.200576 0.171947 0.182317 0.209580 0.170919 0.175446 0.141370 0.141370 0.275206 0.200576 0.183356 0.210897 0.158963 0.175446 0.159434 0.133461 0.236859
0.143449 0.195499 0.180033 0.277815 0.126884 0.226505 0.214304 0.214304 0.214304 0.223328 0.155643 0.201326 0.190273 0.225122 0.226043 0.223637 0.247311 0.175201 0.175201 0.204723 0.220965 0.261998 0.160466 0.243495 0.268741 0.244657 0.202109 0.226505 0.218201 0.233260 0.252126 0.123656 0.195986 0.221330 0.168172 0.209580 0.182400 0.173397 0.155141 0.243309 0.270081 0.297124 0.182374 0.183217 0.182689 0.161326 0.177302 0.167011 0.182400 0.158239 0.138179 0.189299 0.188540 0.161142 0.182342 0.205861 0.200201 0.193475 0.173792 0.195775 0.208591 0.168685 0.162706
0.600737 0.208591 0.266467 0.169927 0.214304 0.168830 0.214304 0.214304 0.214304 0.158104 0.168585 0.158403 0.311141 0.208768 0.252126 0.222933 0.186809 0.173228 0.194460 0.212302 0.219115 0.266467 0.210088 0.296597 0.226294 0.188539 0.206536 0.170551 0.182386 0.179847 0.175385 0.155660 0.187887 0.183496 0.208768 0.217192 0.207610 0.233260 0.225181 0.242955 0.203800 0.177486 0.179728 0.227750 0.218194 0.158239 0.174981 0.178224 0.159989 0.161326 0.198769 0.212812 0.188540 0.204723 0.295280 0.182339 0.151022 0.244557 0.158963 0.195775 0.203698 0.267256 0.171232
0.462106 0.414911 0.693158 0.462106 0.531421 0.167736 0.214304 0.214304 0.214304 0.214304 0.166691 0.185481 0.192740 0.229209 0.234175 0.222495 0.249873 0.151936 0.260238 0.276921 0.248930 0.285913 0.226223 0.332560 0.204723 0.179593 0.166388 0.150367 0.165815 0.261181 0.261181 0.198566 0.187332 0.182293 0.183721 0.204823 0.220967 0.213960 0.225181 0.173228 0.199472 0.207610 0.221456 0.161326 0.171143 0.158239 0.193837 0.216018 0.216018 0.189351 0.203080 0.200132 0.145378 0.292117 0.272877 0.167696 0.177087 0.177087 0.180951 0.193475 0.188540 0.209580 0.225362
0.986406 0.462106 0.462106 0.462106 0.869623 0.219066 0.168830 0.168830 0.214304 0.205562 0.214304 0.174950 0.274492 0.182109 0.207610 0.211092 0.207374 0.151936 0.213721 0.210726 0.247311 0.216245 0.216245 0.210088 0.314318 0.174451 0.228244 0.166691 0.286546 0.170866 0.222540 0.198566 0.286092 0.254218 0.199272 0.174252 0.170249 0.172442 0.212460 0.168879 0.200487 0.219251 0.214929 0.194908 0.219084 0.182374 0.178223 0.214628 0.178006 0.229352 0.229352 0.161459 0.261181 0.180019 0.197296 0.238750 0.182805 0.192862 0.169554 0.199258 0.172520 0.213981 0.236212
0.462106 0.462106 0.618109 0.462106 0.462106 0.197444 0.198370 0.174660 0.214304 0.172968 0.214304 0.152408 0.146549 0.218306 0.219115 0.219115 0.207374 0.242733 0.253068 0.225562 0.278858 0.168556 0.181084 0.182048 0.196015 0.243309 0.212104 0.217926 0.763731 0.195447 0.272877 0.279768 0.154743 0.168249 0.163054 0.264768 0.171430 0.201879 0.174892 0.162010 0.285571 0.165819 0.257080 0.435455 0.208768 0.182374 0.166809 0.149549 0.162452 0.182374 0.200472 0.161326 0.201540 0.169891 0.272474 0.169585 0.182805 0.159034 0.253784 0.183212 0.172722 0.191586 0.159472
0.462106 0.462106 0.462106 0.618109 0.948340 0.412224 0.203800 0.594961 0.152059 0.214304 0.169991 0.158963 0.214304 0.214304 0.199898 0.277733 0.276770 0.207374 0.220039 0.219115 0.173228 0.206306 0.154784 0.165760 0.226505 0.291287 0.305403 0.730540 0.202061 0.221396 0.181462 0.166381 0.137255 0.207436 0.207436 0.272877 0.221891 0.276516 0.165815 0.458260 0.411672 0.220813 0.257080 0.237804 0.142950 0.218201 0.208895 0.161326 0.179610 0.182374 0.201031 0.182374 0.208591 0.182403 0.166180 0.221891 0.239163 0.274492 0.304351 0.191781 0.519740 0.157581 0.157581
0.462106 0.462106 0.531421 0.462106 0.462106 0.294199 0.462106 0.635395 0.162219 0.177287 0.202581 0.214304 0.168308 0.165013 0.214304 0.293228 0.207374 0.233904 0.248268 0.189217 0.176165 0.206306 0.204536 0.205782 0.207610 0.205076 0.937293 0.937293 0.205861 0.181596 0.185636 0.174736 0.118873 0.207042 0.153692 0.272877 0.141238 0.188308 0.261632 0.136609 0.311141 0.225258 0.462106 0.969794 0.212291 0.191984 0.313030 0.200556 0.182374 0.170931 0.155376 0.209536 0.215251 0.139866 0.139866 0.188458 0.192561 0.177486 0.169055 0.179819 0.164324 0.238000 0.267693
