Example_Watersheds/WA_MashelWatershed/DataInputs/o_3_ChemistryPools/Mashel_1990_Pools/NH4_Pool_2.asc
ncols         923
nrows         455
xllcorner     550005.67551598
yllcorner     5180549.8134422
cellsize      30
NODATA_value  -9999
[rows 392 to 419 of 455, columns 819 to 881 of 923]
0.110152 0.203665 0.192948 0.195519 0.217853 0.235346 0.110152 0.230769 0.195519 0.180061 0.189367 0.063413 0.154044 0.185889 0.183822 0.175742 0.067188 0.067664 0.117105 0.142322 0.118413 0.172112 0.110152 0.110152 0.110152 0.110152 0.110152 0.110152 0.110152 0.110152 0.110152 0.110152 0.110152 0.110152 0.110152 0.110152 0.110152 0.110152 0.110152 0.110152 0.110152 0.110152 0.110152 0.110152 0.110152 0.201558 0.110152 0.110152 0.110152 0.110152 0.110152 0.165227 0.234485 0.202621 0.177427 0.156416 0.217105 0.229599 0.110152 0.110152 0.110152 0.110152 0.110152
0.141820 0.110152 0.110152 0.143197 0.130741 0.110152 0.141600 0.180061 0.176243 0.114282 0.119922 0.186276 0.185889 0.235333 0.153854 0.166604 0.152846 0.182934 0.049335 0.163243 0.173489 0.112905 0.234968 0.110152 0.110152 0.110152 0.110152 0.110152 0.110152 0.110152 0.110152 0.110152 0.110152 0.110152 0.129428 0.110152 0.122544 0.110152 0.110152 0.110152 0.110152 0.110152 0.110152 0.110152 0.134936 0.110152 0.110152 0.110152 0.110152 0.110152 0.110152 0.110152 0.110152 0.229260 0.196896 0.129942 0.127004 0.137749 0.110152 0.114282 0.110152 0.110152 0.110152
0.229599 0.173489 0.110152 0.150082 0.110152 0.179552 0.179552 0.186654 0.097987 0.180562 0.136932 0.169358 0.148705 0.170735 0.107288 0.182477 0.182477 0.122757 0.061379 0.060209 0.038241 0.054615 0.140107 0.156966 0.110152 0.110152 0.110152 0.110152 0.110152 0.110152 0.110152 0.110152 0.110152 0.110152 0.129428 0.110152 0.110152 0.110152 0.110152 0.110152 0.110152 0.110152 0.110152 0.110152 0.110152 0.110152 0.110152 0.110152 0.110152 0.110152 0.110152 0.110152 0.110152 0.168215 0.230769 0.156416 0.131193 0.184504 0.110152 0.110152 0.110152 0.110152 0.110152
0.132182 0.186276 0.150082 0.205699 0.166604 0.159720 0.119922 0.195963 0.123242 0.123954 0.156665 0.152835 0.110152 0.177427 0.235338 0.205699 0.086800 0.071059 0.061379 0.082781 0.060209 0.117687 0.182012 0.118413 0.110152 0.110152 0.110152 0.110152 0.110152 0.110152 0.110152 0.110152 0.154230 0.110152 0.110152 0.118413 0.110152 0.110152 0.110152 0.110152 0.110152 0.110152 0.110152 0.110152 0.110152 0.110152 0.110152 0.110152 0.117036 0.126674 0.191035 0.110152 0.110152 0.110152 0.224306 0.168215 0.226367 0.170735 0.110152 0.110152 0.110152 0.110152 0.110152
0.062562 0.068936 0.117397 0.110152 0.110152 0.133946 0.110152 0.157675 0.188415 0.117397 0.235299 0.208610 0.225880 0.138551 0.213090 0.066561 0.051041 0.058991 0.057561 0.052179 0.037465 0.049512 0.141963 0.166604 0.167981 0.110152 0.110152 0.110152 0.110152 0.110152 0.110152 0.110152 0.110152 0.110152 0.110152 0.110152 0.110152 0.110152 0.110152 0.110152 0.110152 0.110152 0.110152 0.110152 0.110152 0.110152 0.110152 0.110152 0.110152 0.114282 0.223744 0.110152 0.110152 0.157504 0.139066 0.139066 0.234485 0.201558 0.110152 0.110152 0.110152 0.137690 0.154212
0.070665 0.122510 0.157591 0.151270 0.159720 0.192765 0.228902 0.184504 0.215555 0.138551 0.189367 0.179552 0.155099 0.068772 0.075789 0.131339 0.063809 0.054746 0.052179 0.077567 0.077567 0.148959 0.129436 0.208610 0.166604 0.110152 0.130805 0.110152 0.154412 0.110152 0.110152 0.110152 0.155589 0.161097 0.110152 0.110152 0.110152 0.110152 0.110152 0.110152 0.110152 0.110152 0.110152 0.110152 0.110152 0.110152 0.110152 0.110152 0.110152 0.139337 0.177427 0.232101 0.231015 0.129428 0.199376 0.110152 0.110152 0.110152 0.110152 0.110152 0.110152 0.122544 0.110152
0.061970 0.083275 0.100845 0.185493 0.228902 0.126674 0.110152 0.165227 0.183383 0.130428 0.133504 0.086588 0.063497 0.063497 0.184675 0.180562 0.153056 0.088051 0.046913 0.129262 0.124187 0.111794 0.129436 0.110152 0.232596 0.110152 0.110152 0.110152 0.110152 0.110152 0.110152 0.232596 0.141820 0.110152 0.110152 0.110152 0.110152 0.110152 0.110152 0.110152 0.110152 0.110152 0.110152 0.110152 0.110152 0.110152 0.110152 0.110152 0.110152 0.110152 0.172112 0.232101 0.231242 0.161097 0.155589 0.110152 0.154212 0.110152 0.110152 0.110152 0.110152 0.110152 0.144728
0.087431 0.083275 0.099800 0.157591 0.189667 0.076189 0.234828 0.235338 0.191035 0.167530 0.154412 0.231967 0.155724 0.140107 0.180061 0.180562 0.178507 0.068836 0.145056 0.166838 0.163243 0.188081 0.110152 0.110152 0.110152 0.110152 0.110152 0.117036 0.110152 0.110152 0.110152 0.110152 0.110152 0.140443 0.158343 0.110152 0.110152 0.110152 0.110152 0.110152 0.110152 0.110152 0.110152 0.110152 0.110152 0.110152 0.110152 0.110152 0.110152 0.234968 0.215555 0.235299 0.110152 0.232596 0.110152 0.110152 0.110152 0.110152 0.110152 0.110152 0.110152 0.110152 0.132182
0.116811 0.235255 0.224306 0.097709 0.110788 0.109416 0.060500 0.192185 0.157591 0.086800 0.130894 0.184675 0.153056 0.190779 0.134936 0.099431 0.231451 0.157219 0.191283 0.182012 0.131483 0.151270 0.183383 0.152194 0.119790 0.119790 0.163851 0.150535 0.176243 0.118413 0.110152 0.211353 0.110152 0.191035 0.176243 0.110152 0.110152 0.110152 0.110152 0.110152 0.110152 0.110152 0.110152 0.110152 0.110152 0.110152 0.110152 0.110152 0.078898 0.110152 0.185889 0.224849 0.224849 0.137690 0.110152 0.110152 0.110152 0.235346 0.110152 0.110152 0.110152 0.110152 0.235255
0.078898 0.156665 0.065541 0.103560 0.061772 0.072012 0.180061 0.129087 0.108715 0.076389 0.153463 0.155574 0.092100 0.118413 0.166604 0.110152 0.121167 0.121167 0.163851 0.098395 0.066948 0.054499 0.156286 0.092459 0.146940 0.151458 0.163851 0.189667 0.181054 0.110152 0.189667 0.140107 0.170214 0.191035 0.146016 0.051174 0.119790 0.147328 0.112905 0.110152 0.110152 0.110152 0.110152 0.110152 0.110152 0.110152 0.144574 0.110152 0.110152 0.110152 0.110152 0.224849 0.196896 0.110152 0.110152 0.110152 0.110152 0.110152 0.110152 0.110152 0.110152 0.150082 0.156899
0.100276 0.112779 0.068517 0.062391 0.059116 0.072012 0.072866 0.063158 0.086588 0.092280 0.064356 0.064605 0.150535 0.157010 0.213090 0.148705 0.131483 0.178996 0.185088 0.098395 0.057910 0.150784 0.065246 0.205699 0.235307 0.110152 0.134936 0.203665 0.177619 0.220657 0.151029 0.132035 0.152835 0.149231 0.156286 0.148705 0.166604 0.189059 0.115659 0.174866 0.110152 0.235346 0.155589 0.110152 0.110152 0.110152 0.110152 0.110152 0.110152 0.110152 0.110152 0.110152 0.132182 0.122544 0.110152 0.110152 0.110152 0.110152 0.114282 0.110152 0.110152 0.110152 0.177427
0.099305 0.144396 0.065285 0.164707 0.064860 0.083275 0.065796 0.069330 0.058617 0.066348 0.064520 0.092280 0.118542 0.060365 0.188415 0.132167 0.191522 0.230221 0.092988 0.092459 0.144728 0.105824 0.112125 0.172112 0.191522 0.110152 0.219292 0.231813 0.155589 0.155589 0.193705 0.172112 0.154412 0.189667 0.108715 0.132035 0.156665 0.227718 0.184253 0.157591 0.188635 0.180373 0.110152 0.110152 0.110152 0.110152 0.235242 0.110152 0.110152 0.110152 0.110152 0.110152 0.110152 0.123921 0.110152 0.110152 0.110152 0.110152 0.110152 0.195519 0.110152 0.110152 0.180373
0.078143 0.069530 0.050929 0.101214 0.066306 0.092280 0.057235 0.062452 0.064349 0.101610 0.146328 0.201558 0.154933 0.102787 0.090043 0.128174 0.131483 0.223744 0.098260 0.144396 0.071335 0.071335 0.096403 0.151270 0.221312 0.235346 0.235333 0.208610 0.183822 0.110152 0.193705 0.141820 0.231967 0.160210 0.101610 0.132035 0.140107 0.227718 0.193428 0.157318 0.163979 0.227718 0.166604 0.110152 0.110152 0.110152 0.110152 0.110152 0.231967 0.231967 0.181750 0.187258 0.145951 0.110152 0.110152 0.110152 0.110152 0.110152 0.110152 0.177619 0.110152 0.110152 0.110152
0.053855 0.073930 0.054817 0.100276 0.098395 0.071775 0.063158 0.051984 0.065614 0.101610 0.076389 0.153056 0.146328 0.145700 0.145700 0.156784 0.150535 0.067242 0.110152 0.157591 0.185088 0.234828 0.150535 0.151270 0.193947 0.160981 0.193947 0.193947 0.183383 0.129428 0.165227 0.235255 0.193947 0.156899 0.190012 0.143029 0.150282 0.172135 0.183383 0.225880 0.185889 0.176312 0.217105 0.196896 0.228132 0.110152 0.110152 0.110152 0.111528 0.234054 0.110152 0.110152 0.214752 0.175742 0.110152 0.128051 0.110152 0.129428 0.145951 0.154933 0.191035 0.128051 0.110152
0.057009 0.041270 0.054817 0.115306 0.221312 0.132674 0.153854 0.097427 0.057910 0.049021 0.076389 0.122510 0.129776 0.076389 0.076982 0.124871 0.067157 0.124187 0.135676 0.154589 0.191388 0.192765 0.168890 0.164707 0.183383 0.235338 0.193117 0.214752 0.172135 0.224849 0.230769 0.217105 0.230221 0.230221 0.208610 0.220657 0.232239 0.155589 0.191283 0.222565 0.138152 0.199376 0.196896 0.216339 0.110152 0.221312 0.110152 0.110152 0.117036 0.110152 0.154763 0.110152 0.158343 0.110152 0.129428 0.128051 0.110152 0.129428 0.123921 0.177971 0.177971 0.197119 0.158343
0.037567 0.058735 0.065538 0.057009 0.128729 0.105079 0.127004 0.092813 0.080542 0.100621 0.117687 0.131763 0.124871 0.121502 0.131763 0.131763 0.123482 0.054049 0.131483 0.182934 0.065711 0.100507 0.132551 0.185493 0.176312 0.176312 0.234828 0.141963 0.230221 0.214752 0.229260 0.160981 0.189059 0.192389 0.208610 0.185088 0.191751 0.215555 0.182934 0.156543 0.230221 0.199376 0.110152 0.110152 0.128051 0.110152 0.110152 0.129942 0.117036 0.110152 0.110152 0.151458 0.110152 0.110152 0.179552 0.117036 0.187385 0.218582 0.218582 0.192948 0.123921 0.169358 0.110152
0.054831 0.066348 0.053251 0.058991 0.067327 0.079270 0.052802 0.097284 0.099305 0.124187 0.097284 0.132674 0.067836 0.121502 0.115306 0.090043 0.075279 0.110152 0.110152 0.099678 0.185889 0.067133 0.082781 0.167530 0.067157 0.081422 0.167530 0.141963 0.130586 0.122757 0.144728 0.128729 0.170863 0.189367 0.159430 0.188741 0.193947 0.183383 0.205699 0.156416 0.169556 0.231813 0.183383 0.213090 0.112905 0.207658 0.129428 0.218582 0.129428 0.143197 0.110152 0.134936 0.129428 0.185493 0.146328 0.234828 0.191751 0.227287 0.156784 0.157591 0.202621 0.111528 0.110152
0.087431 0.054148 0.066469 0.066708 0.051199 0.060880 0.052802 0.065796 0.106561 0.106561 0.069330 0.065711 0.119650 0.114688 0.071775 0.086588 0.051671 0.117687 0.110152 0.111461 0.074059 0.061644 0.065285 0.074567 0.051515 0.071569 0.099800 0.117974 0.110152 0.085288 0.098124 0.076587 0.117105 0.082447 0.138152 0.087431 0.190779 0.190779 0.231967 0.132551 0.143377 0.159430 0.231451 0.159430 0.218582 0.234054 0.235255 0.110152 0.147328 0.197119 0.228132 0.110152 0.125297 0.204691 0.185881 0.155589 0.168890 0.211353 0.184675 0.157591 0.190779 0.125297 0.110152
0.180061 0.093848 0.093848 0.057508 0.091736 0.065440 0.057378 0.073958 0.083111 0.049461 0.088862 0.100621 0.071775 0.064690 0.049439 0.109762 0.157010 0.123242 0.189059 0.090043 0.066882 0.058735 0.064845 0.050929 0.071836 0.088459 0.075787 0.130586 0.052687 0.071557 0.071557 0.062562 0.181054 0.150535 0.146636 0.166838 0.042322 0.146328 0.231967 0.182934 0.138946 0.191522 0.151740 0.156665 0.150535 0.234054 0.040618 0.232101 0.110152 0.110152 0.110152 0.110152 0.125297 0.157219 0.120191 0.234280 0.189667 0.189667 0.181537 0.154763 0.156013 0.232931 0.188635
0.057247 0.146636 0.097849 0.094514 0.078143 0.156416 0.127403 0.068136 0.085726 0.099305 0.062733 0.057132 0.066136 0.131763 0.063086 0.040244 0.091736 0.123242 0.050812 0.059116 0.071132 0.100159 0.100159 0.065285 0.052523 0.098260 0.156543 0.103943 0.052807 0.038844 0.137749 0.062562 0.103943 0.118259 0.063809 0.110152 0.181054 0.193947 0.059727 0.195963 0.205699 0.227287 0.161744 0.193117 0.151507 0.185493 0.036436 0.052097 0.168215 0.184675 0.151458 0.110152 0.110152 0.176243 0.110152 0.140443 0.186654 0.206688 0.187385 0.232596 0.159720 0.110152 0.110152
0.057781 0.064095 0.146636 0.094514 0.062028 0.052218 0.065796 0.057009 0.039413 0.054148 0.062733 0.059232 0.061704 0.041106 0.042137 0.052644 0.062452 0.103175 0.055326 0.066708 0.126801 0.040446 0.068380 0.106561 0.060880 0.057357 0.095322 0.062733 0.073047 0.054767 0.054049 0.094183 0.157010 0.189367 0.182012 0.110152 0.225880 0.134819 0.151507 0.157318 0.134819 0.054751 0.127985 0.181054 0.163979 0.144396 0.173978 0.039732 0.231642 0.227287 0.222565 0.192765 0.234280 0.110152 0.235255 0.182477 0.205699 0.173978 0.110152 0.110152 0.172112 0.110152 0.144574
0.072650 0.093848 0.065272 0.061171 0.064412 0.066467 0.065246 0.047766 0.040244 0.066391 0.066467 0.054277 0.038516 0.053251 0.051163 0.052687 0.066467 0.038383 0.059232 0.062452 0.042137 0.049136 0.053251 0.057009 0.064583 0.038516 0.051041 0.104324 0.064670 0.128729 0.167530 0.225880 0.182934 0.189059 0.189059 0.110152 0.110152 0.110152 0.172135 0.150784 0.100845 0.115306 0.127985 0.152846 0.114688 0.167530 0.057009 0.233244 0.203665 0.227287 0.231451 0.221312 0.191388 0.110152 0.187258 0.038383 0.205699 0.181537 0.110152 0.115659 0.110152 0.110152 0.110152
0.065796 0.051085 0.052802 0.065796 0.066306 0.051593 0.065796 0.059232 0.044564 0.063057 0.080897 0.041920 0.063511 0.056634 0.051163 0.060880 0.043299 0.068035 0.040446 0.066467 0.050809 0.049136 0.057009 0.067242 0.058991 0.066708 0.066708 0.039100 0.068380 0.051827 0.060903 0.193117 0.137749 0.182934 0.148402 0.110152 0.151507 0.235333 0.160210 0.143377 0.147829 0.128361 0.179034 0.147829 0.129087 0.223744 0.110152 0.110152 0.110152 0.110152 0.156665 0.188741 0.194054 0.185881 0.185881 0.110152 0.052844 0.145380 0.122544 0.129428 0.110152 0.110152 0.110152
0.065796 0.053880 0.070214 0.081422 0.057132 0.050929 0.053237 0.059232 0.038516 0.099431 0.063298 0.045496 0.054259 0.051458 0.051163 0.038516 0.066708 0.038516 0.042771 0.042771 0.045538 0.057101 0.081939 0.067242 0.064329 0.066391 0.078523 0.061007 0.066391 0.059281 0.146636 0.194142 0.231967 0.182934 0.063924 0.203665 0.067327 0.057781 0.054501 0.086588 0.184504 0.194054 0.112453 0.122757 0.129428 0.157844 0.188415 0.110152 0.110152 0.110152 0.213930 0.224849 0.219984 0.110152 0.126674 0.215555 0.205699 0.195519 0.228902 0.110152 0.110152 0.110152 0.110152
0.072239 0.125751 0.068380 0.054817 0.038516 0.047747 0.053237 0.053462 0.065299 0.048551 0.050614 0.037523 0.033892 0.042700 0.036495 0.053134 0.054932 0.049056 0.068966 0.065456 0.071059 0.063809 0.053237 0.041677 0.073553 0.043271 0.078523 0.086588 0.062562 0.054210 0.156416 0.066948 0.097427 0.121244 0.123719 0.048645 0.041106 0.089061 0.089061 0.108715 0.138152 0.052484 0.052727 0.074971 0.072650 0.074349 0.188415 0.150535 0.225880 0.161097 0.154933 0.177427 0.078333 0.110152 0.198257 0.191751 0.228902 0.110152 0.231015 0.110152 0.110152 0.110152 0.110152
0.118542 0.227287 0.138551 0.138551 0.136517 0.134384 0.072720 0.098661 0.080897 0.107288 0.049959 0.044256 0.107288 0.073857 0.042775 0.036495 0.044209 0.047747 0.045025 0.060951 0.048551 0.086588 0.114375 0.037465 0.044816 0.043271 0.110106 0.097849 0.072340 0.136517 0.066647 0.066647 0.083719 0.074161 0.097284 0.052062 0.043827 0.042445 0.040755 0.108715 0.049272 0.063375 0.083719 0.039724 0.128361 0.096701 0.127004 0.167530 0.192185 0.187385 0.157219 0.207658 0.192584 0.155574 0.149764 0.189667 0.234828 0.110152 0.110152 0.156966 0.110152 0.110152 0.110152
0.110152 0.235307 0.110152 0.166604 0.136517 0.129776 0.094016 0.096995 0.064094 0.053565 0.041291 0.044256 0.132425 0.047747 0.057413 0.059986 0.052583 0.058617 0.045025 0.143377 0.050656 0.072239 0.045619 0.045619 0.041486 0.130428 0.152835 0.110152 0.231451 0.232596 0.173372 0.149764 0.083275 0.066630 0.095636 0.054600 0.039041 0.057791 0.148959 0.142678 0.101214 0.095792 0.089260 0.071113 0.065358 0.091736 0.102005 0.127403 0.134819 0.166838 0.223744 0.231813 0.185881 0.132167 0.193830 0.176312 0.168890 0.110152 0.231015 0.110152 0.110152 0.161097 0.110152
0.110152 0.191522 0.174866 0.156899 0.150082 0.235299 0.181054 0.094183 0.061644 0.039724 0.053190 0.039653 0.054129 0.053190 0.063243 0.073553 0.107288 0.064689 0.149231 0.054277 0.138551 0.049115 0.044794 0.050875 0.047703 0.139066 0.143197 0.110152 0.110152 0.117036 0.110152 0.092280 0.061900 0.097284 0.113103 0.044173 0.162474 0.217853 0.109067 0.235255 0.140861 0.156416 0.156416 0.156416 0.156416 0.156416 0.063498 0.093507 0.138551 0.190241 0.223744 0.191522 0.191751 0.215555 0.191522 0.191035 0.235299 0.110152 0.118413 0.110152 0.110152 0.219292 0.231967
