Example_Watersheds/WA_MashelWatershed/DataInputs/o_3_ChemistryPools/Mashel_1990_Pools/NH4_Pool_3.asc
ncols         923
nrows         455
xllcorner     550005.67551598
yllcorner     5180549.8134422
cellsize      30
NODATA_value  -9999
[rows 84 to 111 of 455, columns 756 to 818 of 923]
0.014650 0.009898 0.016625 0.016625 0.014912 0.014912 0.016896 0.016625 0.016896 0.013236 0.014074 0.018060 0.018060 0.016896 0.036453 0.014650 0.012648 0.014894 0.011123 0.012614 0.013724 0.016625 0.011133 0.011133 0.007953 0.007953 0.010406 0.016896 0.018637 0.018637 0.016501 0.016501 0.012828 0.015401 0.010406 0.016896 0.016625 0.024702 0.027907 0.050834 0.012694 0.009546 0.012467 0.010427 0.011142 0.012657 0.010865 0.012844 0.016896 0.015803 0.018637 0.011409 0.010406 0.016625 0.011516 0.008897 0.016337 0.008687 0.011205 0.012959 0.010953 0.008277 0.010337
0.013465 0.012052 0.009718 0.013376 0.014912 0.012247 0.016625 0.018060 0.016625 0.013236 0.013957 0.013957 0.018060 0.034994 0.031293 0.014650 0.011798 0.014909 0.012506 0.009720 0.009748 0.010196 0.011133 0.008897 0.009748 0.011013 0.011516 0.011516 0.015205 0.018637 0.016378 0.015205 0.012694 0.015706 0.016896 0.018637 0.024167 0.032936 0.035301 0.014791 0.013376 0.010889 0.012313 0.011515 0.012103 0.009718 0.012109 0.010865 0.011488 0.013225 0.016265 0.016625 0.011133 0.009969 0.012614 0.010196 0.014312 0.012819 0.014137 0.012316 0.008897 0.013241 0.007953
0.015401 0.012052 0.012460 0.012901 0.017048 0.015205 0.013236 0.011633 0.016625 0.016212 0.016625 0.016625 0.016548 0.044453 0.023287 0.023287 0.011992 0.012271 0.010542 0.010749 0.008927 0.010196 0.010196 0.008897 0.011133 0.008465 0.010196 0.016625 0.016896 0.018637 0.010196 0.011878 0.013578 0.014580 0.012828 0.011978 0.015590 0.018637 0.028766 0.015390 0.011996 0.009831 0.012615 0.012615 0.009489 0.012103 0.011861 0.014912 0.012109 0.016896 0.011351 0.012098 0.010150 0.010373 0.014312 0.009621 0.014580 0.009236 0.012657 0.009924 0.012722 0.013241 0.013529
0.017615 0.012528 0.009699 0.011516 0.010196 0.012266 0.010205 0.013781 0.013781 0.013781 0.016896 0.016625 0.015205 0.017210 0.035895 0.030084 0.012016 0.010007 0.010237 0.009587 0.010196 0.016625 0.012479 0.008465 0.008689 0.010902 0.014912 0.016625 0.016625 0.008897 0.015544 0.010877 0.018637 0.017047 0.016565 0.016565 0.027016 0.012042 0.012672 0.031126 0.015858 0.011996 0.012945 0.012395 0.007680 0.011766 0.009812 0.014912 0.016930 0.016896 0.016896 0.011388 0.010406 0.011481 0.014312 0.008465 0.012614 0.015186 0.026724 0.012679 0.029419 0.014900 0.014900
0.010790 0.013910 0.010406 0.010196 0.011557 0.014312 0.011516 0.012959 0.016625 0.012959 0.008897 0.014912 0.012479 0.029812 0.015719 0.015561 0.010717 0.011942 0.010237 0.009587 0.010196 0.014312 0.010196 0.008465 0.007953 0.010406 0.014912 0.008897 0.008897 0.008897 0.016548 0.028824 0.032665 0.012828 0.012569 0.012081 0.026724 0.012073 0.009737 0.035585 0.016115 0.012208 0.011466 0.014693 0.009814 0.011873 0.009972 0.015873 0.016106 0.018637 0.011620 0.008465 0.011516 0.008897 0.010196 0.010196 0.010196 0.012309 0.009432 0.016836 0.009699 0.011569 0.013694
0.014370 0.011082 0.013665 0.010328 0.016625 0.014312 0.016625 0.011516 0.009325 0.009897 0.011516 0.011516 0.012479 0.024526 0.016462 0.012297 0.011416 0.009509 0.011509 0.009622 0.010583 0.014912 0.016625 0.014912 0.008897 0.010196 0.008897 0.008897 0.016625 0.018637 0.032665 0.032665 0.021773 0.008917 0.014973 0.020943 0.012743 0.014731 0.012579 0.014281 0.017331 0.008787 0.012791 0.013006 0.010427 0.009378 0.009269 0.009269 0.007982 0.014793 0.016896 0.014580 0.010376 0.010196 0.008897 0.010196 0.013002 0.018637 0.025385 0.015186 0.015033 0.014354 0.014354
0.054702 0.013932 0.014670 0.013236 0.016625 0.012247 0.008897 0.010196 0.009828 0.010196 0.011516 0.011133 0.011133 0.008897 0.013840 0.012592 0.009718 0.012157 0.012717 0.010901 0.010406 0.016625 0.016625 0.014921 0.010234 0.009748 0.008897 0.016625 0.017284 0.030494 0.012012 0.016992 0.011964 0.013912 0.012683 0.015502 0.025714 0.020516 0.020516 0.020516 0.014769 0.009924 0.012050 0.010955 0.015307 0.011314 0.012884 0.012401 0.011286 0.016212 0.012804 0.014580 0.011516 0.010196 0.012614 0.016896 0.016896 0.018637 0.025385 0.029419 0.018507 0.014520 0.015278
0.010938 0.012272 0.015205 0.016625 0.016625 0.014308 0.012479 0.016625 0.009748 0.010196 0.011293 0.014912 0.010196 0.010518 0.008897 0.011485 0.016762 0.012657 0.009777 0.011539 0.018637 0.016625 0.012395 0.014921 0.009748 0.016625 0.008897 0.008897 0.022849 0.012661 0.012012 0.011878 0.011878 0.009529 0.012619 0.012715 0.014942 0.017047 0.019491 0.025385 0.012725 0.019336 0.013307 0.009383 0.010465 0.010427 0.010568 0.009297 0.010368 0.013594 0.027907 0.010939 0.008465 0.010406 0.008897 0.010196 0.017048 0.015660 0.029368 0.038811 0.034311 0.016164 0.016992
0.035475 0.016438 0.012559 0.013236 0.013236 0.014714 0.011516 0.011516 0.014912 0.010196 0.016736 0.012418 0.010518 0.011620 0.012479 0.012016 0.016762 0.009814 0.009546 0.011516 0.012247 0.016625 0.016625 0.016625 0.016625 0.011857 0.016625 0.011333 0.013236 0.016896 0.008816 0.014580 0.014850 0.009529 0.013869 0.016977 0.035585 0.024702 0.030084 0.019336 0.017331 0.022432 0.010508 0.013006 0.011469 0.011592 0.010267 0.011696 0.010023 0.018637 0.013578 0.011133 0.010728 0.010196 0.008897 0.016625 0.010196 0.008897 0.014591 0.032847 0.030714 0.018196 0.015915
0.016789 0.015984 0.012559 0.013236 0.014912 0.010196 0.016625 0.010196 0.016625 0.010518 0.011133 0.008897 0.016896 0.008897 0.016378 0.010576 0.010576 0.011382 0.009040 0.010984 0.016625 0.015205 0.016625 0.014580 0.017663 0.013236 0.011358 0.014339 0.014580 0.014580 0.012576 0.014074 0.037583 0.020516 0.030570 0.024702 0.024702 0.016016 0.029717 0.012141 0.015027 0.014311 0.012209 0.009990 0.009990 0.011508 0.010974 0.010902 0.013515 0.016106 0.016896 0.016896 0.011991 0.010196 0.010196 0.016625 0.010518 0.016896 0.027907 0.022645 0.026346 0.036966 0.015915
0.035944 0.013417 0.010174 0.011388 0.011963 0.018637 0.015151 0.008758 0.008758 0.012247 0.010151 0.011516 0.011516 0.015205 0.015745 0.010196 0.011951 0.008072 0.008282 0.009377 0.015403 0.016625 0.012804 0.013236 0.013236 0.014912 0.008165 0.014339 0.014580 0.016992 0.016095 0.016368 0.026724 0.026724 0.030570 0.024702 0.024702 0.017686 0.012091 0.016016 0.012219 0.022432 0.008787 0.013984 0.011890 0.010124 0.010331 0.010072 0.016008 0.011205 0.017710 0.018637 0.009874 0.014312 0.014580 0.010196 0.018060 0.012022 0.014312 0.011605 0.020117 0.031602 0.037213
0.032573 0.032573 0.012736 0.012247 0.029368 0.012012 0.012668 0.011592 0.012803 0.010893 0.012247 0.014912 0.016625 0.015205 0.012163 0.012263 0.010224 0.009675 0.011821 0.010196 0.015403 0.016625 0.013236 0.016625 0.014432 0.012569 0.012492 0.011620 0.010196 0.008816 0.015544 0.016602 0.016115 0.029368 0.018891 0.017686 0.016016 0.024702 0.012247 0.022432 0.022432 0.012208 0.006971 0.012506 0.011282 0.010479 0.010072 0.008046 0.015976 0.016625 0.016896 0.014850 0.019217 0.012734 0.012584 0.025385 0.027016 0.018060 0.011445 0.009897 0.018680 0.016719 0.033368
0.023075 0.034011 0.012281 0.027907 0.012127 0.011252 0.012668 0.015500 0.009887 0.012681 0.010158 0.015073 0.024526 0.023106 0.009782 0.008552 0.011093 0.011516 0.015186 0.012247 0.012569 0.014339 0.014850 0.014580 0.012599 0.010235 0.008758 0.014289 0.014693 0.031098 0.027300 0.027300 0.021935 0.017686 0.024876 0.018060 0.016016 0.024702 0.027907 0.020015 0.012091 0.011032 0.009701 0.012472 0.010053 0.010495 0.009373 0.015227 0.015227 0.018637 0.012228 0.018060 0.015338 0.012285 0.014580 0.017875 0.009775 0.009117 0.011445 0.009897 0.012287 0.013236 0.017758
0.023075 0.029995 0.012901 0.016625 0.015309 0.012623 0.012712 0.010364 0.014580 0.012587 0.011093 0.008897 0.024526 0.024526 0.031098 0.010289 0.009381 0.011133 0.014912 0.012804 0.012597 0.016625 0.014580 0.015868 0.010938 0.011928 0.008897 0.011544 0.014693 0.009456 0.028824 0.015544 0.014580 0.016016 0.018060 0.015818 0.012743 0.020418 0.027907 0.031188 0.031188 0.009546 0.015162 0.014693 0.008962 0.009381 0.010753 0.012823 0.027907 0.016625 0.017445 0.017445 0.029368 0.010196 0.013594 0.009117 0.017445 0.015402 0.018060 0.018637 0.016578 0.009411 0.017615
0.013236 0.022504 0.028472 0.008897 0.009748 0.009748 0.012102 0.015066 0.012132 0.009828 0.012479 0.009737 0.016625 0.027439 0.010378 0.008465 0.011821 0.011133 0.015205 0.012597 0.014580 0.015544 0.014580 0.008816 0.010938 0.013818 0.011952 0.010196 0.010321 0.015775 0.028881 0.015544 0.015264 0.015264 0.015590 0.031188 0.023486 0.014354 0.020418 0.027907 0.015217 0.008787 0.012408 0.011230 0.011568 0.010392 0.011515 0.026724 0.012746 0.014912 0.016930 0.017445 0.016625 0.008957 0.016930 0.016896 0.012368 0.009775 0.015402 0.008816 0.008917 0.012746 0.012532
0.018637 0.015706 0.014850 0.015205 0.011878 0.016896 0.018637 0.018933 0.014104 0.014912 0.012479 0.017710 0.018286 0.015363 0.010425 0.011516 0.010169 0.010135 0.014580 0.027300 0.012793 0.016604 0.014731 0.011605 0.010938 0.012569 0.012569 0.011185 0.011126 0.013236 0.017048 0.011878 0.011878 0.026499 0.016602 0.027907 0.022432 0.026724 0.036377 0.016625 0.012662 0.012118 0.011568 0.010641 0.008758 0.011515 0.027016 0.017445 0.016930 0.013462 0.016930 0.016930 0.016930 0.014912 0.014912 0.010889 0.017445 0.017445 0.017445 0.013957 0.016930 0.012746 0.034011
0.014850 0.013578 0.023374 0.022849 0.017639 0.017331 0.035846 0.015205 0.013236 0.016896 0.014580 0.012697 0.016625 0.017001 0.007895 0.011133 0.010169 0.010169 0.011133 0.015544 0.014580 0.013236 0.011837 0.008897 0.008897 0.011467 0.014693 0.012713 0.008957 0.016625 0.011319 0.015544 0.028881 0.016719 0.030170 0.036625 0.023486 0.016016 0.027907 0.016896 0.014711 0.011073 0.011568 0.012002 0.016016 0.016016 0.019177 0.015858 0.017445 0.013927 0.016106 0.010202 0.012103 0.017497 0.014810 0.010202 0.017445 0.024962 0.036775 0.015324 0.034311 0.029812 0.036084
0.018637 0.018637 0.017095 0.011577 0.015706 0.014580 0.014850 0.014850 0.011992 0.011992 0.016378 0.014580 0.012349 0.015406 0.010382 0.008465 0.013376 0.011942 0.010375 0.012479 0.012247 0.013236 0.013236 0.010196 0.009037 0.012247 0.012713 0.012483 0.008957 0.009372 0.012349 0.014580 0.017307 0.017307 0.015423 0.036625 0.015047 0.015047 0.015818 0.027907 0.016625 0.014912 0.012161 0.025385 0.011236 0.013318 0.014580 0.017494 0.014760 0.012708 0.018637 0.014912 0.014912 0.027907 0.015996 0.016625 0.017236 0.036338 0.031704 0.032387 0.032936 0.033368 0.027575
0.018637 0.016620 0.016620 0.014670 0.013578 0.012492 0.014580 0.014850 0.012679 0.011252 0.017189 0.016275 0.016896 0.012163 0.010382 0.008897 0.010196 0.010601 0.008957 0.009748 0.012479 0.016625 0.013236 0.012247 0.012247 0.012395 0.016625 0.016625 0.014289 0.008957 0.010568 0.016896 0.016016 0.017166 0.025714 0.012172 0.014973 0.012743 0.015047 0.016265 0.016625 0.016625 0.016896 0.023012 0.016115 0.012681 0.015066 0.014731 0.014912 0.016212 0.027907 0.014912 0.014912 0.031704 0.016555 0.036775 0.016844 0.036338 0.026034 0.036489 0.045119 0.030784 0.043539
0.016896 0.018060 0.016620 0.016896 0.013578 0.015706 0.015706 0.014850 0.014850 0.009762 0.022053 0.021773 0.034595 0.011490 0.009588 0.008897 0.009748 0.009456 0.015544 0.016896 0.011133 0.011133 0.009021 0.012668 0.012623 0.009359 0.011350 0.011126 0.009372 0.008897 0.016896 0.018637 0.016368 0.015803 0.015620 0.015590 0.016016 0.015660 0.016016 0.010909 0.014075 0.016392 0.027907 0.027907 0.021895 0.015222 0.015066 0.012317 0.025133 0.025133 0.025133 0.016896 0.014912 0.023984 0.036338 0.034088 0.019375 0.037583 0.038811 0.014850 0.045119 0.015567 0.022395
0.016896 0.016625 0.016625 0.014580 0.021304 0.017692 0.024167 0.015957 0.014850 0.009762 0.015613 0.025999 0.025999 0.016786 0.016786 0.014839 0.012614 0.012392 0.011252 0.015544 0.012668 0.011516 0.015544 0.012627 0.012247 0.009359 0.010924 0.014810 0.016625 0.008957 0.016625 0.018637 0.016368 0.015803 0.025714 0.014973 0.016896 0.025133 0.008897 0.010909 0.016392 0.016392 0.016392 0.025133 0.016827 0.016827 0.014370 0.021935 0.015217 0.021648 0.014731 0.016625 0.016625 0.020418 0.016896 0.029263 0.027507 0.020708 0.037373 0.035181 0.022575 0.014650 0.034994
0.018060 0.018060 0.016625 0.014670 0.021304 0.020467 0.020467 0.018637 0.020168 0.014888 0.031293 0.022284 0.025999 0.025999 0.017372 0.014650 0.025999 0.015544 0.011252 0.012479 0.013236 0.012349 0.015544 0.010205 0.011928 0.012299 0.014289 0.012103 0.008957 0.009913 0.007801 0.016896 0.037583 0.018637 0.032196 0.017307 0.016896 0.016896 0.014610 0.011516 0.027907 0.024876 0.027907 0.016827 0.016827 0.016827 0.013694 0.016827 0.015309 0.021648 0.021814 0.014193 0.012395 0.037583 0.015739 0.012256 0.031704 0.041105 0.043724 0.016793 0.030784 0.013810 0.014611
0.016896 0.016896 0.016625 0.016896 0.016896 0.014850 0.024167 0.018637 0.015706 0.014850 0.034595 0.025999 0.025999 0.025999 0.025999 0.025999 0.012127 0.009748 0.012247 0.012614 0.016625 0.013578 0.014580 0.010196 0.009718 0.011126 0.021216 0.012694 0.010518 0.010406 0.009897 0.010196 0.008897 0.018637 0.016095 0.026499 0.012003 0.014610 0.016896 0.014610 0.024702 0.019413 0.027907 0.011954 0.014610 0.013694 0.016392 0.027907 0.023012 0.031602 0.021814 0.012653 0.021304 0.021304 0.015094 0.020943 0.017236 0.030127 0.031009 0.017149 0.034664 0.015005 0.012109
0.018637 0.014670 0.014912 0.016625 0.018637 0.016896 0.018637 0.012796 0.010196 0.034088 0.025999 0.025999 0.027949 0.025999 0.022432 0.011940 0.008897 0.008465 0.008465 0.011133 0.011516 0.011585 0.009021 0.009558 0.008897 0.011351 0.012941 0.007982 0.010196 0.010406 0.011516 0.008465 0.011620 0.013927 0.028824 0.017048 0.012003 0.014416 0.019177 0.026191 0.032936 0.019217 0.015394 0.011954 0.016827 0.016827 0.017445 0.019177 0.017663 0.036415 0.012949 0.044453 0.053631 0.045479 0.034163 0.033198 0.017542 0.023287 0.035846 0.022432 0.023984 0.013869 0.017449
0.027907 0.029368 0.009566 0.012392 0.016625 0.016896 0.018637 0.018637 0.010196 0.025999 0.025999 0.025999 0.025999 0.025999 0.025999 0.025999 0.014145 0.008997 0.013899 0.011133 0.010196 0.010196 0.009021 0.009720 0.012308 0.015039 0.011690 0.012101 0.009748 0.010375 0.007953 0.010196 0.012003 0.016771 0.035475 0.015878 0.008897 0.033777 0.033777 0.015185 0.012630 0.019296 0.012266 0.009975 0.011577 0.012751 0.015861 0.022432 0.017663 0.015706 0.014103 0.023012 0.034163 0.017473 0.017071 0.015919 0.021895 0.051366 0.040391 0.030884 0.032002 0.016896 0.017686
0.014074 0.029368 0.023374 0.022849 0.015544 0.014912 0.016896 0.018637 0.016896 0.050834 0.025999 0.025999 0.043347 0.025999 0.031293 0.025999 0.008816 0.012048 0.011516 0.010375 0.011516 0.008465 0.011167 0.010196 0.010406 0.008465 0.010728 0.008465 0.011620 0.010728 0.009356 0.010728 0.012614 0.023287 0.025385 0.016844 0.016844 0.032665 0.016426 0.016426 0.014354 0.009509 0.009381 0.008465 0.009526 0.013400 0.013400 0.016115 0.016392 0.016392 0.016392 0.033777 0.012208 0.032665 0.017071 0.016813 0.014912 0.014912 0.028350 0.011942 0.028937 0.009057 0.029157
0.018637 0.013578 0.018637 0.014580 0.013236 0.016378 0.018637 0.018637 0.036525 0.040538 0.025999 0.015146 0.025999 0.036038 0.016368 0.025999 0.031804 0.011605 0.011516 0.010834 0.010196 0.012247 0.012247 0.012247 0.011481 0.010406 0.010559 0.012614 0.008465 0.010830 0.009748 0.011516 0.010205 0.023287 0.010205 0.013802 0.027300 0.026499 0.033777 0.016426 0.014354 0.010749 0.009533 0.008276 0.012819 0.016392 0.017445 0.016115 0.013307 0.009652 0.009652 0.013400 0.025714 0.012685 0.012751 0.012751 0.011252 0.021935 0.012804 0.011120 0.027907 0.012734 0.015086
0.014580 0.013578 0.016896 0.016625 0.009737 0.015544 0.018637 0.018637 0.040966 0.034237 0.011920 0.025999 0.025999 0.035301 0.035301 0.027370 0.042828 0.013454 0.021564 0.015544 0.008897 0.008465 0.012247 0.009748 0.010121 0.009891 0.010559 0.010196 0.010196 0.009748 0.012241 0.011342 0.012022 0.015203 0.010728 0.010205 0.015165 0.009697 0.012736 0.013723 0.011402 0.009711 0.009711 0.013051 0.013335 0.014848 0.012819 0.012722 0.016827 0.014784 0.012564 0.016125 0.016827 0.011646 0.007953 0.008782 0.010643 0.012751 0.010613 0.010285 0.014311 0.028350 0.028937
