Example_Watersheds/WA_MashelWatershed/DataInputs/o_3_ChemistryPools/Mashel_1990_Pools/NH4_Pool_2.asc
ncols         923
nrows         455
xllcorner     550005.67551598
yllcorner     5180549.8134422
cellsize      30
NODATA_value  -9999
[rows 168 to 195 of 455, columns 189 to 251 of 923]
0.061538 0.052361 0.106194 0.115611 0.057791 0.072866 0.062499 0.066224 0.063086 0.106194 0.044933 0.049586 0.037161 0.044563 0.062987 0.054674 0.038691 0.161097 0.110152 0.068007 0.156784 0.110152 0.103943 0.233806 0.110152 0.110152 0.110152 0.074262 0.189367 0.110152 0.110152 0.110152 0.110152 0.110152 0.052883 0.044992 0.048107 0.049586 0.059281 0.091736 0.091736 0.062216 0.051492 0.067072 0.059673 0.053026 0.048989 0.047601 0.067667 0.110152 0.110152 0.110152 0.110152 0.110152 0.110152 0.110152 0.110152 0.110152 0.110152 0.110152 0.110152 0.110152 0.110152
0.071875 0.061538 0.106194 0.059492 0.053688 0.094183 0.125751 0.098124 0.069364 0.064617 0.033527 0.046598 0.044933 0.044928 0.058735 0.086159 0.092100 0.159720 0.082946 0.110152 0.092988 0.110152 0.110152 0.162474 0.110152 0.110152 0.110152 0.110152 0.110152 0.110152 0.041925 0.110152 0.110152 0.066052 0.051840 0.053335 0.059875 0.063375 0.040363 0.064617 0.053780 0.052102 0.054859 0.037161 0.063417 0.110152 0.110152 0.110152 0.067667 0.110152 0.110152 0.110152 0.110152 0.110152 0.110152 0.110152 0.110152 0.110152 0.110152 0.110152 0.110152 0.110152 0.110152
0.075177 0.122510 0.061538 0.066224 0.106194 0.106194 0.050606 0.056199 0.039573 0.044933 0.089654 0.054900 0.037807 0.070449 0.070449 0.062687 0.145380 0.085288 0.066016 0.110152 0.110152 0.110152 0.110152 0.110152 0.110152 0.110152 0.110152 0.110152 0.110152 0.110152 0.110152 0.110152 0.071333 0.059464 0.051840 0.063417 0.034887 0.066447 0.051892 0.044560 0.067970 0.052102 0.057791 0.066496 0.049586 0.110152 0.054630 0.057101 0.110152 0.110152 0.110152 0.110152 0.110152 0.110152 0.110152 0.110152 0.110152 0.110152 0.110152 0.110152 0.110152 0.110152 0.110152
0.122011 0.075381 0.066708 0.069237 0.072866 0.072866 0.058244 0.058774 0.043979 0.051552 0.052959 0.051085 0.060035 0.041713 0.060095 0.125535 0.054851 0.191522 0.191751 0.204691 0.110152 0.110152 0.110152 0.110152 0.110152 0.110152 0.110152 0.110152 0.110152 0.110152 0.110152 0.110152 0.173372 0.043310 0.043310 0.044599 0.069069 0.054592 0.063895 0.045944 0.075483 0.050219 0.042031 0.047868 0.041992 0.050234 0.110152 0.110152 0.110152 0.110152 0.110152 0.110152 0.110152 0.110152 0.110152 0.110152 0.110152 0.110152 0.110152 0.110152 0.110152 0.110152 0.110152
0.063243 0.096849 0.101214 0.067469 0.056634 0.037161 0.058244 0.067883 0.065456 0.062660 0.117397 0.055258 0.045113 0.075485 0.069231 0.066743 0.067437 0.177427 0.100040 0.110152 0.115659 0.110152 0.110152 0.110152 0.110152 0.110152 0.110152 0.110152 0.110152 0.110152 0.110152 0.110152 0.070579 0.066902 0.047745 0.068035 0.041541 0.059859 0.042269 0.050773 0.105452 0.069530 0.087639 0.099921 0.052844 0.102787 0.110152 0.110152 0.110152 0.110152 0.110152 0.110152 0.110152 0.110152 0.110152 0.110152 0.110152 0.110152 0.110152 0.110152 0.110152 0.110152 0.110152
0.170214 0.235181 0.071635 0.097569 0.092636 0.074364 0.072866 0.070348 0.054942 0.075176 0.157675 0.042242 0.110152 0.054928 0.068469 0.119790 0.110152 0.100040 0.100040 0.110152 0.110152 0.110152 0.110152 0.110152 0.110152 0.110152 0.110152 0.110152 0.141600 0.193117 0.134936 0.110152 0.067752 0.107288 0.054803 0.054259 0.036238 0.049017 0.042269 0.063575 0.092636 0.053913 0.091736 0.052564 0.052230 0.102787 0.110152 0.110152 0.110152 0.110152 0.110152 0.110152 0.110152 0.110152 0.110152 0.110152 0.110152 0.110152 0.110152 0.110152 0.110152 0.110152 0.133559
0.110152 0.141232 0.141600 0.055273 0.146328 0.073857 0.107648 0.054099 0.051990 0.089654 0.205699 0.205699 0.057872 0.044662 0.047539 0.110152 0.163979 0.177427 0.126801 0.110152 0.229919 0.110152 0.118413 0.110152 0.110152 0.117036 0.110152 0.110152 0.110152 0.110152 0.054403 0.110152 0.133946 0.099800 0.085507 0.044562 0.064154 0.050929 0.050929 0.068635 0.068627 0.042269 0.065299 0.050132 0.091919 0.110152 0.110152 0.110152 0.110152 0.110152 0.110152 0.110152 0.110152 0.110152 0.110152 0.110152 0.110152 0.110152 0.110152 0.110152 0.156784 0.099555 0.110152
0.222565 0.232101 0.044599 0.044599 0.131624 0.051866 0.137749 0.054510 0.046617 0.071161 0.064486 0.057378 0.110152 0.071736 0.110152 0.150025 0.110152 0.110152 0.170735 0.230504 0.110152 0.110152 0.110152 0.110152 0.184504 0.170735 0.110152 0.110152 0.110152 0.110152 0.110152 0.110152 0.188081 0.131900 0.054751 0.142322 0.054340 0.085288 0.071466 0.069069 0.054900 0.054525 0.057872 0.057508 0.233806 0.110152 0.110152 0.110152 0.110152 0.110152 0.110152 0.110152 0.110152 0.110152 0.110152 0.110152 0.110152 0.110152 0.110152 0.110152 0.110152 0.231451 0.075279
0.055075 0.054592 0.075177 0.051812 0.054732 0.132167 0.106925 0.057781 0.047319 0.049101 0.051657 0.032976 0.088661 0.040892 0.069640 0.110152 0.110152 0.110152 0.110152 0.110152 0.110152 0.110152 0.110152 0.110152 0.181054 0.111528 0.206688 0.110152 0.191751 0.076189 0.184504 0.110152 0.068007 0.089061 0.070665 0.071777 0.144728 0.054328 0.043792 0.034702 0.043303 0.062633 0.057872 0.095002 0.110152 0.110152 0.110152 0.110152 0.110152 0.110152 0.110152 0.110152 0.110152 0.110152 0.110152 0.110152 0.110152 0.110152 0.213930 0.213930 0.099179 0.066348 0.038793
0.051349 0.052166 0.070030 0.074770 0.054680 0.071417 0.071557 0.070348 0.049454 0.116811 0.234485 0.110152 0.067837 0.150082 0.110152 0.110152 0.167981 0.147328 0.110152 0.110152 0.070199 0.098395 0.138152 0.148705 0.168215 0.110152 0.110152 0.104702 0.191751 0.110152 0.110152 0.110152 0.110152 0.096403 0.051568 0.071777 0.047382 0.044209 0.055729 0.059281 0.044584 0.043227 0.051749 0.110152 0.110152 0.110152 0.110152 0.110152 0.110152 0.110152 0.110152 0.110152 0.110152 0.110152 0.110152 0.110152 0.110152 0.165227 0.213930 0.231451 0.173489 0.051359 0.068135
0.092459 0.054277 0.051866 0.058368 0.054928 0.094349 0.158641 0.158641 0.049595 0.054817 0.110152 0.170214 0.110152 0.074364 0.110152 0.071059 0.105079 0.172112 0.222565 0.054920 0.054920 0.173978 0.195963 0.217853 0.110152 0.110152 0.110152 0.110152 0.110152 0.110152 0.110152 0.110152 0.066842 0.054615 0.040426 0.040426 0.050089 0.042771 0.060880 0.062066 0.063396 0.057791 0.055735 0.110152 0.110152 0.110152 0.110152 0.110152 0.110152 0.110152 0.110152 0.110152 0.110152 0.110152 0.110152 0.110152 0.110152 0.093678 0.191388 0.138551 0.173489 0.043792 0.043792
0.049767 0.063417 0.114998 0.040870 0.041106 0.051196 0.063497 0.062732 0.110152 0.110152 0.110152 0.110152 0.055957 0.132167 0.051845 0.060753 0.110152 0.156013 0.114998 0.110152 0.119376 0.182934 0.110152 0.110152 0.056185 0.071059 0.110152 0.110152 0.071534 0.090618 0.067900 0.092636 0.071113 0.061008 0.044061 0.047826 0.063362 0.044219 0.051812 0.064617 0.050739 0.036958 0.070337 0.044916 0.063497 0.110152 0.110152 0.110152 0.110152 0.110152 0.110152 0.125297 0.110152 0.110152 0.110152 0.110152 0.110152 0.110152 0.110152 0.110152 0.098661 0.049846 0.048899
0.059986 0.065951 0.046154 0.042132 0.037812 0.054703 0.066941 0.192948 0.110152 0.152194 0.063186 0.138551 0.072720 0.053504 0.182012 0.110152 0.097569 0.054801 0.110152 0.110152 0.110152 0.110152 0.110152 0.110152 0.110152 0.071635 0.110152 0.110152 0.120722 0.068132 0.095946 0.110152 0.071113 0.054293 0.043628 0.064009 0.051583 0.043271 0.052140 0.064617 0.047737 0.041360 0.078333 0.089654 0.105079 0.110152 0.110152 0.110152 0.125095 0.110152 0.096252 0.069214 0.110152 0.110152 0.110152 0.110152 0.110152 0.110152 0.063025 0.044076 0.061981 0.061981 0.044076
0.044966 0.065966 0.034261 0.037161 0.054932 0.054932 0.062732 0.067384 0.072720 0.114688 0.125095 0.138551 0.110152 0.110152 0.163851 0.059743 0.144396 0.110152 0.110152 0.110152 0.110152 0.110152 0.110152 0.110152 0.110152 0.110152 0.054270 0.069031 0.110152 0.110152 0.110152 0.130269 0.129262 0.050417 0.063362 0.047295 0.040442 0.054424 0.050132 0.050132 0.042709 0.052230 0.052531 0.069741 0.089654 0.061517 0.110152 0.044662 0.054293 0.062647 0.050287 0.053379 0.131900 0.110152 0.110152 0.110152 0.110152 0.061981 0.048400 0.044076 0.042001 0.047518 0.044076
0.062542 0.046410 0.040623 0.053628 0.053628 0.052239 0.051523 0.062989 0.048522 0.112905 0.136098 0.144728 0.094514 0.053630 0.052807 0.061492 0.232101 0.155589 0.110152 0.061134 0.110152 0.110152 0.067469 0.110152 0.110152 0.073930 0.042243 0.110152 0.110152 0.041515 0.110152 0.110152 0.110152 0.066987 0.074575 0.042322 0.054887 0.044347 0.058575 0.057520 0.099179 0.063936 0.059241 0.070337 0.070890 0.057748 0.066249 0.070337 0.054645 0.071466 0.050287 0.166838 0.110152 0.110152 0.044137 0.053237 0.052614 0.061981 0.044076 0.044076 0.044076 0.064821 0.086588
0.048089 0.047600 0.062156 0.052869 0.066469 0.057791 0.132298 0.099179 0.110152 0.096252 0.230504 0.216339 0.049893 0.066882 0.037808 0.105079 0.110152 0.054148 0.192948 0.047362 0.072249 0.060742 0.070330 0.090427 0.090427 0.079821 0.032952 0.049089 0.136517 0.049439 0.061492 0.177427 0.142322 0.044686 0.050996 0.090995 0.054887 0.071671 0.054674 0.054367 0.110152 0.110152 0.129942 0.070337 0.064345 0.050817 0.082781 0.100392 0.097140 0.191522 0.071557 0.215555 0.110152 0.207658 0.039724 0.054767 0.051780 0.042721 0.061969 0.039724 0.077373 0.110152 0.213930
0.051812 0.097140 0.235181 0.187737 0.145056 0.095636 0.184675 0.110152 0.110152 0.110152 0.099555 0.054148 0.064617 0.054213 0.059241 0.105079 0.071059 0.047703 0.054920 0.039103 0.047973 0.054462 0.040976 0.042708 0.058236 0.049649 0.064617 0.053504 0.054581 0.061492 0.063668 0.069741 0.047023 0.063396 0.068942 0.071736 0.147829 0.110152 0.110152 0.110152 0.146016 0.140443 0.092988 0.092988 0.088661 0.081422 0.073654 0.110152 0.138946 0.074349 0.213930 0.051272 0.098922 0.043878 0.044076 0.100507 0.067636 0.052763 0.110152 0.144060 0.110152 0.110152 0.145951
0.191973 0.097140 0.062853 0.233806 0.230504 0.063316 0.110152 0.110152 0.110152 0.110152 0.110152 0.110152 0.085067 0.057872 0.072643 0.054462 0.054309 0.051007 0.044563 0.064965 0.057791 0.058741 0.054581 0.049535 0.058492 0.070931 0.102787 0.052074 0.051007 0.043886 0.057378 0.041767 0.059812 0.051835 0.054340 0.040976 0.040976 0.126178 0.209543 0.110152 0.054387 0.048207 0.065440 0.067883 0.069131 0.151029 0.074349 0.058013 0.054900 0.060336 0.040348 0.209543 0.070831 0.051652 0.044076 0.053379 0.074349 0.072340 0.136098 0.110152 0.110152 0.110152 0.191388
0.130805 0.081595 0.064297 0.210457 0.071059 0.057910 0.218582 0.110152 0.235255 0.149500 0.088051 0.102005 0.064617 0.057791 0.040976 0.034489 0.051854 0.049767 0.232101 0.049767 0.057791 0.038758 0.063362 0.051552 0.048033 0.235181 0.054213 0.072866 0.072866 0.057791 0.034489 0.049586 0.058833 0.041425 0.076095 0.090618 0.067752 0.050817 0.134384 0.088459 0.054387 0.075031 0.073047 0.067922 0.214752 0.051866 0.074349 0.058013 0.150082 0.108715 0.159430 0.071417 0.096995 0.055501 0.048458 0.044076 0.044076 0.058715 0.052198 0.062156 0.148402 0.110152 0.231015
0.130894 0.074567 0.070530 0.043303 0.058800 0.038897 0.058741 0.087011 0.176243 0.088459 0.073654 0.066496 0.049713 0.063362 0.075711 0.044563 0.066496 0.044549 0.040766 0.049767 0.051046 0.053920 0.044563 0.041774 0.043271 0.037963 0.045273 0.044563 0.047826 0.057791 0.135676 0.069461 0.034880 0.044449 0.053855 0.052997 0.041839 0.052723 0.039414 0.038897 0.072744 0.110152 0.110152 0.110152 0.110152 0.114282 0.074349 0.041322 0.110152 0.110152 0.110152 0.231015 0.213930 0.110152 0.100507 0.055501 0.045338 0.050047 0.042482 0.050952 0.110152 0.165227 0.231642
0.110152 0.055307 0.059727 0.049233 0.063417 0.038897 0.042031 0.063086 0.040976 0.065541 0.066224 0.044402 0.044402 0.052074 0.052807 0.066644 0.059281 0.068135 0.059281 0.058031 0.062066 0.064617 0.059727 0.040529 0.075279 0.053266 0.091736 0.084398 0.125535 0.057791 0.148402 0.071161 0.052604 0.062066 0.110152 0.167981 0.127004 0.179552 0.110152 0.044568 0.044568 0.096100 0.052492 0.110152 0.075936 0.110152 0.110152 0.070957 0.110152 0.110152 0.110152 0.110152 0.235299 0.097284 0.054784 0.063375 0.054230 0.061256 0.042482 0.174574 0.110152 0.213930 0.213930
0.051391 0.046708 0.044472 0.052570 0.048333 0.048333 0.038828 0.048333 0.049233 0.064631 0.051218 0.063809 0.063158 0.051046 0.040766 0.064617 0.072038 0.075279 0.059281 0.054962 0.053266 0.065627 0.053113 0.045259 0.038794 0.054962 0.043579 0.114998 0.054348 0.066644 0.102005 0.071174 0.071174 0.058866 0.110152 0.110152 0.110152 0.056687 0.150784 0.073654 0.110152 0.054659 0.110152 0.110152 0.075936 0.151458 0.110152 0.110152 0.193947 0.110152 0.110152 0.110152 0.148705 0.072954 0.110152 0.093678 0.044076 0.044076 0.046822 0.169556 0.169556 0.110152 0.235085
0.221312 0.050554 0.085943 0.049767 0.040910 0.037383 0.046045 0.041342 0.034938 0.060742 0.040976 0.049713 0.044560 0.045259 0.040446 0.059281 0.056412 0.062066 0.073930 0.054900 0.051046 0.062066 0.061473 0.045259 0.051710 0.051710 0.040529 0.122011 0.096252 0.166838 0.054916 0.073148 0.140443 0.110152 0.110152 0.078523 0.041579 0.044187 0.123242 0.053700 0.064412 0.231451 0.110152 0.100040 0.234280 0.234280 0.110152 0.110152 0.073654 0.139066 0.157675 0.225880 0.185881 0.146016 0.213930 0.213930 0.078333 0.048000 0.044076 0.149500 0.138551 0.155589 0.235085
0.092813 0.065404 0.085943 0.073654 0.038068 0.040910 0.044457 0.030083 0.054462 0.060742 0.054026 0.054630 0.052644 0.050234 0.064617 0.048783 0.056412 0.049618 0.058031 0.065627 0.059281 0.086374 0.062066 0.062066 0.041188 0.063396 0.091736 0.063668 0.161744 0.110152 0.054659 0.040871 0.054630 0.110152 0.097569 0.050875 0.052841 0.063396 0.110152 0.088661 0.135676 0.213930 0.213930 0.213930 0.213930 0.213930 0.222565 0.167981 0.110152 0.110152 0.184504 0.153854 0.110152 0.169358 0.141820 0.213930 0.063375 0.058715 0.061981 0.151029 0.110152 0.235085 0.235085
0.051835 0.139337 0.110152 0.070337 0.110152 0.051583 0.071537 0.055554 0.066496 0.066496 0.054962 0.064617 0.062066 0.068347 0.065737 0.051886 0.039236 0.057742 0.043648 0.068135 0.059241 0.059241 0.067922 0.067922 0.127004 0.051710 0.127004 0.123242 0.062306 0.110152 0.121758 0.047518 0.127004 0.098528 0.052253 0.054340 0.062923 0.062923 0.110152 0.120458 0.180562 0.231451 0.235085 0.213930 0.234280 0.213930 0.151458 0.110152 0.110152 0.110152 0.110152 0.110152 0.231015 0.110152 0.110152 0.213930 0.048569 0.044076 0.050047 0.067437 0.110152 0.147328 0.110152
0.045823 0.045823 0.044076 0.050812 0.044076 0.075585 0.040244 0.110152 0.140443 0.054666 0.088459 0.068873 0.132167 0.071875 0.113424 0.053266 0.065627 0.045113 0.052583 0.053913 0.059241 0.059241 0.059241 0.127004 0.093678 0.075279 0.051393 0.123242 0.193428 0.193428 0.110152 0.047220 0.051866 0.050348 0.040477 0.054309 0.039516 0.065102 0.110152 0.110152 0.231451 0.213930 0.213930 0.213930 0.151458 0.151458 0.234828 0.121167 0.110152 0.110152 0.110152 0.121167 0.110152 0.140443 0.178996 0.058461 0.140443 0.110152 0.044076 0.036757 0.099555 0.162474 0.110152
0.034958 0.044563 0.044590 0.044550 0.048899 0.040039 0.040244 0.044076 0.110152 0.140443 0.092100 0.063575 0.091736 0.071875 0.110152 0.231451 0.055501 0.072012 0.047913 0.067922 0.059241 0.123242 0.054760 0.041839 0.091736 0.052750 0.090043 0.147240 0.074669 0.049032 0.044076 0.042130 0.044076 0.045728 0.117105 0.070449 0.100507 0.100507 0.110152 0.072954 0.213930 0.107648 0.234280 0.234280 0.234280 0.234280 0.234280 0.110152 0.110152 0.110152 0.110152 0.110152 0.110152 0.140443 0.178996 0.178996 0.043626 0.071161 0.044076 0.050548 0.100507 0.235085 0.140443
0.047906 0.037064 0.044599 0.044076 0.040434 0.099051 0.068235 0.052881 0.152194 0.110152 0.110152 0.232239 0.118822 0.118822 0.110152 0.110152 0.147328 0.213930 0.137690 0.070731 0.099179 0.098528 0.127004 0.072038 0.143721 0.110152 0.110152 0.110152 0.049744 0.045242 0.044076 0.053630 0.061473 0.067900 0.121244 0.083275 0.231451 0.061970 0.213930 0.213930 0.213930 0.213930 0.234280 0.234828 0.143197 0.213930 0.232101 0.110152 0.165227 0.110152 0.110152 0.227718 0.110152 0.178996 0.178996 0.148959 0.063375 0.057508 0.039015 0.050548 0.110152 0.152846 0.110152
