Example_Watersheds/WA_MashelWatershed/DataInputs/o_3_ChemistryPools/Mashel_1990_Pools/NH4_Pool_1.asc
ncols         923
nrows         455
xllcorner     550005.67551598
yllcorner     5180549.8134422
cellsize      30
NODATA_value  -9999
[rows 84 to 111 of 455, columns 63 to 125 of 923]
0.462106 0.462106 0.462106 0.462106 0.462106 0.462106 0.462106 0.462106 0.462106 0.462106 0.462106 0.462106 0.462106 0.462106 0.296102 0.462106 0.217129 0.224947 0.291178 0.462106 0.462106 0.462106 0.462106 0.722040 0.681606 0.194698 0.165355 0.248830 0.225128 0.225128 0.225987 0.175199 0.219546 0.174671 0.222799 0.157972 0.162109 0.232566 0.172716 0.224868 0.301458 0.515815 0.834805 0.462106 0.462106 0.462106 0.462106 0.462106 0.462106 0.313901 0.163585 0.211378 0.199695 0.212104 0.250467 0.194036 0.190979 0.294048 0.261998 0.123656 0.231229 0.231229 0.214583
0.462106 0.462106 0.462106 0.462106 0.462106 0.462106 0.462106 0.462106 0.462106 0.462106 0.462106 0.462106 0.462106 0.462106 0.462106 0.462106 0.217129 0.462106 0.462106 0.462106 0.179066 0.462106 0.462106 0.722040 0.462106 0.164957 0.164957 0.257511 0.168485 0.226713 0.222803 0.173919 0.219546 0.183026 0.178426 0.462106 0.250067 0.183957 0.210084 0.222866 0.211560 0.790059 0.175386 0.462106 0.462106 0.462106 0.462106 0.462106 0.462106 0.462106 0.221330 0.224329 0.182372 0.300540 0.300540 0.462106 0.169257 0.169681 0.188643 0.197334 0.187332 0.259833 0.462106
0.462106 0.462106 0.462106 0.462106 0.462106 0.462106 0.462106 0.462106 0.462106 0.462106 0.462106 0.462106 0.462106 0.462106 0.462106 0.462106 0.199032 0.173769 0.173769 0.192829 0.135400 0.209240 0.225607 0.560303 0.181074 0.178715 0.227696 0.173534 0.179373 0.165324 0.182048 0.238748 0.213006 0.156469 0.462106 0.284583 0.462106 0.462106 0.283453 0.248661 0.211742 0.211742 0.462106 0.462106 0.462106 0.462106 0.462106 0.479435 0.462106 0.462106 0.531421 0.177552 0.223328 0.210644 0.359144 0.462106 0.182358 0.138891 0.182308 0.163286 0.239671 0.174252 0.462106
0.462106 0.462106 0.462106 0.462106 0.462106 0.462106 0.462106 0.462106 0.462106 0.462106 0.462106 0.462106 0.462106 0.462106 0.462106 0.462106 0.159714 0.164324 0.167934 0.180817 0.462106 0.462106 0.462106 0.551738 0.462106 0.189318 0.147207 0.173736 0.150154 0.189009 0.188423 0.165324 0.238748 0.165362 0.462106 0.317342 0.213077 0.250067 0.179455 0.226208 0.241962 0.606450 0.899454 0.714958 0.462106 0.171232 0.790059 0.704711 0.462106 0.655321 0.286546 0.182476 0.195447 0.195499 0.239163 0.239671 0.158613 0.176889 0.218521 0.169689 0.176542 0.462106 0.462106
0.462106 0.462106 0.462106 0.462106 0.462106 0.462106 0.462106 0.462106 0.462106 0.462106 0.462106 0.462106 0.462106 0.462106 0.462106 0.462106 0.201266 0.180817 0.151022 0.170894 0.462106 0.462106 0.462106 0.462106 0.462106 0.287561 0.186228 0.173736 0.198782 0.214732 0.214732 0.132926 0.193118 0.197921 0.215929 0.462106 0.210084 0.266851 0.225411 0.216403 0.285501 0.270685 0.169217 0.201587 0.248973 0.255699 0.785836 0.386348 0.462106 0.742519 0.222665 0.218278 0.249433 0.263346 0.297587 0.202164 0.177335 0.202977 0.202977 0.166939 0.244631 0.170227 0.462106
0.462106 0.462106 0.462106 0.462106 0.462106 0.462106 0.462106 0.462106 0.462106 0.462106 0.462106 0.462106 0.745145 0.462106 0.462106 0.462106 0.184603 0.293228 0.223328 0.462106 0.462106 0.462106 0.462106 0.462106 0.293211 0.532276 0.182217 0.298574 0.197893 0.198782 0.228244 0.180607 0.167934 0.198782 0.136921 0.462106 0.462106 0.241436 0.189612 0.230742 0.204281 0.207203 0.169217 0.182332 0.210728 0.161141 0.175952 0.462106 0.560303 0.985274 0.985274 0.899454 0.275705 0.158193 0.298572 0.200301 0.122045 0.168771 0.214352 0.166939 0.462106 0.168685 0.462106
0.462106 0.462106 0.462106 0.462106 0.462106 0.462106 0.462106 0.462106 0.462106 0.462106 0.462106 0.462106 0.462106 0.462106 0.169217 0.169217 0.268206 0.462106 0.225712 0.293228 0.739369 0.462106 0.462106 0.462106 0.204769 0.178140 0.188643 0.199032 0.188643 0.188643 0.140270 0.164724 0.169681 0.253130 0.230709 0.183929 0.173769 0.185596 0.189612 0.295603 0.220658 0.169217 0.279768 0.200174 0.174697 0.230301 0.203872 0.462106 0.420395 0.305593 0.722913 0.225637 0.204490 0.254133 0.231229 0.177101 0.485211 0.219513 0.168879 0.600737 0.462106 0.462106 0.491498
0.462106 0.462106 0.462106 0.462106 0.462106 0.462106 0.462106 0.462106 0.462106 0.462106 0.462106 0.462106 0.462106 0.462106 0.462106 0.462106 0.462106 0.462106 0.212823 0.223807 0.554426 0.462106 0.462106 0.462106 0.204769 0.462106 0.201701 0.225893 0.212617 0.277986 0.157972 0.164724 0.196329 0.163286 0.196329 0.204769 0.289582 0.223807 0.370493 0.224058 0.217192 0.211811 0.220658 0.214708 0.164291 0.258456 0.207203 0.462106 0.309325 0.767535 0.462106 0.260073 0.224095 0.180490 0.219562 0.199793 0.462106 0.462106 0.499736 0.174892 0.462106 0.462106 0.462106
0.462106 0.462106 0.462106 0.462106 0.462106 0.462106 0.462106 0.462106 0.462106 0.462106 0.462106 0.462106 0.462106 0.462106 0.462106 0.462106 0.462106 0.462106 0.462106 0.462106 0.462106 0.462106 0.462106 0.462106 0.462106 0.462106 0.187480 0.187480 0.616880 0.275206 0.245585 0.245585 0.300696 0.277986 0.204769 0.566079 0.249873 0.163401 0.207714 0.185443 0.215615 0.235364 0.182302 0.187066 0.279361 0.216598 0.296102 0.238148 0.279361 0.251513 0.462106 0.306422 0.221756 0.462106 0.462106 0.462106 0.444834 0.597933 0.540085 0.462106 0.462106 0.462106 0.462106
0.698058 0.291178 0.462106 0.462106 0.462106 0.462106 0.462106 0.462106 0.462106 0.462106 0.462106 0.462106 0.462106 0.462106 0.462106 0.462106 0.462106 0.462106 0.462106 0.462106 0.462106 0.462106 0.462106 0.462106 0.462106 0.462106 0.161497 0.462106 0.311141 0.223328 0.462106 0.462106 0.582415 0.219562 0.533099 0.969794 0.984766 0.462106 0.219562 0.182476 0.237903 0.260449 0.182302 0.228963 0.230742 0.277986 0.145378 0.145378 0.277986 0.366225 0.421789 0.367088 0.298160 0.288387 0.462106 0.462106 0.462106 0.462106 0.462106 0.462106 0.462106 0.279028 0.271942
0.739369 0.287517 0.462106 0.462106 0.462106 0.462106 0.462106 0.462106 0.462106 0.462106 0.462106 0.462106 0.462106 0.462106 0.462106 0.462106 0.462106 0.462106 0.462106 0.462106 0.462106 0.462106 0.462106 0.462106 0.462106 0.462106 0.233667 0.462106 0.311141 0.535514 0.462106 0.462106 0.462106 0.895998 0.462106 0.969794 0.462106 0.768251 0.462106 0.600737 0.218174 0.215929 0.509641 0.204769 0.227696 0.199710 0.293260 0.221850 0.279361 0.263723 0.238148 0.245299 0.289447 0.288568 0.245433 0.301046 0.462106 0.305403 0.462106 0.234713 0.462106 0.462106 0.462106
0.695113 0.739369 0.462106 0.462106 0.462106 0.462106 0.462106 0.462106 0.462106 0.462106 0.462106 0.462106 0.462106 0.462106 0.462106 0.462106 0.462106 0.462106 0.462106 0.462106 0.462106 0.462106 0.462106 0.462106 0.462106 0.462106 0.462106 0.462106 0.462106 0.462106 0.462106 0.462106 0.462106 0.462106 0.462106 0.462106 0.462106 0.462106 0.462106 0.462106 0.212144 0.421789 0.613093 0.196814 0.214929 0.310192 0.263723 0.263723 0.280176 0.250977 0.237804 0.264043 0.293638 0.173889 0.237804 0.462106 0.192874 0.462106 0.462106 0.462106 0.462106 0.462106 0.462106
0.266293 0.288484 0.971980 0.367088 0.400903 0.972554 0.462106 0.462106 0.462106 0.462106 0.462106 0.462106 0.462106 0.462106 0.462106 0.462106 0.462106 0.462106 0.462106 0.462106 0.462106 0.462106 0.462106 0.462106 0.462106 0.462106 0.462106 0.462106 0.462106 0.462106 0.462106 0.462106 0.462106 0.462106 0.462106 0.462106 0.462106 0.462106 0.462106 0.462106 0.217926 0.159907 0.191984 0.187411 0.196814 0.220658 0.263723 0.169742 0.190267 0.145378 0.462106 0.462106 0.198228 0.147034 0.462106 0.462106 0.462106 0.462106 0.462106 0.462106 0.462106 0.462106 0.462106
0.250977 0.169217 0.268250 0.268250 0.224630 0.213382 0.462106 0.462106 0.248930 0.462106 0.462106 0.462106 0.462106 0.212640 0.462106 0.972554 0.972554 0.462106 0.462106 0.462106 0.462106 0.462106 0.462106 0.462106 0.462106 0.462106 0.462106 0.462106 0.462106 0.462106 0.462106 0.256751 0.462106 0.462106 0.462106 0.462106 0.462106 0.462106 0.462106 0.462106 0.293228 0.296287 0.174456 0.462106 0.462106 0.462106 0.200111 0.200111 0.141716 0.182048 0.188643 0.462106 0.163286 0.462106 0.191326 0.462106 0.462106 0.462106 0.462106 0.462106 0.462106 0.462106 0.462106
0.346349 0.449395 0.169217 0.232864 0.276170 0.343565 0.268250 0.268250 0.268250 0.169217 0.462106 0.462106 0.372995 0.462106 0.157972 0.250977 0.400903 0.589185 0.462106 0.462106 0.462106 0.462106 0.462106 0.462106 0.462106 0.462106 0.462106 0.462106 0.462106 0.462106 0.462106 0.462106 0.462106 0.462106 0.462106 0.462106 0.462106 0.223969 0.462106 0.462106 0.462106 0.462106 0.462106 0.462106 0.462106 0.462106 0.462106 0.462106 0.293228 0.226294 0.462106 0.462106 0.166283 0.169287 0.462106 0.159555 0.462106 0.216403 0.202729 0.157972 0.310988 0.462106 0.462106
0.269642 0.237804 0.550010 0.240955 0.169217 0.268250 0.268250 0.268250 0.279768 0.293608 0.462106 0.462106 0.276170 0.462106 0.462106 0.169217 0.221473 0.368800 0.762474 0.390726 0.246546 0.462106 0.462106 0.462106 0.462106 0.462106 0.462106 0.462106 0.462106 0.462106 0.462106 0.462106 0.462106 0.462106 0.462106 0.462106 0.462106 0.462106 0.462106 0.462106 0.462106 0.462106 0.462106 0.462106 0.462106 0.462106 0.462106 0.462106 0.190273 0.293228 0.462106 0.235244 0.462106 0.462106 0.462106 0.462106 0.217822 0.196329 0.182476 0.462106 0.246866 0.641817 0.462106
0.355486 0.237804 0.311819 0.169217 0.221473 0.217095 0.268250 0.239879 0.268250 0.278547 0.240955 0.225535 0.276170 0.292201 0.253068 0.168474 0.174456 0.174456 0.266293 0.265239 0.265239 0.972554 0.974656 0.462106 0.462106 0.462106 0.462106 0.579113 0.462106 0.462106 0.462106 0.462106 0.462106 0.462106 0.462106 0.462106 0.462106 0.462106 0.462106 0.462106 0.462106 0.462106 0.462106 0.462106 0.462106 0.462106 0.462106 0.462106 0.462106 0.462106 0.462106 0.462106 0.462106 0.462106 0.462106 0.462106 0.236913 0.247764 0.462106 0.462106 0.462106 0.462106 0.462106
0.205855 0.223466 0.268598 0.152350 0.224344 0.213406 0.292117 0.324729 0.312236 0.292117 0.239879 0.284037 0.174456 0.276170 0.293608 0.268250 0.421329 0.276170 0.276170 0.221473 0.247138 0.296597 0.974656 0.287517 0.462106 0.462106 0.462106 0.551171 0.462106 0.579113 0.462106 0.462106 0.462106 0.462106 0.462106 0.462106 0.462106 0.462106 0.462106 0.462106 0.462106 0.462106 0.462106 0.462106 0.462106 0.462106 0.462106 0.462106 0.462106 0.462106 0.462106 0.462106 0.462106 0.462106 0.462106 0.213179 0.462106 0.462106 0.462106 0.462106 0.462106 0.294607 0.462106
0.168396 0.223466 0.302697 0.168396 0.168396 0.270878 0.313100 0.355486 0.268323 0.176347 0.159907 0.286318 0.199159 0.331025 0.271669 0.421329 0.276170 0.174456 0.266293 0.200472 0.159907 0.172565 0.282622 0.784355 0.462106 0.462106 0.462106 0.462106 0.462106 0.462106 0.305593 0.579113 0.579113 0.462106 0.462106 0.462106 0.462106 0.462106 0.462106 0.462106 0.462106 0.462106 0.462106 0.462106 0.462106 0.462106 0.462106 0.462106 0.462106 0.462106 0.462106 0.462106 0.462106 0.462106 0.462106 0.462106 0.462106 0.462106 0.462106 0.462106 0.462106 0.462106 0.462106
0.289950 0.201707 0.194908 0.177587 0.255174 0.202135 0.234085 0.167623 0.237755 0.171799 0.144761 0.231554 0.223449 0.226153 0.159907 0.268250 0.276170 0.197375 0.266293 0.276170 0.160592 0.276921 0.222675 0.321485 0.321485 0.585651 0.649396 0.462106 0.462106 0.462106 0.462106 0.462106 0.462106 0.462106 0.579113 0.462106 0.462106 0.462106 0.462106 0.462106 0.462106 0.462106 0.462106 0.462106 0.462106 0.462106 0.462106 0.462106 0.462106 0.462106 0.462106 0.462106 0.462106 0.462106 0.462106 0.462106 0.462106 0.462106 0.462106 0.462106 0.462106 0.462106 0.462106
0.238748 0.244271 0.226713 0.242666 0.180099 0.139331 0.226426 0.206415 0.176345 0.139331 0.181084 0.213297 0.210812 0.168563 0.178057 0.403432 0.168474 0.168474 0.276170 0.218440 0.196329 0.198424 0.179903 0.182403 0.202001 0.307879 0.649396 0.620518 0.462106 0.462106 0.462106 0.462106 0.462106 0.462106 0.462106 0.462106 0.462106 0.924298 0.462106 0.155262 0.225245 0.462106 0.462106 0.462106 0.462106 0.462106 0.462106 0.462106 0.462106 0.462106 0.462106 0.462106 0.462106 0.462106 0.462106 0.462106 0.462106 0.462106 0.462106 0.462106 0.462106 0.462106 0.462106
0.178755 0.178755 0.226713 0.213960 0.183460 0.139331 0.137951 0.193857 0.207203 0.207203 0.208768 0.254910 0.184151 0.226294 0.184151 0.241594 0.278547 0.278547 0.239879 0.276170 0.191890 0.182313 0.218060 0.177008 0.210195 0.331025 0.611797 0.971329 0.704711 0.462106 0.462106 0.462106 0.462106 0.462106 0.462106 0.462106 0.462106 0.462106 0.462106 0.462106 0.462106 0.462106 0.462106 0.462106 0.462106 0.462106 0.462106 0.462106 0.462106 0.462106 0.462106 0.462106 0.462106 0.462106 0.462106 0.462106 0.462106 0.462106 0.462106 0.462106 0.462106 0.462106 0.462106
0.172968 0.172968 0.175901 0.222799 0.203476 0.223031 0.185504 0.158976 0.202135 0.205941 0.208055 0.165182 0.173709 0.164603 0.254125 0.241594 0.225649 0.271729 0.181265 0.276170 0.193645 0.245066 0.217101 0.190500 0.193133 0.295451 0.174290 0.247162 0.606450 0.606450 0.236585 0.774027 0.462106 0.462106 0.462106 0.462106 0.462106 0.462106 0.462106 0.462106 0.462106 0.462106 0.462106 0.462106 0.462106 0.462106 0.462106 0.462106 0.462106 0.462106 0.462106 0.462106 0.462106 0.462106 0.462106 0.462106 0.462106 0.462106 0.462106 0.462106 0.462106 0.462106 0.462106
0.242666 0.242666 0.207203 0.263374 0.164399 0.171535 0.152229 0.178426 0.242666 0.274492 0.139331 0.202135 0.167884 0.182252 0.257571 0.219546 0.164384 0.185507 0.241594 0.245066 0.241436 0.241436 0.224351 0.177008 0.218691 0.221662 0.271669 0.221473 0.168089 0.175228 0.236585 0.219678 0.170227 0.462106 0.462106 0.462106 0.462106 0.462106 0.462106 0.462106 0.462106 0.462106 0.462106 0.462106 0.462106 0.462106 0.462106 0.462106 0.462106 0.462106 0.618066 0.462106 0.895998 0.969794 0.462106 0.462106 0.372995 0.417477 0.462106 0.462106 0.462106 0.462106 0.462106
0.213960 0.242666 0.215785 0.207203 0.152229 0.189299 0.227397 0.158611 0.222552 0.274492 0.227993 0.181280 0.230055 0.202977 0.232092 0.184453 0.215298 0.195608 0.185507 0.173744 0.156230 0.199207 0.197700 0.235318 0.266405 0.225712 0.209126 0.294870 0.240662 0.168089 0.284037 0.205903 0.128356 0.462106 0.283038 0.268946 0.462106 0.462106 0.462106 0.462106 0.462106 0.462106 0.462106 0.462106 0.462106 0.462106 0.462106 0.967946 0.462106 0.802908 0.895998 0.895998 0.969794 0.417477 0.462106 0.223969 0.283038 0.188539 0.270470 0.292407 0.360943 0.972554 0.462106
0.181787 0.183748 0.215785 0.242666 0.166004 0.166004 0.166021 0.229050 0.180099 0.165324 0.273561 0.209780 0.168879 0.237641 0.218602 0.191028 0.215298 0.166027 0.265258 0.245066 0.240548 0.181456 0.181456 0.173708 0.159555 0.252034 0.285501 0.169217 0.213563 0.213077 0.314907 0.181269 0.209126 0.209126 0.216629 0.182328 0.173585 0.371332 0.278954 0.744805 0.462106 0.462106 0.462106 0.462106 0.462106 0.579113 0.462106 0.527132 0.462106 0.462106 0.802908 0.895998 0.210096 0.414383 0.247764 0.223969 0.145532 0.223969 0.198905 0.155035 0.182392 0.182392 0.762474
0.199874 0.217034 0.202135 0.242666 0.211664 0.183721 0.165324 0.257571 0.181480 0.165324 0.175205 0.172716 0.259725 0.179832 0.164439 0.172716 0.191028 0.155660 0.175532 0.162416 0.195608 0.142606 0.201564 0.197700 0.224351 0.224351 0.298572 0.169217 0.169217 0.176837 0.169217 0.551738 0.414383 0.169217 0.216629 0.211921 0.182321 0.173744 0.292407 0.971329 0.462106 0.462106 0.424078 0.474958 0.519869 0.274062 0.317342 0.579113 0.462106 0.281112 0.317342 0.417477 0.182476 0.182476 0.306836 0.182476 0.221190 0.178755 0.168780 0.184246 0.178789 0.303524 0.303111
0.213960 0.195515 0.226713 0.208055 0.208055 0.182406 0.214352 0.165324 0.165324 0.165324 0.197893 0.222785 0.226778 0.179832 0.222799 0.275554 0.180702 0.139331 0.139331 0.216293 0.185507 0.241436 0.214732 0.197728 0.241594 0.240433 0.295451 0.169217 0.169217 0.169217 0.294219 0.551738 0.261998 0.211829 0.211829 0.169217 0.195054 0.287149 0.202653 0.200556 0.804551 0.972554 0.213001 0.157429 0.285508 0.167537 0.242170 0.779803 0.305179 0.320665 0.283542 0.278334 0.160249 0.183622 0.216087 0.152951 0.292117 0.206303 0.176188 0.303111 0.174456 0.209901 0.211829
