Example_Watersheds/WA_MashelWatershed/DataInputs/o_3_ChemistryPools/Mashel_1990_Pools/NH4_Pool_3.asc
ncols         923
nrows         455
xllcorner     550005.67551598
yllcorner     5180549.8134422
cellsize      30
NODATA_value  -9999
[rows 0 to 27 of 455, columns 441 to 503 of 923]
0.010549 0.011955 0.014166 0.012679 0.012679 0.008708 0.016407 0.016695 0.013840 0.016298 0.014166 0.015984 0.013770 0.019336 0.017686 0.012543 0.028824 0.012848 0.009566 0.011433 0.017047 0.015338 0.012275 0.013301 0.018060 0.016031 0.012708 0.012657 0.026871 0.015264 0.012118 0.014072 0.014072 0.012299 0.015007 0.016585 0.035944 0.020564 0.016103 0.012815 0.015660 0.032480 0.041508 0.019807 0.016394 0.011934 0.008896 0.008177 0.017479 0.014969 0.023706 0.012715 0.016954 0.017638 0.013723 0.014166 0.013482 0.016620 0.028100 0.010202 0.008937 0.012172 0.017248
0.010549 0.011878 0.009045 0.018594 0.014684 0.009762 0.015151 0.020269 0.012653 0.012597 0.017497 0.013840 0.019336 0.016252 0.015990 0.014252 0.034799 0.016036 0.013898 0.015005 0.010019 0.017520 0.008708 0.015521 0.015521 0.012701 0.018933 0.022358 0.020319 0.015086 0.008981 0.023137 0.015151 0.016016 0.015338 0.016055 0.026944 0.015086 0.016103 0.016205 0.026191 0.015086 0.017542 0.012783 0.010179 0.011366 0.008702 0.008711 0.016195 0.023430 0.023430 0.017479 0.017479 0.016555 0.015502 0.015990 0.009097 0.016336 0.013408 0.014555 0.014555 0.013977 0.013912
0.014166 0.014670 0.014821 0.030084 0.014181 0.014619 0.010308 0.016622 0.009859 0.015498 0.017497 0.012275 0.012733 0.015873 0.012819 0.012772 0.012772 0.017047 0.009874 0.015086 0.008937 0.017686 0.015324 0.015151 0.016266 0.020015 0.015739 0.019336 0.021935 0.015604 0.008852 0.014222 0.008092 0.009450 0.033198 0.022358 0.034994 0.021648 0.018974 0.016827 0.028993 0.017497 0.013913 0.015509 0.015509 0.012652 0.014909 0.012736 0.009497 0.017189 0.023167 0.033368 0.017479 0.016430 0.014650 0.020117 0.025999 0.025999 0.025999 0.016741 0.025999 0.009887 0.022358
0.014950 0.016786 0.017479 0.030084 0.014730 0.010211 0.015522 0.016035 0.011771 0.011771 0.012391 0.014912 0.016035 0.016265 0.016275 0.014045 0.015919 0.017047 0.023137 0.018060 0.023137 0.017298 0.016252 0.032847 0.009117 0.016218 0.015919 0.023374 0.016426 0.031098 0.014122 0.011699 0.016035 0.017142 0.023137 0.014730 0.014730 0.023892 0.019056 0.023167 0.025133 0.015383 0.012689 0.019595 0.010025 0.012492 0.010191 0.008896 0.013626 0.017189 0.017591 0.015772 0.017024 0.014789 0.014761 0.030254 0.025999 0.025999 0.025999 0.025999 0.025999 0.028472 0.015185
0.016265 0.016265 0.014860 0.016947 0.012615 0.012553 0.011142 0.012653 0.014912 0.012054 0.012294 0.018420 0.016322 0.014311 0.016171 0.014821 0.014725 0.014769 0.016954 0.032480 0.044453 0.015318 0.028824 0.018594 0.012949 0.016150 0.016093 0.017479 0.017479 0.016485 0.012470 0.012780 0.015638 0.009701 0.009325 0.030376 0.022358 0.024962 0.020368 0.022093 0.015066 0.016695 0.012689 0.014995 0.008758 0.012213 0.009849 0.012260 0.012719 0.016242 0.012941 0.009687 0.015283 0.013636 0.035530 0.025999 0.025999 0.025999 0.025999 0.030224 0.025999 0.029102 0.025999
0.011130 0.015498 0.011021 0.012190 0.015498 0.011919 0.012294 0.027300 0.026269 0.017047 0.012596 0.017479 0.017479 0.015086 0.016171 0.016596 0.012209 0.012718 0.009568 0.030455 0.015185 0.015185 0.019754 0.012736 0.014571 0.020564 0.011946 0.021081 0.011964 0.015086 0.018060 0.014912 0.013856 0.015719 0.024614 0.019375 0.021814 0.018286 0.014791 0.023316 0.024347 0.012697 0.009800 0.012543 0.011797 0.014072 0.009407 0.021521 0.021521 0.017001 0.012271 0.012863 0.010256 0.009996 0.009485 0.014664 0.025999 0.014640 0.034011 0.015165 0.025999 0.013433 0.012581
0.011130 0.011284 0.008918 0.010224 0.012653 0.012815 0.012361 0.027300 0.014981 0.023106 0.015541 0.014166 0.016218 0.016218 0.014166 0.015581 0.014670 0.017142 0.016492 0.012815 0.022816 0.012548 0.021935 0.013748 0.019375 0.010553 0.016359 0.016762 0.017479 0.023430 0.019177 0.015604 0.012704 0.014616 0.024614 0.012154 0.024614 0.016813 0.017118 0.017156 0.012653 0.012653 0.012189 0.012800 0.009790 0.010372 0.014184 0.011899 0.011899 0.012365 0.014711 0.013913 0.011972 0.009996 0.015224 0.010155 0.017048 0.017298 0.014416 0.016649 0.025999 0.012031 0.011490
0.010072 0.008939 0.010143 0.014610 0.014860 0.014860 0.017047 0.015423 0.015990 0.014166 0.014400 0.015498 0.011421 0.016218 0.014928 0.014928 0.014166 0.024614 0.008092 0.014166 0.014725 0.012813 0.020219 0.019375 0.018807 0.010305 0.015878 0.013607 0.023167 0.024614 0.023287 0.016622 0.012704 0.015498 0.012901 0.012712 0.015007 0.016093 0.016649 0.014072 0.009954 0.012998 0.010408 0.009033 0.007474 0.012633 0.014184 0.012796 0.010760 0.011385 0.012266 0.012118 0.009762 0.013237 0.015227 0.013051 0.017615 0.015106 0.013869 0.016896 0.016896 0.017586 0.011464
0.014460 0.012791 0.008896 0.008896 0.016454 0.016265 0.016786 0.012676 0.015498 0.015498 0.014166 0.013405 0.014166 0.014969 0.016035 0.014912 0.017142 0.015613 0.008092 0.014166 0.013347 0.016218 0.012743 0.029210 0.013236 0.013236 0.016048 0.015803 0.013347 0.015581 0.011874 0.019137 0.012477 0.012901 0.012581 0.012839 0.015891 0.027972 0.016125 0.011846 0.009137 0.009622 0.010713 0.011284 0.009475 0.009853 0.023567 0.012796 0.011021 0.012416 0.018060 0.020564 0.016430 0.016430 0.015227 0.014684 0.015227 0.009795 0.013722 0.013964 0.026944 0.015509 0.013193
0.011452 0.010168 0.010309 0.008896 0.016454 0.016265 0.016265 0.015990 0.015498 0.015498 0.014166 0.013405 0.014969 0.015581 0.022358 0.015227 0.015178 0.015178 0.015498 0.014602 0.015475 0.015803 0.013347 0.013957 0.016742 0.011384 0.015581 0.015581 0.015581 0.016252 0.016182 0.015498 0.015498 0.016265 0.016508 0.019336 0.015383 0.023430 0.012676 0.009835 0.016345 0.011927 0.009252 0.009633 0.010223 0.010223 0.011657 0.015283 0.010971 0.012633 0.011642 0.012772 0.015919 0.014184 0.010953 0.014341 0.012776 0.009795 0.011286 0.010738 0.011547 0.009645 0.009898
0.009186 0.015498 0.008352 0.011284 0.016265 0.008352 0.008352 0.014166 0.012901 0.014860 0.014860 0.014166 0.013913 0.015102 0.015429 0.010151 0.010152 0.010382 0.013745 0.016035 0.016035 0.015803 0.017102 0.015803 0.018060 0.015803 0.023430 0.023430 0.015581 0.018849 0.015581 0.016265 0.014166 0.015086 0.015521 0.012154 0.015383 0.015185 0.014910 0.012395 0.017781 0.012420 0.010451 0.009830 0.008703 0.013724 0.012733 0.012203 0.013211 0.013051 0.011642 0.015227 0.015227 0.016430 0.017099 0.009677 0.008177 0.014520 0.009411 0.009998 0.009699 0.010807 0.009844
0.007994 0.015498 0.015498 0.010708 0.009911 0.014821 0.016265 0.012386 0.011088 0.010309 0.015498 0.016265 0.015581 0.016035 0.017479 0.012770 0.014821 0.016492 0.013840 0.017758 0.017758 0.016159 0.017102 0.015581 0.023430 0.018060 0.015581 0.015581 0.019702 0.019702 0.018060 0.015581 0.014710 0.016426 0.015759 0.024614 0.015383 0.014072 0.012190 0.015205 0.015579 0.010713 0.016930 0.009718 0.009712 0.009853 0.013724 0.010373 0.011178 0.012523 0.015227 0.014730 0.012683 0.020564 0.011692 0.011222 0.011147 0.011147 0.012685 0.010757 0.011557 0.011380 0.012340
0.011474 0.007814 0.012109 0.011510 0.015185 0.015498 0.009677 0.014166 0.011088 0.014166 0.008352 0.012796 0.012653 0.009436 0.012815 0.012770 0.017758 0.010224 0.015498 0.015581 0.020613 0.016035 0.016035 0.015581 0.015581 0.023430 0.015581 0.015581 0.018933 0.019336 0.016322 0.016336 0.018933 0.026797 0.018594 0.012819 0.012501 0.023316 0.013236 0.011766 0.012690 0.015636 0.012102 0.009762 0.009675 0.007213 0.009998 0.009853 0.015227 0.015227 0.015227 0.015227 0.011644 0.020564 0.009853 0.011336 0.010452 0.008946 0.008414 0.008414 0.013768 0.011380 0.008990
0.014912 0.014400 0.012901 0.012109 0.014432 0.012653 0.012901 0.016691 0.016265 0.015498 0.011582 0.012664 0.015498 0.012628 0.012628 0.015498 0.017372 0.015383 0.014166 0.011033 0.015581 0.015581 0.019375 0.015581 0.016691 0.015759 0.015581 0.015581 0.015581 0.015581 0.014821 0.012815 0.014769 0.016501 0.032387 0.012671 0.016907 0.011888 0.012151 0.013934 0.012690 0.019336 0.009411 0.011955 0.014762 0.008896 0.013607 0.012408 0.012796 0.013051 0.012543 0.010397 0.009683 0.009551 0.009853 0.012614 0.011766 0.007802 0.010295 0.010495 0.012395 0.010679 0.012706
0.010549 0.015271 0.012569 0.013262 0.016625 0.014821 0.014821 0.016265 0.016596 0.012676 0.015498 0.014166 0.009196 0.011165 0.015686 0.016691 0.015581 0.010765 0.014969 0.015581 0.018849 0.017758 0.024614 0.014166 0.017692 0.015759 0.015581 0.013808 0.015581 0.016035 0.011080 0.012275 0.016055 0.016501 0.012589 0.015561 0.013694 0.009604 0.014012 0.016485 0.014386 0.017542 0.013990 0.013434 0.009423 0.012546 0.011644 0.012796 0.015521 0.011747 0.010379 0.009853 0.009596 0.009712 0.012342 0.009905 0.009196 0.010403 0.011515 0.010105 0.010664 0.010664 0.009897
0.009677 0.011147 0.012679 0.012679 0.010994 0.012770 0.014166 0.016977 0.014670 0.014166 0.014166 0.012815 0.009196 0.011740 0.011033 0.016691 0.015581 0.020943 0.015581 0.015581 0.024614 0.015581 0.009897 0.015094 0.020564 0.015284 0.015284 0.014789 0.029157 0.013960 0.019056 0.015490 0.024437 0.015620 0.023228 0.015028 0.019096 0.016954 0.008957 0.009317 0.011366 0.015303 0.018680 0.023706 0.011978 0.010137 0.016813 0.012796 0.010653 0.011554 0.009486 0.016555 0.011017 0.008138 0.008138 0.012010 0.010130 0.008635 0.009612 0.012109 0.009368 0.012261 0.010364
0.009677 0.014400 0.014166 0.010549 0.014166 0.008352 0.017284 0.016265 0.016265 0.016265 0.016265 0.016786 0.015498 0.015498 0.011033 0.016691 0.015581 0.013665 0.013665 0.014664 0.024614 0.015581 0.015581 0.015779 0.012483 0.015581 0.024614 0.019177 0.012807 0.011453 0.016691 0.036901 0.033198 0.021895 0.030607 0.010091 0.012753 0.012584 0.013335 0.008973 0.011927 0.009523 0.011964 0.019807 0.009333 0.013306 0.013306 0.014684 0.010379 0.009712 0.018594 0.015706 0.011286 0.012536 0.012546 0.010130 0.007426 0.010125 0.009612 0.008330 0.011515 0.009828 0.010234
0.014400 0.012901 0.012901 0.012901 0.015498 0.016265 0.016265 0.016265 0.016265 0.016265 0.016265 0.016265 0.016786 0.008352 0.014460 0.008352 0.015581 0.015581 0.020564 0.023430 0.015581 0.021814 0.016691 0.021814 0.023430 0.016742 0.024614 0.017479 0.014252 0.012466 0.016691 0.022575 0.022948 0.014664 0.013236 0.014416 0.011394 0.012584 0.012033 0.008711 0.013768 0.011565 0.016208 0.009831 0.014193 0.009294 0.009721 0.009317 0.010379 0.008948 0.010452 0.009342 0.009528 0.010063 0.009796 0.009691 0.012299 0.010375 0.008108 0.011220 0.010707 0.014917 0.009590
0.012901 0.012901 0.012901 0.012901 0.009828 0.012901 0.014725 0.015498 0.012217 0.016786 0.010765 0.016265 0.016265 0.010309 0.016265 0.009379 0.015581 0.012750 0.015581 0.015581 0.023430 0.012630 0.012633 0.021814 0.012112 0.015581 0.015581 0.015390 0.028824 0.029419 0.029419 0.010068 0.012726 0.016093 0.012245 0.015547 0.015027 0.010369 0.011851 0.009252 0.010203 0.012690 0.010373 0.014005 0.012742 0.011644 0.009992 0.011460 0.011423 0.008729 0.009100 0.009353 0.011074 0.008788 0.009106 0.009482 0.010257 0.010737 0.010737 0.010508 0.009592 0.010325 0.012122
0.012901 0.012901 0.012901 0.012653 0.012901 0.016265 0.012815 0.011771 0.016265 0.012217 0.016265 0.016265 0.011284 0.016265 0.012653 0.012715 0.015581 0.015994 0.012750 0.015581 0.024614 0.012391 0.015581 0.015581 0.017479 0.023012 0.016643 0.015003 0.016930 0.022358 0.023012 0.012245 0.015822 0.012715 0.011620 0.022053 0.015155 0.008758 0.012804 0.010326 0.010053 0.009853 0.010223 0.010379 0.008758 0.008758 0.009898 0.012118 0.013378 0.009598 0.009598 0.009981 0.008352 0.011565 0.008978 0.009897 0.010970 0.010674 0.008786 0.009898 0.010526 0.012772 0.012122
0.012901 0.015151 0.012901 0.014166 0.012901 0.014281 0.012066 0.011771 0.012780 0.012294 0.008127 0.012784 0.016265 0.016265 0.013658 0.013658 0.016265 0.015581 0.016252 0.017479 0.023430 0.019177 0.024614 0.011355 0.012122 0.013674 0.010202 0.014631 0.017686 0.023402 0.023012 0.014789 0.011667 0.023620 0.011620 0.013658 0.014509 0.016345 0.022358 0.012804 0.010355 0.009853 0.009252 0.008782 0.010223 0.009992 0.010738 0.016252 0.012733 0.011021 0.010880 0.011494 0.011534 0.007989 0.009898 0.010674 0.018849 0.010784 0.011189 0.012757 0.017568 0.013986 0.010380
0.009137 0.016150 0.015500 0.017102 0.015086 0.013694 0.012638 0.012638 0.014166 0.015961 0.010085 0.008805 0.012694 0.016265 0.016265 0.016265 0.012290 0.016596 0.018286 0.015581 0.023430 0.010428 0.011960 0.016508 0.021260 0.008593 0.012245 0.014631 0.021521 0.023402 0.052976 0.016205 0.015996 0.011154 0.030170 0.009495 0.019375 0.013290 0.013408 0.020564 0.011252 0.008711 0.011534 0.010738 0.009853 0.009767 0.010744 0.011946 0.011538 0.013674 0.013190 0.009516 0.011113 0.014787 0.027972 0.013158 0.008881 0.016394 0.017319 0.023198 0.030416 0.012680 0.012680
0.014166 0.014166 0.016150 0.017102 0.017102 0.016265 0.014821 0.012308 0.016265 0.012815 0.012217 0.014166 0.015498 0.009141 0.012628 0.012784 0.015102 0.010130 0.014619 0.016135 0.017142 0.010707 0.012294 0.022321 0.014607 0.014145 0.011543 0.011543 0.011543 0.012508 0.015498 0.016368 0.012950 0.008735 0.009370 0.023012 0.012171 0.012546 0.010445 0.015521 0.013051 0.010379 0.010379 0.009898 0.009712 0.010535 0.016691 0.012770 0.011147 0.011624 0.008839 0.010453 0.015977 0.012845 0.012845 0.019595 0.016719 0.017298 0.020418 0.016548 0.023374 0.017319 0.022321
0.012653 0.013658 0.019413 0.012653 0.017102 0.012901 0.014166 0.018420 0.012694 0.011663 0.014400 0.011771 0.011867 0.015498 0.029157 0.010966 0.013318 0.009216 0.009431 0.009431 0.012661 0.018680 0.009905 0.010009 0.011067 0.011543 0.009718 0.011543 0.016860 0.015581 0.015271 0.017686 0.015086 0.019595 0.014789 0.017142 0.014789 0.016368 0.010445 0.012796 0.012796 0.010223 0.012623 0.012568 0.012614 0.010535 0.010293 0.010293 0.011295 0.010686 0.014286 0.010364 0.012413 0.015883 0.016055 0.014848 0.012668 0.013694 0.028824 0.034448 0.014631 0.024347 0.014074
0.014821 0.016035 0.016548 0.014400 0.015640 0.015151 0.014166 0.016736 0.012694 0.013674 0.017479 0.017479 0.016485 0.010419 0.017479 0.017402 0.011873 0.016048 0.023257 0.014789 0.012698 0.012668 0.012819 0.014412 0.011067 0.010620 0.009086 0.014909 0.024614 0.020943 0.023430 0.017686 0.015390 0.017024 0.016555 0.017024 0.014789 0.016055 0.017001 0.013051 0.012796 0.012796 0.015245 0.009701 0.011337 0.009890 0.009035 0.009438 0.011909 0.012460 0.011643 0.015225 0.017210 0.030170 0.022849 0.015106 0.012308 0.023106 0.012676 0.036172 0.036172 0.014848 0.012901
0.015601 0.013682 0.008877 0.014400 0.017284 0.015304 0.015917 0.017639 0.017479 0.013594 0.012404 0.014789 0.041893 0.009627 0.015739 0.017236 0.017236 0.018680 0.012676 0.012763 0.014650 0.015544 0.016947 0.015818 0.016625 0.008896 0.009252 0.014784 0.024614 0.024614 0.019595 0.019595 0.019648 0.017686 0.024614 0.020943 0.012796 0.013172 0.012630 0.012734 0.015227 0.012796 0.010375 0.009637 0.010538 0.010200 0.009728 0.010130 0.013144 0.022540 0.010524 0.015106 0.011981 0.016359 0.017638 0.015162 0.017319 0.015604 0.030084 0.030084 0.015759 0.021081 0.012136
0.014821 0.015822 0.016035 0.012780 0.016485 0.008352 0.016786 0.010103 0.009414 0.017479 0.014789 0.023257 0.015739 0.023257 0.016672 0.016954 0.024702 0.023012 0.012297 0.021521 0.023012 0.012819 0.013745 0.013745 0.010523 0.012009 0.010053 0.012342 0.015581 0.017686 0.017686 0.017686 0.020066 0.014910 0.020943 0.012796 0.015227 0.012796 0.012796 0.015227 0.015227 0.012342 0.010375 0.008954 0.009035 0.009035 0.010144 0.010378 0.027972 0.022540 0.015462 0.015462 0.012718 0.015604 0.022849 0.014619 0.016836 0.044523 0.041598 0.020368 0.032002 0.012349 0.016672
0.013549 0.009352 0.017142 0.016031 0.010336 0.014460 0.009323 0.011240 0.009097 0.017479 0.015660 0.012819 0.016672 0.013607 0.014789 0.015775 0.015775 0.012082 0.020897 0.020708 0.013808 0.012945 0.009325 0.009596 0.009510 0.009093 0.007294 0.015331 0.015581 0.019177 0.020943 0.022575 0.014193 0.016715 0.012729 0.012796 0.015227 0.012371 0.015227 0.012819 0.011910 0.010969 0.009890 0.007541 0.009035 0.009353 0.010223 0.019015 0.027300 0.015939 0.015162 0.013810 0.014400 0.017095 0.012716 0.018331 0.023706 0.028411 0.027507 0.025795 0.032936 0.012309 0.019137
