Example_Watersheds/WA_MashelWatershed/DataInputs/o_3_ChemistryPools/Mashel_1990_Pools/NH4_Pool_2.asc
ncols         923
nrows         455
xllcorner     550005.67551598
yllcorner     5180549.8134422
cellsize      30
NODATA_value  -9999
[rows 0 to 27 of 455, columns 315 to 377 of 923]
0.110152 0.110152 0.110152 0.110152 0.110152 0.110152 0.110152 0.062687 0.065627 0.052802 0.046778 0.042865 0.042437 0.054817 0.040477 0.069852 0.063243 0.060336 0.050676 0.035855 0.072012 0.073719 0.039516 0.062329 0.047768 0.046300 0.051554 0.041713 0.051788 0.064412 0.052017 0.041352 0.053042 0.069608 0.068718 0.081939 0.064486 0.041577 0.052658 0.041486 0.046382 0.046382 0.044418 0.050690 0.044232 0.050676 0.043044 0.043044 0.050676 0.050676 0.046854 0.039057 0.048012 0.050676 0.050676 0.039057 0.064225 0.069530 0.075483 0.060095 0.130428 0.221948 0.049187
0.110152 0.110152 0.110152 0.110152 0.110152 0.110152 0.110152 0.129262 0.070957 0.040438 0.045838 0.050676 0.050676 0.067970 0.063243 0.040707 0.068371 0.065696 0.063705 0.065696 0.054789 0.067900 0.071466 0.065440 0.081073 0.046822 0.052343 0.066205 0.047319 0.103560 0.061690 0.061690 0.051788 0.054261 0.054518 0.081939 0.039945 0.041577 0.042961 0.042961 0.041411 0.044584 0.060575 0.043044 0.036075 0.044584 0.046668 0.050676 0.044584 0.039483 0.044626 0.039057 0.039057 0.050166 0.050676 0.040860 0.040193 0.041644 0.069530 0.110152 0.219984 0.071777 0.050676
0.110152 0.110152 0.110152 0.110152 0.110152 0.110152 0.110152 0.110152 0.110152 0.054099 0.055816 0.051906 0.051845 0.157116 0.045007 0.062028 0.068371 0.042031 0.069830 0.047365 0.053602 0.053855 0.064329 0.065440 0.068380 0.052032 0.052253 0.048263 0.065711 0.066496 0.061690 0.041123 0.041123 0.060602 0.116514 0.040106 0.066391 0.069137 0.043990 0.032074 0.043526 0.030237 0.039247 0.039057 0.050676 0.044595 0.044590 0.039483 0.039483 0.039057 0.039986 0.048681 0.066712 0.050676 0.050676 0.072138 0.066051 0.067437 0.062306 0.067900 0.068836 0.110152 0.053700
0.110152 0.110152 0.110152 0.110152 0.110152 0.110152 0.110152 0.110152 0.129262 0.054099 0.042242 0.067736 0.071299 0.032656 0.067636 0.058866 0.065696 0.070731 0.054277 0.049146 0.051587 0.051554 0.057079 0.063549 0.071299 0.054261 0.054928 0.050996 0.048662 0.043274 0.050676 0.050676 0.050676 0.050772 0.049429 0.035370 0.078523 0.072650 0.054192 0.050155 0.040467 0.044584 0.050676 0.050483 0.050676 0.036038 0.050483 0.044584 0.041016 0.039329 0.064999 0.065881 0.051475 0.070330 0.052019 0.057930 0.071032 0.068035 0.066051 0.052074 0.110152 0.110152 0.053700
0.110152 0.110152 0.110152 0.110152 0.110152 0.110152 0.110152 0.110152 0.110152 0.129087 0.110152 0.046609 0.039185 0.041169 0.035067 0.040261 0.040261 0.054046 0.043435 0.050150 0.128729 0.054366 0.054585 0.063243 0.051948 0.051041 0.063243 0.081939 0.069137 0.042348 0.040781 0.062066 0.046469 0.061256 0.050676 0.041964 0.041964 0.051560 0.050676 0.045213 0.045895 0.044584 0.050676 0.050676 0.050676 0.039167 0.079455 0.038705 0.041702 0.068635 0.068635 0.070330 0.052074 0.054859 0.041589 0.053941 0.061007 0.066051 0.062306 0.110152 0.110152 0.110152 0.044403
0.110152 0.110152 0.110152 0.110152 0.110152 0.110152 0.110152 0.110152 0.110152 0.110152 0.110152 0.110152 0.096100 0.041397 0.054366 0.041054 0.069842 0.052500 0.037999 0.070652 0.128729 0.063243 0.051948 0.057079 0.061970 0.081939 0.051587 0.081939 0.053777 0.053688 0.044563 0.035214 0.062562 0.040303 0.050676 0.050676 0.050676 0.050676 0.050676 0.050676 0.050676 0.050676 0.043810 0.050676 0.050676 0.039057 0.040870 0.039057 0.071671 0.054099 0.073249 0.052074 0.058946 0.069741 0.039185 0.052023 0.076095 0.064605 0.063754 0.068942 0.110152 0.110152 0.060637
0.110152 0.110152 0.110152 0.110152 0.110152 0.110152 0.110152 0.110152 0.110152 0.110152 0.110152 0.110152 0.066469 0.041397 0.061981 0.051864 0.041864 0.041644 0.043910 0.063396 0.063965 0.051948 0.054385 0.065696 0.051948 0.052074 0.068132 0.057501 0.081939 0.054081 0.065627 0.035482 0.045427 0.050676 0.040445 0.043810 0.040597 0.042511 0.050676 0.050676 0.050676 0.043810 0.044158 0.040271 0.050676 0.042242 0.061089 0.041043 0.051349 0.049913 0.074803 0.063575 0.073350 0.049913 0.054817 0.039333 0.050676 0.040472 0.050676 0.044256 0.110152 0.110152 0.110152
0.110152 0.110152 0.110152 0.110152 0.110152 0.110152 0.110152 0.110152 0.110152 0.110152 0.051174 0.042705 0.055326 0.054536 0.050483 0.041123 0.054259 0.050676 0.050676 0.050676 0.050676 0.040261 0.066630 0.052402 0.057634 0.071161 0.037686 0.065272 0.119650 0.048662 0.044697 0.035855 0.053555 0.050676 0.042933 0.050676 0.050676 0.041491 0.050676 0.035370 0.050676 0.039229 0.050676 0.050676 0.050676 0.042242 0.044556 0.047390 0.047390 0.052112 0.042835 0.053876 0.073350 0.063895 0.041644 0.043403 0.058866 0.039057 0.032656 0.062156 0.110152 0.110152 0.127403
0.110152 0.110152 0.110152 0.110152 0.110152 0.110152 0.110152 0.054775 0.110152 0.072138 0.040271 0.043466 0.047766 0.047766 0.042562 0.042954 0.041482 0.044820 0.050676 0.050676 0.050676 0.039539 0.058946 0.063057 0.057634 0.067497 0.064412 0.059232 0.054386 0.040936 0.052609 0.035855 0.048425 0.040706 0.050676 0.043810 0.050676 0.050676 0.050676 0.040430 0.040430 0.042297 0.038972 0.039965 0.037835 0.050676 0.050676 0.044556 0.044570 0.042016 0.054082 0.063375 0.068380 0.061171 0.039374 0.048304 0.048681 0.050676 0.039057 0.062156 0.110152 0.057235 0.038972
0.110152 0.110152 0.110152 0.110152 0.110152 0.110152 0.110152 0.053453 0.054680 0.058031 0.045117 0.042511 0.038942 0.040271 0.039492 0.050676 0.045421 0.044820 0.050676 0.050676 0.050676 0.040271 0.066712 0.063243 0.054424 0.068235 0.053767 0.071161 0.044585 0.054889 0.043422 0.034583 0.039903 0.039903 0.050291 0.050676 0.050676 0.035370 0.050676 0.048307 0.095636 0.041461 0.044584 0.050676 0.035370 0.041043 0.049178 0.042511 0.041043 0.049965 0.054259 0.058946 0.069530 0.069530 0.063160 0.049953 0.041644 0.040261 0.038428 0.233536 0.110152 0.154212 0.040627
0.110152 0.110152 0.110152 0.110152 0.110152 0.110152 0.110152 0.044385 0.060247 0.040035 0.054644 0.054366 0.043466 0.040612 0.044599 0.050676 0.058414 0.050676 0.049685 0.033786 0.039110 0.046464 0.071299 0.054914 0.068371 0.048703 0.051632 0.053965 0.075936 0.035214 0.037523 0.062771 0.040208 0.043541 0.050676 0.050676 0.050676 0.050676 0.041945 0.054229 0.060095 0.044278 0.046974 0.050676 0.039057 0.043720 0.042966 0.053349 0.050473 0.049965 0.039942 0.047362 0.057068 0.065711 0.053912 0.047319 0.050676 0.041581 0.041043 0.040472 0.110152 0.093162 0.053555
0.110152 0.110152 0.110152 0.110152 0.110152 0.110152 0.110152 0.072239 0.053602 0.052230 0.042901 0.042511 0.055584 0.063575 0.060315 0.054370 0.031874 0.031874 0.060315 0.040438 0.050676 0.040271 0.059673 0.094016 0.069330 0.039270 0.064412 0.054261 0.075936 0.053602 0.062771 0.051130 0.057637 0.050676 0.050676 0.050676 0.050676 0.045429 0.032656 0.051710 0.069608 0.040439 0.046974 0.052564 0.043095 0.043095 0.067072 0.041043 0.041663 0.053912 0.054405 0.065711 0.038238 0.054405 0.054645 0.038250 0.050676 0.039025 0.051649 0.040459 0.152835 0.050635 0.048532
0.110152 0.110152 0.110152 0.110152 0.052883 0.110152 0.110152 0.151270 0.051948 0.051948 0.061042 0.050739 0.042368 0.065205 0.051974 0.044816 0.065281 0.049178 0.048833 0.042511 0.050676 0.040271 0.100040 0.057634 0.066647 0.053965 0.071161 0.064412 0.069137 0.054817 0.063575 0.063575 0.062771 0.044527 0.044201 0.050676 0.050676 0.050676 0.050676 0.039057 0.059995 0.060976 0.042511 0.050676 0.050676 0.050024 0.050676 0.050676 0.041043 0.042705 0.065966 0.054405 0.054405 0.054013 0.065711 0.063160 0.049209 0.041713 0.130428 0.234054 0.126674 0.054230 0.040684
0.110152 0.110152 0.110152 0.217105 0.050676 0.054386 0.110152 0.110152 0.059232 0.062542 0.048522 0.039886 0.050676 0.053012 0.052727 0.065966 0.069237 0.052102 0.048833 0.034066 0.050676 0.050287 0.071299 0.063635 0.064412 0.069214 0.058866 0.071161 0.069137 0.039270 0.033939 0.052239 0.053602 0.058866 0.068602 0.047982 0.045193 0.050676 0.037594 0.050676 0.068335 0.041702 0.050676 0.050676 0.041195 0.050676 0.054405 0.054405 0.062066 0.044323 0.049776 0.065966 0.054462 0.054013 0.042705 0.064069 0.070449 0.064999 0.054418 0.041716 0.110152 0.060500 0.061008
0.110152 0.155724 0.047889 0.054536 0.041043 0.040627 0.039627 0.053546 0.055584 0.065299 0.065492 0.050676 0.039025 0.050834 0.041043 0.043647 0.043303 0.053237 0.048833 0.043963 0.042511 0.042511 0.041106 0.065627 0.042144 0.063445 0.069036 0.051788 0.069214 0.038241 0.044686 0.049816 0.053602 0.050291 0.040559 0.050676 0.039562 0.041626 0.039965 0.050676 0.038724 0.065272 0.040936 0.052583 0.050676 0.050676 0.054405 0.069237 0.039025 0.039025 0.038972 0.050927 0.050676 0.038554 0.054405 0.060365 0.054831 0.097987 0.110152 0.110152 0.067384 0.065675 0.045709
0.072946 0.141600 0.053370 0.037781 0.044572 0.041491 0.047022 0.045375 0.054449 0.054555 0.059410 0.054385 0.043336 0.043476 0.043476 0.044158 0.040899 0.057791 0.044686 0.055511 0.042001 0.043095 0.054425 0.058866 0.053528 0.063445 0.042144 0.071364 0.064412 0.045175 0.036200 0.043990 0.043815 0.050676 0.045654 0.050291 0.042044 0.050676 0.050676 0.039009 0.054916 0.054916 0.156013 0.048601 0.042933 0.057825 0.050676 0.048681 0.039057 0.063243 0.069237 0.042705 0.060121 0.061379 0.041087 0.050174 0.075485 0.110152 0.110152 0.110152 0.054065 0.050834 0.053113
0.110152 0.110152 0.071875 0.047365 0.044572 0.065541 0.065541 0.065200 0.110152 0.110152 0.058741 0.048703 0.041196 0.050927 0.045440 0.050676 0.040203 0.053113 0.044803 0.057549 0.061690 0.042881 0.043661 0.043505 0.043505 0.053191 0.047247 0.059193 0.068942 0.055714 0.042438 0.044778 0.039057 0.051671 0.051671 0.050093 0.041054 0.041409 0.047229 0.038238 0.041043 0.044578 0.051587 0.044454 0.046609 0.060522 0.048991 0.039057 0.062799 0.052074 0.040196 0.054817 0.052062 0.047121 0.145056 0.110152 0.110152 0.110152 0.063328 0.085943 0.062028 0.087639 0.064154
0.110152 0.110152 0.039861 0.043667 0.044570 0.028646 0.065796 0.110152 0.110152 0.110152 0.060374 0.060278 0.129087 0.049448 0.042368 0.050676 0.047449 0.044516 0.050676 0.031698 0.060315 0.044686 0.037523 0.058866 0.053001 0.065627 0.045197 0.053453 0.033431 0.044778 0.044778 0.041597 0.045141 0.065696 0.037364 0.034422 0.041054 0.041043 0.047229 0.047229 0.048522 0.062477 0.054366 0.044454 0.042709 0.040813 0.054817 0.050676 0.062799 0.044686 0.040196 0.042881 0.127004 0.127004 0.129262 0.044210 0.211353 0.110152 0.054015 0.120722 0.115611 0.188415 0.060341
0.110152 0.110152 0.110152 0.049608 0.051280 0.049048 0.110152 0.110152 0.110152 0.110152 0.110152 0.072946 0.072946 0.047906 0.053858 0.039314 0.046887 0.056905 0.056905 0.049617 0.040106 0.047341 0.056098 0.058406 0.051948 0.070831 0.042137 0.052571 0.045142 0.044778 0.057501 0.041554 0.048364 0.063243 0.042881 0.049839 0.042709 0.037654 0.049703 0.035782 0.050039 0.041291 0.075936 0.057619 0.038812 0.050676 0.050676 0.043518 0.054385 0.054405 0.054385 0.047810 0.110152 0.110152 0.040462 0.051259 0.059232 0.066732 0.039995 0.064095 0.092988 0.043216 0.049264
0.041188 0.110152 0.110152 0.105824 0.058617 0.054108 0.110152 0.110152 0.110152 0.110152 0.110152 0.110152 0.072946 0.110152 0.041583 0.036200 0.039909 0.042447 0.049608 0.040196 0.052531 0.049178 0.039524 0.070957 0.049812 0.039057 0.129262 0.217853 0.048796 0.059502 0.070631 0.039057 0.065696 0.063243 0.054309 0.041447 0.050291 0.060684 0.060684 0.039609 0.049366 0.073188 0.087011 0.043721 0.038794 0.061690 0.041022 0.044355 0.050548 0.054385 0.058800 0.041426 0.054719 0.094514 0.043816 0.072643 0.070932 0.034958 0.066965 0.039717 0.040448 0.043216 0.046854
0.087639 0.110152 0.065102 0.227718 0.129262 0.067217 0.110152 0.110152 0.110152 0.110152 0.110152 0.110152 0.095480 0.110152 0.054275 0.051196 0.047382 0.044635 0.046087 0.040538 0.041043 0.049178 0.051272 0.054099 0.033786 0.039057 0.072215 0.235242 0.138946 0.050679 0.038972 0.080897 0.044686 0.046108 0.061807 0.041886 0.049179 0.039732 0.050676 0.062148 0.049366 0.054405 0.069214 0.044992 0.066205 0.063114 0.054914 0.044355 0.054324 0.075789 0.054309 0.052922 0.049377 0.035852 0.043816 0.068836 0.089654 0.041920 0.041597 0.054046 0.039057 0.039057 0.050676
0.060075 0.057076 0.054229 0.051218 0.042703 0.040356 0.054170 0.176312 0.099800 0.039670 0.054005 0.052321 0.043411 0.047567 0.065966 0.062235 0.036495 0.042771 0.047382 0.058534 0.047341 0.048847 0.048847 0.049448 0.028646 0.046413 0.032832 0.049149 0.064670 0.040459 0.065272 0.054942 0.052074 0.046108 0.043303 0.055287 0.041163 0.042342 0.050676 0.050676 0.062329 0.042775 0.074567 0.058866 0.065966 0.054405 0.054746 0.052253 0.043314 0.047533 0.047533 0.047309 0.032482 0.031627 0.030237 0.039057 0.053962 0.036868 0.050697 0.046831 0.050676 0.050676 0.043528
0.047382 0.050996 0.048976 0.049178 0.041043 0.040356 0.054405 0.042750 0.039562 0.054405 0.054385 0.042706 0.043411 0.061690 0.047319 0.047319 0.058946 0.036495 0.038812 0.038812 0.065538 0.048307 0.048835 0.051139 0.058866 0.041713 0.043827 0.047382 0.051862 0.042192 0.068380 0.040766 0.060602 0.046108 0.044230 0.044564 0.053191 0.050656 0.038972 0.041596 0.044038 0.065966 0.065966 0.054405 0.048333 0.052802 0.074575 0.042775 0.040947 0.040442 0.040362 0.039881 0.050676 0.047519 0.043816 0.050676 0.043044 0.043044 0.041702 0.045753 0.042707 0.040848 0.042622
0.048232 0.043227 0.034909 0.049178 0.045838 0.065711 0.054405 0.054405 0.042705 0.044210 0.050890 0.063287 0.064821 0.049716 0.047341 0.042881 0.065538 0.048458 0.053574 0.040106 0.051139 0.063396 0.051780 0.064412 0.064412 0.069214 0.051139 0.048569 0.061089 0.059507 0.050676 0.041608 0.054928 0.059662 0.039945 0.057619 0.053574 0.054293 0.048000 0.050676 0.051716 0.043044 0.044175 0.044363 0.048333 0.046842 0.061277 0.061307 0.033906 0.047807 0.049617 0.039881 0.050676 0.050676 0.050676 0.042699 0.058464 0.050676 0.041702 0.050676 0.040852 0.042184 0.050676
0.047906 0.051657 0.050676 0.050676 0.041043 0.041980 0.045902 0.047227 0.054405 0.042988 0.061089 0.061089 0.060602 0.051139 0.051139 0.053574 0.053707 0.052074 0.049920 0.054403 0.047319 0.042562 0.038241 0.065246 0.064412 0.046842 0.058998 0.043037 0.048113 0.053454 0.044584 0.050676 0.043142 0.070579 0.080897 0.053965 0.051990 0.054293 0.051630 0.051122 0.035544 0.051845 0.049149 0.038844 0.050417 0.075485 0.053454 0.042988 0.047221 0.035757 0.043816 0.050676 0.054405 0.054405 0.054405 0.054405 0.054434 0.057791 0.050676 0.050676 0.050676 0.050676 0.050676
0.050676 0.050676 0.047390 0.046048 0.051862 0.043531 0.060602 0.060602 0.060602 0.042988 0.040106 0.040196 0.058534 0.061690 0.050066 0.039270 0.053707 0.041433 0.042708 0.042708 0.043507 0.058833 0.049682 0.053379 0.050812 0.051139 0.048232 0.057076 0.039847 0.058534 0.050676 0.040425 0.050676 0.041167 0.063575 0.062028 0.063243 0.067140 0.048196 0.047588 0.046196 0.052101 0.064583 0.044686 0.048302 0.049750 0.060384 0.060384 0.058595 0.050855 0.063086 0.062148 0.061379 0.054405 0.054405 0.054405 0.054405 0.054405 0.035085 0.043610 0.050676 0.050676 0.034351
0.040459 0.050676 0.047390 0.062413 0.055851 0.060602 0.048320 0.038691 0.047341 0.042052 0.061690 0.061690 0.051139 0.047906 0.061690 0.043553 0.076785 0.053965 0.063511 0.040106 0.035483 0.066712 0.042562 0.042242 0.049776 0.047390 0.039206 0.044549 0.044545 0.039665 0.041357 0.050676 0.039009 0.063575 0.045102 0.049611 0.063696 0.042695 0.050676 0.050676 0.040472 0.030445 0.050728 0.046268 0.050993 0.057825 0.049649 0.065675 0.058595 0.048136 0.037455 0.042562 0.061379 0.065966 0.054405 0.054405 0.054405 0.054715 0.047229 0.042705 0.046244 0.046807 0.034351
0.051708 0.074872 0.042425 0.053113 0.061690 0.061690 0.063924 0.040106 0.040106 0.060602 0.033386 0.046394 0.040106 0.050676 0.048833 0.081767 0.071364 0.054370 0.051139 0.040196 0.052017 0.045615 0.050417 0.044803 0.058998 0.048189 0.042066 0.047906 0.041627 0.047395 0.041357 0.060887 0.035370 0.092813 0.081939 0.033457 0.062562 0.051990 0.050047 0.050676 0.043525 0.030445 0.048835 0.045007 0.040889 0.062066 0.053092 0.045655 0.048688 0.044673 0.043285 0.047518 0.062148 0.051866 0.065966 0.065966 0.043910 0.042705 0.042705 0.042705 0.065966 0.065966 0.049812
