Example_Watersheds/WA_MashelWatershed/DataInputs/o_3_ChemistryPools/Mashel_1990_Pools/NH4_Pool_1.asc
ncols         923
nrows         455
xllcorner     550005.67551598
yllcorner     5180549.8134422
cellsize      30
NODATA_value  -9999
[rows 84 to 111 of 455, columns 756 to 818 of 923]
0.260587 0.173784 0.295280 0.295280 0.264174 0.264174 0.300696 0.295280 0.300696 0.234168 0.249433 0.321485 0.321485 0.300696 0.650063 0.260587 0.223466 0.262748 0.195341 0.222854 0.241436 0.295280 0.195548 0.195548 0.139704 0.139704 0.182805 0.300696 0.331795 0.331795 0.292117 0.292117 0.226745 0.272565 0.182805 0.300696 0.295280 0.440187 0.497430 0.906132 0.224305 0.168202 0.219251 0.183084 0.196073 0.222540 0.190793 0.225902 0.300696 0.280350 0.331795 0.200556 0.182805 0.295280 0.202296 0.156716 0.289157 0.153180 0.196814 0.227993 0.192862 0.145233 0.181644
0.238729 0.212823 0.170866 0.235308 0.264174 0.216293 0.295280 0.321485 0.295280 0.234168 0.247362 0.247362 0.321485 0.624007 0.557911 0.260587 0.207436 0.262980 0.218991 0.170039 0.171125 0.179163 0.195548 0.156716 0.171125 0.192619 0.202296 0.202296 0.270338 0.331795 0.290593 0.270338 0.224467 0.278140 0.300696 0.331795 0.430636 0.587244 0.629492 0.263119 0.235308 0.191431 0.217460 0.202653 0.212855 0.171232 0.213721 0.190793 0.201956 0.232566 0.288568 0.295280 0.195548 0.175121 0.221557 0.179163 0.252458 0.226586 0.248661 0.216605 0.156716 0.232817 0.139704
0.272565 0.212823 0.219084 0.227543 0.303420 0.270338 0.234168 0.204490 0.295280 0.288484 0.295280 0.295280 0.293608 0.792691 0.414911 0.414911 0.211742 0.215897 0.184325 0.188819 0.156384 0.179163 0.179163 0.156716 0.195548 0.148526 0.179163 0.295280 0.300696 0.331795 0.179163 0.209715 0.240690 0.258332 0.226745 0.211258 0.276110 0.331795 0.512771 0.273003 0.210974 0.173228 0.223131 0.223131 0.167182 0.212855 0.208697 0.264174 0.213721 0.300696 0.199540 0.212044 0.177482 0.182221 0.252458 0.169023 0.258332 0.162706 0.223843 0.174892 0.224950 0.232817 0.239879
0.312652 0.220337 0.170528 0.202296 0.179163 0.216629 0.179233 0.244271 0.244271 0.244271 0.300696 0.295280 0.270338 0.305403 0.640103 0.536300 0.211322 0.175774 0.179854 0.167934 0.179163 0.295280 0.219678 0.148526 0.152629 0.191463 0.264174 0.295280 0.295280 0.156716 0.275300 0.191191 0.331795 0.302494 0.293211 0.293211 0.481510 0.212644 0.224095 0.554935 0.281807 0.210974 0.228405 0.218924 0.134763 0.206657 0.172897 0.264174 0.300633 0.300696 0.300696 0.200018 0.182805 0.201829 0.252458 0.148526 0.221557 0.269002 0.476288 0.224220 0.524431 0.261998 0.261998
0.189694 0.245401 0.182805 0.179163 0.203481 0.252458 0.202296 0.227993 0.295280 0.227993 0.156716 0.264174 0.219678 0.531442 0.279376 0.276596 0.188258 0.210195 0.179854 0.167934 0.179163 0.252458 0.179163 0.148526 0.139704 0.182805 0.264174 0.156716 0.156716 0.156716 0.293608 0.513795 0.582415 0.226745 0.222036 0.213077 0.476288 0.213090 0.171566 0.634564 0.286318 0.215456 0.201342 0.258456 0.172557 0.209623 0.174657 0.280937 0.285066 0.331795 0.204256 0.148526 0.202296 0.156716 0.179163 0.179163 0.179163 0.216417 0.166251 0.298984 0.170898 0.203361 0.242733
0.254275 0.194656 0.242221 0.181423 0.295280 0.252458 0.295280 0.202296 0.163809 0.173742 0.202296 0.202296 0.219678 0.437042 0.292407 0.214979 0.200683 0.166621 0.202164 0.169180 0.185916 0.264174 0.295280 0.264174 0.156716 0.179163 0.156716 0.156716 0.295280 0.331795 0.582415 0.582415 0.387827 0.157073 0.265243 0.372995 0.225304 0.262053 0.222221 0.253079 0.307665 0.154784 0.224977 0.227750 0.183084 0.164348 0.162502 0.162502 0.139768 0.260223 0.300696 0.258332 0.181416 0.179163 0.156716 0.179163 0.229339 0.331795 0.452388 0.269002 0.266314 0.254560 0.254560
0.974656 0.245066 0.259919 0.234168 0.295280 0.216293 0.156716 0.179163 0.173077 0.179163 0.202296 0.195548 0.195548 0.156716 0.245299 0.222732 0.170866 0.213525 0.222300 0.191073 0.182805 0.295280 0.295280 0.264043 0.179506 0.171125 0.156716 0.295280 0.306836 0.543632 0.212104 0.301518 0.211199 0.245391 0.224282 0.275554 0.458260 0.365357 0.365357 0.365357 0.262678 0.174877 0.211664 0.192591 0.269147 0.198009 0.225221 0.217822 0.198399 0.288484 0.226294 0.258332 0.202296 0.179163 0.221557 0.300696 0.300696 0.331795 0.452388 0.524431 0.329475 0.257277 0.270621
0.192916 0.216561 0.270338 0.295280 0.295280 0.253178 0.219678 0.295280 0.171125 0.179163 0.198525 0.264174 0.179163 0.185507 0.156716 0.201734 0.296705 0.222540 0.171496 0.202850 0.331795 0.295280 0.218924 0.264043 0.171125 0.295280 0.156716 0.156716 0.407080 0.223906 0.212104 0.209715 0.209715 0.167966 0.222942 0.224831 0.264708 0.302494 0.347035 0.452388 0.224868 0.344267 0.234713 0.164831 0.183851 0.183084 0.185660 0.163707 0.182202 0.241026 0.497430 0.192178 0.148526 0.182805 0.156716 0.179163 0.303420 0.278334 0.523512 0.692131 0.611797 0.286092 0.301518
0.632585 0.291997 0.220814 0.234168 0.234168 0.258723 0.202296 0.202296 0.264174 0.179163 0.296227 0.219115 0.185507 0.204256 0.219678 0.211322 0.296705 0.171934 0.167333 0.202296 0.216293 0.295280 0.295280 0.295280 0.295280 0.209339 0.295280 0.199270 0.234168 0.300696 0.155456 0.258332 0.264181 0.167966 0.245814 0.301458 0.634564 0.440187 0.536300 0.344267 0.307665 0.399609 0.184603 0.227750 0.201419 0.203605 0.180503 0.205433 0.176640 0.331795 0.240690 0.195548 0.187616 0.179163 0.156716 0.295280 0.179163 0.156716 0.259541 0.585651 0.547573 0.323924 0.281810
0.298160 0.283038 0.220814 0.234168 0.264174 0.179163 0.295280 0.179163 0.295280 0.185507 0.195548 0.156716 0.300696 0.156716 0.290593 0.185773 0.185773 0.199937 0.160249 0.192643 0.295280 0.270338 0.295280 0.258332 0.313485 0.234168 0.199666 0.252126 0.258332 0.258332 0.221405 0.249433 0.670237 0.365357 0.544984 0.440187 0.440187 0.284583 0.529747 0.214409 0.267205 0.253602 0.214431 0.176188 0.176188 0.201707 0.192746 0.191191 0.237755 0.285066 0.300696 0.300696 0.211672 0.179163 0.179163 0.295280 0.185507 0.300696 0.497430 0.403432 0.469545 0.659239 0.281810
0.640969 0.236001 0.178773 0.200018 0.210617 0.331795 0.266405 0.154428 0.154428 0.216293 0.177913 0.202296 0.202296 0.270338 0.279309 0.179163 0.209909 0.141271 0.145354 0.164333 0.273816 0.295280 0.226294 0.234168 0.234168 0.264174 0.143262 0.252126 0.258332 0.301518 0.285971 0.290768 0.476288 0.476288 0.544984 0.440187 0.440187 0.313901 0.213406 0.284583 0.215785 0.399609 0.154784 0.245967 0.208514 0.177833 0.182944 0.177486 0.283448 0.196814 0.314318 0.331795 0.174020 0.252458 0.258332 0.179163 0.321485 0.212285 0.252458 0.204000 0.358237 0.563435 0.663652
0.580773 0.580773 0.225187 0.216293 0.523512 0.212104 0.224032 0.203605 0.226317 0.190696 0.216293 0.264174 0.295280 0.270338 0.214667 0.216403 0.179188 0.169958 0.208055 0.179163 0.273816 0.295280 0.234168 0.295280 0.255370 0.222036 0.220658 0.204256 0.179163 0.155456 0.275300 0.294870 0.286318 0.523512 0.336327 0.313901 0.284583 0.440187 0.216293 0.399609 0.399609 0.213981 0.122045 0.218991 0.198357 0.184095 0.177486 0.141328 0.283889 0.295280 0.300696 0.264181 0.342149 0.225025 0.222597 0.452388 0.481510 0.321485 0.201192 0.173752 0.332560 0.296925 0.594962
0.411115 0.606450 0.216718 0.497430 0.214037 0.198446 0.224032 0.273409 0.174219 0.223747 0.178478 0.265037 0.437042 0.411672 0.171993 0.150217 0.194420 0.202296 0.269002 0.216293 0.222036 0.252126 0.264181 0.258332 0.222585 0.179841 0.154428 0.251346 0.258456 0.554426 0.486580 0.486580 0.390726 0.313901 0.443295 0.321485 0.284583 0.440187 0.497430 0.356408 0.213406 0.193765 0.170425 0.219066 0.176607 0.184371 0.164528 0.268609 0.268609 0.331795 0.215955 0.321485 0.271669 0.216963 0.258332 0.318179 0.171720 0.160610 0.201192 0.173752 0.216709 0.234168 0.315152
0.411115 0.534719 0.227543 0.295280 0.271162 0.223262 0.224630 0.182217 0.258332 0.222667 0.194420 0.156716 0.437042 0.437042 0.554426 0.180796 0.164390 0.195548 0.264174 0.226294 0.221753 0.295280 0.258332 0.280992 0.192916 0.210568 0.156716 0.202781 0.258456 0.166679 0.513795 0.275300 0.258332 0.284583 0.321485 0.281112 0.225304 0.363606 0.497430 0.556037 0.556037 0.168202 0.268323 0.258456 0.157435 0.164397 0.188857 0.226644 0.497430 0.295280 0.310508 0.310508 0.523512 0.179163 0.241026 0.160610 0.310508 0.271677 0.321485 0.331795 0.294459 0.165815 0.312652
0.234168 0.400903 0.507506 0.156716 0.171125 0.171125 0.213709 0.267902 0.214235 0.173077 0.219678 0.171566 0.295280 0.489058 0.182388 0.148526 0.208055 0.195548 0.270338 0.221753 0.258332 0.275300 0.258332 0.155456 0.192916 0.242955 0.210141 0.179163 0.181363 0.279361 0.514809 0.275300 0.271381 0.271381 0.276110 0.556037 0.418469 0.254560 0.363606 0.497430 0.269541 0.154784 0.218306 0.197444 0.203438 0.181989 0.202653 0.476288 0.225362 0.264174 0.300633 0.310508 0.295280 0.157134 0.300633 0.300696 0.218440 0.171720 0.271677 0.155284 0.157073 0.225362 0.221377
0.331795 0.278140 0.264181 0.270338 0.209715 0.300696 0.331795 0.337069 0.249952 0.264174 0.219678 0.314318 0.325530 0.273120 0.183120 0.202296 0.178675 0.178083 0.258332 0.486580 0.226153 0.294607 0.262053 0.204000 0.192916 0.222036 0.222036 0.196496 0.195614 0.234168 0.303420 0.209715 0.209715 0.472270 0.294870 0.497430 0.399609 0.476288 0.648713 0.295280 0.223722 0.213879 0.203438 0.186937 0.154428 0.202653 0.481510 0.310508 0.300633 0.238655 0.300633 0.300633 0.300633 0.264174 0.264174 0.191431 0.310508 0.310508 0.310508 0.247362 0.300633 0.225362 0.606450
0.264181 0.240690 0.416465 0.407080 0.313068 0.307665 0.639221 0.270338 0.234168 0.300696 0.258332 0.224528 0.295280 0.301871 0.138417 0.195548 0.178675 0.178675 0.195548 0.275300 0.258332 0.234168 0.208993 0.156716 0.156716 0.201574 0.258456 0.223815 0.157134 0.295280 0.199163 0.275300 0.514809 0.296925 0.537842 0.653150 0.418469 0.284583 0.497430 0.300696 0.259483 0.194698 0.203438 0.211924 0.284583 0.284583 0.341435 0.281807 0.310508 0.246845 0.285066 0.179923 0.212855 0.310572 0.261233 0.179923 0.310508 0.444834 0.655823 0.272425 0.611797 0.531442 0.643466
0.331795 0.331795 0.303524 0.203739 0.278140 0.258332 0.264181 0.264181 0.211742 0.211742 0.290593 0.258332 0.218116 0.272877 0.182476 0.148526 0.235308 0.210195 0.182339 0.219678 0.216293 0.234168 0.234168 0.179163 0.159202 0.216293 0.223815 0.220503 0.157134 0.165128 0.218116 0.258332 0.307251 0.307251 0.274163 0.653150 0.267553 0.267553 0.281112 0.497430 0.295280 0.264174 0.214756 0.452388 0.197728 0.236124 0.258332 0.311376 0.261511 0.224710 0.331795 0.264174 0.264174 0.497430 0.284236 0.295280 0.306007 0.648013 0.565243 0.577437 0.587244 0.594962 0.491498
0.331795 0.294199 0.294199 0.259919 0.240690 0.220658 0.258332 0.264181 0.224220 0.198446 0.305179 0.289132 0.300696 0.214667 0.182476 0.156716 0.179163 0.186228 0.157785 0.171125 0.219678 0.295280 0.234168 0.216293 0.216293 0.218924 0.295280 0.295280 0.251346 0.157134 0.185660 0.300696 0.284583 0.304765 0.458260 0.214825 0.265243 0.225304 0.267553 0.288568 0.295280 0.295280 0.300696 0.409986 0.286318 0.223747 0.267902 0.262053 0.264174 0.288484 0.497430 0.264174 0.264174 0.565243 0.294048 0.655823 0.299781 0.648013 0.463978 0.650714 0.804551 0.548811 0.776403
0.300696 0.321485 0.294199 0.300696 0.240690 0.278140 0.278140 0.264181 0.264181 0.171924 0.392849 0.387827 0.616880 0.202296 0.168114 0.156716 0.171125 0.166679 0.275300 0.300696 0.195548 0.195548 0.159034 0.224032 0.223262 0.164969 0.199386 0.195614 0.165128 0.156716 0.300696 0.331795 0.290768 0.280350 0.277639 0.276110 0.284583 0.278334 0.284583 0.191326 0.247595 0.291178 0.497430 0.497430 0.390008 0.269387 0.267902 0.216603 0.447885 0.447885 0.447885 0.300696 0.264174 0.427376 0.648013 0.607812 0.344965 0.670237 0.692131 0.264181 0.804551 0.275705 0.398955
0.300696 0.295280 0.295280 0.258332 0.379454 0.313970 0.430636 0.283542 0.264181 0.171924 0.276516 0.462106 0.462106 0.297124 0.297124 0.261775 0.221930 0.217926 0.198446 0.275300 0.224032 0.202296 0.275300 0.223328 0.216293 0.164969 0.192011 0.261233 0.295280 0.157134 0.295280 0.331795 0.290768 0.280350 0.458260 0.265243 0.300696 0.447885 0.156716 0.191326 0.291178 0.291178 0.291178 0.447885 0.298574 0.298574 0.254275 0.390726 0.269541 0.385602 0.262053 0.295280 0.295280 0.363606 0.300696 0.521645 0.490283 0.368800 0.664277 0.627348 0.402177 0.260587 0.624007
0.321485 0.321485 0.295280 0.259919 0.379454 0.364484 0.364484 0.331795 0.359144 0.264768 0.557911 0.396963 0.462106 0.462106 0.308285 0.260587 0.462106 0.275300 0.198446 0.219678 0.234168 0.218116 0.275300 0.179233 0.210568 0.217034 0.251346 0.212855 0.157134 0.174290 0.136524 0.300696 0.670237 0.331795 0.574036 0.307251 0.300696 0.300696 0.258861 0.202296 0.497430 0.443295 0.497430 0.298574 0.298574 0.298574 0.242733 0.298574 0.271162 0.385602 0.388559 0.251513 0.218924 0.670237 0.279723 0.216461 0.565243 0.733009 0.779694 0.298861 0.548811 0.244785 0.257731
0.300696 0.300696 0.295280 0.300696 0.300696 0.264181 0.430636 0.331795 0.278140 0.264181 0.616880 0.462106 0.462106 0.462106 0.462106 0.462106 0.214037 0.171125 0.216293 0.221557 0.295280 0.240690 0.258332 0.179163 0.171232 0.195614 0.377868 0.224467 0.185507 0.182805 0.173770 0.179163 0.156716 0.331795 0.285971 0.472270 0.210812 0.258861 0.300696 0.258861 0.440187 0.345659 0.497430 0.209617 0.258861 0.242733 0.291178 0.497430 0.409986 0.563435 0.388559 0.223779 0.379454 0.379454 0.267388 0.372995 0.306007 0.537076 0.552842 0.305215 0.618109 0.264697 0.213721
0.331795 0.259919 0.264174 0.295280 0.331795 0.300696 0.331795 0.226208 0.179163 0.607812 0.462106 0.462106 0.496764 0.462106 0.399609 0.210828 0.156716 0.148526 0.148526 0.195548 0.202296 0.203476 0.159034 0.167434 0.156716 0.199540 0.226599 0.139768 0.179163 0.182805 0.202296 0.148526 0.204256 0.246845 0.513795 0.303420 0.210812 0.255668 0.341435 0.466781 0.587244 0.342149 0.271554 0.209617 0.298574 0.298574 0.310508 0.341435 0.313485 0.649396 0.227748 0.792691 0.955775 0.810961 0.609157 0.591925 0.312240 0.414911 0.639221 0.399609 0.427376 0.245814 0.309741
0.497430 0.523512 0.168541 0.217926 0.295280 0.300696 0.331795 0.331795 0.179163 0.462106 0.462106 0.462106 0.462106 0.462106 0.462106 0.462106 0.248830 0.158613 0.244132 0.195548 0.179163 0.179163 0.159034 0.170039 0.217192 0.264445 0.205336 0.211553 0.171125 0.182339 0.139704 0.179163 0.210812 0.297587 0.632585 0.282154 0.156716 0.602266 0.602266 0.269990 0.223393 0.343565 0.216629 0.175385 0.203739 0.225335 0.281387 0.399609 0.313485 0.278140 0.250096 0.409986 0.609157 0.310156 0.303111 0.282422 0.390008 0.915566 0.720298 0.550596 0.570569 0.300696 0.313901
0.249433 0.523512 0.416465 0.407080 0.275300 0.264174 0.300696 0.331795 0.300696 0.906132 0.462106 0.462106 0.772965 0.462106 0.557911 0.462106 0.155456 0.211616 0.202296 0.182339 0.202296 0.148526 0.196086 0.179163 0.182805 0.148526 0.187616 0.148526 0.204256 0.187616 0.164367 0.187616 0.221557 0.414911 0.452388 0.299781 0.299781 0.582415 0.292313 0.292313 0.254560 0.166621 0.164392 0.148526 0.167497 0.237576 0.237576 0.286318 0.291178 0.291178 0.291178 0.602266 0.215456 0.582415 0.303111 0.298572 0.264174 0.264174 0.505334 0.210195 0.515815 0.159555 0.519740
0.331795 0.240690 0.331795 0.258332 0.234168 0.290593 0.331795 0.331795 0.651347 0.722913 0.462106 0.269294 0.462106 0.642650 0.290768 0.462106 0.567035 0.204000 0.202296 0.191068 0.179163 0.216293 0.216293 0.216293 0.201829 0.182805 0.185514 0.221557 0.148526 0.190370 0.171125 0.202296 0.179233 0.414911 0.179233 0.243495 0.486580 0.472270 0.602266 0.292313 0.254560 0.188423 0.167033 0.145378 0.226586 0.291178 0.310508 0.286318 0.234713 0.170119 0.170119 0.237576 0.458260 0.223301 0.225335 0.225335 0.198446 0.390726 0.226294 0.195499 0.497430 0.225025 0.268389
0.258332 0.240690 0.300696 0.295280 0.171566 0.275300 0.331795 0.331795 0.730540 0.610485 0.210459 0.462106 0.462106 0.629492 0.629492 0.487824 0.763731 0.236585 0.384094 0.275300 0.156716 0.148526 0.216293 0.171125 0.177703 0.173352 0.185514 0.179163 0.179163 0.171125 0.214549 0.199207 0.212285 0.270470 0.187616 0.179233 0.269642 0.170773 0.225187 0.243245 0.199575 0.170134 0.170134 0.230277 0.236420 0.263346 0.226586 0.224950 0.298574 0.260803 0.221943 0.285501 0.298574 0.204538 0.139704 0.154844 0.187066 0.225335 0.186462 0.180835 0.253602 0.505334 0.515815
