Example_Watersheds/WA_MashelWatershed/DataInputs/o_3_ChemistryPools/Mashel_1990_Pools/NO3_Pool_4.asc
ncols         923
nrows         455
xllcorner     550005.67551598
yllcorner     5180549.8134422
cellsize      30
NODATA_value  -9999
[rows 0 to 27 of 455, columns 378 to 440 of 923]
0.000067 0.000029 0.000029 0.000121 0.000029 0.000067 0.000029 0.000707 0.000511 0.011472 0.000312 0.011884 0.011884 0.001412 0.000566 0.000709 0.000312 0.003283 0.000442 0.000280 0.000277 0.000453 0.000309 0.003001 0.000436 0.000186 0.000270 0.000313 0.000078 0.000351 0.000274 0.001197 0.000460 0.000804 0.000570 0.001726 0.000856 0.000176 0.001333 0.000121 0.000121 0.001007 0.000138 0.004910 0.002984 0.000383 0.000312 0.000448 0.000104 0.002663 0.000136 0.001420 0.000146 0.000476 0.003530 0.000312 0.000183 0.000312 0.000033 0.000057 0.000100 0.000398 0.000601
0.000029 0.000029 0.000029 0.000716 0.000716 0.000029 0.000067 0.000302 0.000353 0.000303 0.000192 0.000601 0.000601 0.000601 0.000404 0.000433 0.001065 0.001132 0.002835 0.000283 0.000156 0.000181 0.000277 0.000195 0.000553 0.000183 0.000182 0.000385 0.001179 0.000137 0.001271 0.000505 0.000505 0.000436 0.000548 0.000222 0.000190 0.002318 0.000171 0.000222 0.001429 0.001007 0.000312 0.000479 0.000312 0.000496 0.000628 0.008367 0.001151 0.000185 0.000877 0.000043 0.000121 0.000106 0.000354 0.000474 0.000947 0.000116 0.000184 0.000094 0.000040 0.000100 0.000061
0.000139 0.000029 0.000029 0.000023 0.000711 0.000109 0.000029 0.000071 0.000307 0.000213 0.000252 0.000238 0.000290 0.000601 0.000583 0.000363 0.004137 0.000693 0.012808 0.000385 0.000156 0.000318 0.000277 0.000180 0.000182 0.000385 0.000548 0.000301 0.000222 0.000182 0.000834 0.000424 0.000376 0.000415 0.000547 0.000434 0.000400 0.000298 0.000313 0.000091 0.002538 0.000511 0.000297 0.001747 0.001207 0.000427 0.000778 0.000302 0.000508 0.000046 0.000022 0.000087 0.000079 0.000023 0.000029 0.001333 0.000078 0.000133 0.000153 0.000033 0.000057 0.000029 0.000213
0.010390 0.000029 0.000029 0.000029 0.001437 0.000069 0.000029 0.000424 0.000278 0.000269 0.000180 0.000223 0.000291 0.000413 0.000223 0.000601 0.000601 0.000299 0.000519 0.000275 0.000474 0.000285 0.000222 0.000306 0.000306 0.000179 0.000397 0.000181 0.000378 0.000182 0.000119 0.000429 0.000302 0.000170 0.000104 0.000312 0.000400 0.000422 0.000110 0.000151 0.000083 0.000432 0.000182 0.001141 0.001141 0.000336 0.000455 0.002411 0.000168 0.000177 0.000193 0.000134 0.000079 0.000022 0.000195 0.000218 0.000083 0.000190 0.000087 0.000033 0.000130 0.000100 0.000023
0.000029 0.000029 0.000029 0.000494 0.000108 0.000067 0.000037 0.000289 0.000289 0.000304 0.000173 0.000369 0.005768 0.000326 0.000173 0.000328 0.000471 0.000655 0.008915 0.000163 0.000192 0.000187 0.000185 0.000164 0.000190 0.000188 0.002204 0.008528 0.000161 0.000175 0.000366 0.000220 0.000566 0.000306 0.000287 0.000169 0.000169 0.000140 0.000245 0.000183 0.000099 0.000304 0.000269 0.000269 0.000764 0.000336 0.000312 0.000287 0.000614 0.000056 0.000121 0.000367 0.000337 0.000129 0.000534 0.000445 0.000127 0.000205 0.000138 0.000232 0.000120 0.000108 0.000200
0.000029 0.000029 0.000057 0.000057 0.000056 0.006379 0.000176 0.000216 0.000444 0.001216 0.000176 0.000192 0.000180 0.000187 0.000159 0.000186 0.000349 0.000655 0.000402 0.000318 0.000474 0.000477 0.000216 0.000164 0.000190 0.000312 0.002538 0.000318 0.000331 0.000427 0.000182 0.000304 0.000237 0.000312 0.000413 0.001412 0.000022 0.000109 0.001333 0.000178 0.000532 0.001537 0.000182 0.000287 0.000312 0.000790 0.000428 0.000277 0.000312 0.000313 0.000216 0.000200 0.000029 0.000184 0.000084 0.000156 0.000243 0.000192 0.000205 0.000232 0.000184 0.000072 0.000033
0.000016 0.000029 0.000029 0.000057 0.000977 0.000473 0.000073 0.000319 0.000056 0.000400 0.000176 0.000521 0.000252 0.000291 0.000307 0.000188 0.000295 0.000393 0.000285 0.000821 0.001179 0.000413 0.001454 0.000313 0.000188 0.000174 0.000223 0.000290 0.000332 0.000289 0.000313 0.000182 0.000363 0.000193 0.003097 0.002392 0.000287 0.000727 0.000439 0.001188 0.008161 0.000313 0.000251 0.000365 0.000274 0.000312 0.000222 0.000133 0.000133 0.000313 0.000342 0.000103 0.000023 0.000184 0.000121 0.000170 0.000243 0.000144 0.000130 0.000205 0.000207 0.000082 0.000029
0.000029 0.000029 0.000029 0.000029 0.000384 0.000313 0.003924 0.000134 0.000054 0.000029 0.000204 0.000216 0.000327 0.000327 0.000197 0.000204 0.000318 0.000295 0.000387 0.002484 0.000294 0.000542 0.000278 0.000048 0.000356 0.000312 0.000413 0.000705 0.000548 0.000164 0.001179 0.000385 0.000312 0.000536 0.000580 0.000068 0.000096 0.000141 0.000071 0.000284 0.000518 0.000518 0.012401 0.000176 0.000434 0.000400 0.000191 0.000274 0.000353 0.000313 0.000014 0.000125 0.000101 0.000026 0.000614 0.000164 0.000297 0.000287 0.000205 0.000184 0.000261 0.000193 0.000023
0.000029 0.000029 0.000029 0.000076 0.000022 0.000022 0.000022 0.000505 0.000957 0.000023 0.000029 0.000331 0.000180 0.000327 0.000279 0.000285 0.000313 0.000365 0.000404 0.000527 0.000825 0.000542 0.000224 0.000029 0.000304 0.000100 0.000285 0.005104 0.000548 0.000167 0.000261 0.000304 0.000344 0.000344 0.000022 0.000130 0.000184 0.000340 0.000277 0.000131 0.000271 0.000264 0.000248 0.000301 0.002185 0.000313 0.000513 0.000059 0.000271 0.000573 0.000126 0.000140 0.000130 0.000203 0.003160 0.000829 0.000458 0.000133 0.000207 0.000209 0.000222 0.000189 0.000261
0.000029 0.000022 0.000029 0.000022 0.000029 0.000029 0.000023 0.000505 0.000851 0.001446 0.000023 0.000285 0.000285 0.000437 0.000279 0.000326 0.000464 0.000198 0.000544 0.000566 0.000374 0.000331 0.000195 0.000304 0.000078 0.000073 0.000023 0.000312 0.000390 0.000136 0.000029 0.000029 0.004469 0.000312 0.000182 0.001333 0.003237 0.000183 0.000191 0.000134 0.000087 0.000204 0.000533 0.000433 0.000193 0.000233 0.000282 0.000412 0.000143 0.000184 0.000078 0.000120 0.000024 0.000088 0.000403 0.000239 0.003298 0.000313 0.000294 0.000193 0.000222 0.000171 0.000349
0.000029 0.000102 0.000029 0.000029 0.000022 0.000037 0.000125 0.001529 0.009542 0.000774 0.000073 0.000190 0.000441 0.000270 0.000327 0.000562 0.000299 0.000299 0.000502 0.000133 0.000834 0.000426 0.000413 0.000312 0.000326 0.000029 0.000029 0.000029 0.000029 0.000023 0.000029 0.000102 0.000313 0.005142 0.000447 0.000482 0.000155 0.000272 0.000183 0.000251 0.000529 0.000162 0.000313 0.000312 0.000176 0.000176 0.000181 0.000461 0.000856 0.000328 0.000085 0.000130 0.000097 0.000088 0.000458 0.000194 0.002520 0.001437 0.000191 0.000261 0.000172 0.000207 0.000139
0.000029 0.000029 0.000128 0.000022 0.000313 0.000038 0.000029 0.000345 0.000345 0.000345 0.007876 0.000467 0.000467 0.004304 0.002411 0.000601 0.000181 0.000303 0.000192 0.000161 0.000345 0.000435 0.000281 0.001420 0.000277 0.000029 0.000108 0.000029 0.000029 0.000200 0.000429 0.001179 0.000313 0.006046 0.000790 0.000774 0.000304 0.000304 0.000191 0.000180 0.000196 0.000222 0.000484 0.012790 0.000139 0.000195 0.000388 0.000208 0.000145 0.000149 0.000137 0.000020 0.000110 0.000846 0.000442 0.001471 0.001471 0.000674 0.000237 0.000193 0.000207 0.000207 0.000212
0.000029 0.000102 0.000102 0.000058 0.000129 0.000029 0.000029 0.000024 0.000023 0.000191 0.000736 0.000467 0.000096 0.012762 0.002318 0.011145 0.000611 0.001360 0.000192 0.000138 0.000057 0.000316 0.000335 0.000076 0.000134 0.000289 0.000022 0.000029 0.000029 0.000333 0.000407 0.000214 0.000295 0.000266 0.000534 0.008408 0.000313 0.001420 0.000295 0.000434 0.000426 0.007597 0.012593 0.000472 0.000400 0.000296 0.000366 0.000139 0.000186 0.000142 0.000019 0.000029 0.000498 0.002610 0.000227 0.001471 0.001471 0.000804 0.003313 0.000168 0.000332 0.000161 0.000161
0.000029 0.000383 0.000461 0.001420 0.000054 0.000029 0.000082 0.000023 0.000029 0.000029 0.000447 0.000345 0.000534 0.000243 0.000774 0.000774 0.000774 0.000447 0.000222 0.000222 0.000403 0.000113 0.000388 0.000188 0.000209 0.000056 0.000182 0.000309 0.000313 0.000512 0.000313 0.000266 0.000266 0.000266 0.000280 0.000281 0.000664 0.000318 0.000269 0.000201 0.000271 0.000457 0.005142 0.000510 0.000608 0.011351 0.012816 0.000139 0.000139 0.000139 0.000024 0.000029 0.000025 0.000312 0.000040 0.000075 0.002520 0.000804 0.000508 0.000322 0.000271 0.000193 0.000349
0.000022 0.000135 0.000067 0.000029 0.000022 0.000038 0.000177 0.000038 0.000437 0.000508 0.000353 0.000557 0.000066 0.000402 0.000402 0.000307 0.012569 0.010811 0.000774 0.000774 0.000812 0.003252 0.000306 0.000671 0.000294 0.000449 0.000342 0.000313 0.000342 0.000512 0.000266 0.000283 0.000278 0.000209 0.000342 0.000444 0.000664 0.000279 0.000482 0.000523 0.000446 0.000446 0.000559 0.000299 0.000252 0.011833 0.000312 0.000437 0.000324 0.000404 0.000029 0.000029 0.000070 0.000085 0.000022 0.000527 0.003237 0.000246 0.000458 0.000193 0.000294 0.000349 0.000235
0.000463 0.000029 0.000022 0.000022 0.000218 0.000887 0.000887 0.000159 0.000194 0.000967 0.004263 0.000181 0.000023 0.000053 0.000090 0.000307 0.006248 0.007992 0.005256 0.010443 0.000986 0.001055 0.000306 0.000298 0.000327 0.000447 0.000468 0.000200 0.000193 0.000313 0.000447 0.000512 0.000426 0.000278 0.000278 0.000276 0.000278 0.000280 0.000482 0.000541 0.000182 0.000340 0.000313 0.010546 0.000806 0.003237 0.000293 0.000175 0.000282 0.000294 0.000182 0.000030 0.000108 0.000022 0.000404 0.000314 0.000351 0.000477 0.000836 0.000365 0.000322 0.000313 0.000193
0.000774 0.000432 0.003396 0.000045 0.000303 0.000749 0.000803 0.006998 0.000749 0.012938 0.002732 0.000142 0.000177 0.000393 0.008244 0.000774 0.006046 0.000774 0.000671 0.000551 0.003530 0.001377 0.000289 0.000927 0.008839 0.000331 0.000316 0.002466 0.000236 0.000337 0.000084 0.000198 0.000223 0.000142 0.000140 0.000385 0.000562 0.000312 0.000471 0.000456 0.000179 0.000164 0.000438 0.000454 0.000521 0.002520 0.001471 0.000188 0.000129 0.000282 0.000184 0.000166 0.000029 0.000053 0.000053 0.011755 0.006939 0.000764 0.000804 0.000804 0.001496 0.000313 0.000312
0.000445 0.000446 0.000800 0.013472 0.000597 0.012579 0.000774 0.011755 0.002392 0.000774 0.000880 0.000428 0.000322 0.003033 0.000774 0.000774 0.000774 0.000289 0.000289 0.000727 0.000159 0.000407 0.000698 0.000225 0.000157 0.000335 0.000430 0.000568 0.009714 0.000766 0.000022 0.000175 0.000163 0.000142 0.000096 0.002336 0.000299 0.000776 0.000759 0.013356 0.000179 0.000329 0.000294 0.000313 0.000521 0.002411 0.002411 0.000351 0.000121 0.000129 0.000169 0.000266 0.000438 0.000164 0.000215 0.000829 0.000491 0.000674 0.000784 0.000804 0.000823 0.000309 0.000532
0.000490 0.000505 0.000098 0.000405 0.000774 0.013506 0.000774 0.010964 0.000967 0.000504 0.000504 0.012124 0.000138 0.000638 0.011351 0.001064 0.000798 0.000289 0.000564 0.000727 0.000180 0.000426 0.000366 0.000283 0.000283 0.000313 0.000430 0.000453 0.000377 0.000438 0.000115 0.000115 0.000171 0.000136 0.000084 0.000311 0.000907 0.000143 0.000143 0.000264 0.000291 0.000361 0.000768 0.000438 0.000180 0.000022 0.000521 0.000178 0.000601 0.000475 0.000248 0.005873 0.000443 0.000441 0.005838 0.000475 0.001207 0.000947 0.002049 0.009063 0.000313 0.000475 0.000475
0.000157 0.000337 0.000133 0.000133 0.000490 0.004551 0.010694 0.000841 0.010053 0.012143 0.001238 0.000887 0.000537 0.000313 0.000313 0.007027 0.000180 0.000219 0.000278 0.000564 0.000230 0.000269 0.000277 0.000759 0.000227 0.000759 0.000759 0.000193 0.000195 0.000088 0.000429 0.003144 0.000198 0.000139 0.000344 0.000521 0.000180 0.000029 0.000102 0.000306 0.000314 0.001537 0.002698 0.000321 0.000215 0.000160 0.000312 0.000171 0.000111 0.000320 0.002520 0.000177 0.002680 0.000433 0.000439 0.000538 0.000445 0.000312 0.000312 0.000322 0.001562 0.000461 0.000349
0.000285 0.000093 0.000172 0.000514 0.009026 0.013453 0.000437 0.001289 0.011589 0.000432 0.012593 0.011617 0.011617 0.000182 0.000182 0.000128 0.000506 0.000220 0.000289 0.000347 0.000156 0.000813 0.000813 0.002520 0.001471 0.000477 0.000427 0.002610 0.000229 0.000409 0.000313 0.000161 0.000164 0.000176 0.001307 0.000118 0.000183 0.000029 0.000289 0.000747 0.000759 0.000022 0.000804 0.002919 0.000215 0.000196 0.000313 0.000194 0.002520 0.000829 0.000829 0.000313 0.000674 0.010336 0.000829 0.000274 0.000382 0.000475 0.000312 0.000182 0.000185 0.000461 0.000349
0.000109 0.000093 0.001271 0.000569 0.000185 0.000424 0.002204 0.000810 0.006215 0.000700 0.000185 0.001073 0.000159 0.000102 0.000386 0.000386 0.000437 0.000829 0.000174 0.000475 0.000134 0.000120 0.000397 0.002520 0.000338 0.000170 0.004988 0.000655 0.000269 0.000313 0.000313 0.000277 0.000180 0.001271 0.001970 0.000222 0.000281 0.000193 0.000102 0.000294 0.000136 0.000022 0.000022 0.000287 0.000193 0.000166 0.000266 0.000300 0.000292 0.000249 0.000838 0.006939 0.000121 0.000458 0.000292 0.000382 0.000121 0.000297 0.000313 0.000475 0.000475 0.000461 0.000601
0.000109 0.000182 0.001271 0.000625 0.000753 0.000430 0.000442 0.000442 0.000071 0.005977 0.000222 0.000287 0.010521 0.000474 0.000308 0.000326 0.000169 0.000511 0.000163 0.000197 0.000075 0.001342 0.000635 0.000281 0.000232 0.000222 0.000438 0.000264 0.000312 0.000223 0.000625 0.000166 0.000127 0.001271 0.001271 0.001271 0.002520 0.000232 0.000207 0.000023 0.000029 0.000085 0.000312 0.000221 0.000196 0.000184 0.000241 0.000278 0.000193 0.000475 0.000475 0.000440 0.000121 0.000263 0.000312 0.000313 0.000297 0.000382 0.000475 0.000461 0.000461 0.000461 0.000461
0.000029 0.000032 0.000093 0.000720 0.001471 0.000753 0.000447 0.000407 0.000287 0.000312 0.000176 0.000289 0.000312 0.000022 0.000022 0.000182 0.000244 0.000174 0.000029 0.000120 0.000127 0.001197 0.002869 0.000464 0.001446 0.000090 0.000329 0.001179 0.000353 0.000324 0.000638 0.000313 0.000280 0.000313 0.000186 0.000127 0.000438 0.000188 0.000160 0.000029 0.000022 0.000085 0.000282 0.000199 0.000463 0.000223 0.000179 0.000187 0.000193 0.000510 0.000312 0.000475 0.000275 0.000107 0.000107 0.000297 0.000332 0.000322 0.000810 0.000601 0.000838 0.000382 0.000428
0.000029 0.000146 0.000813 0.000402 0.001253 0.000442 0.006909 0.000469 0.000071 0.000182 0.000601 0.000299 0.000188 0.000078 0.000022 0.000397 0.000311 0.000166 0.000024 0.000024 0.000371 0.000301 0.000594 0.000583 0.000583 0.001342 0.000075 0.001179 0.000222 0.000304 0.000272 0.000311 0.000313 0.000146 0.000186 0.000137 0.000193 0.000297 0.000160 0.000057 0.000103 0.000186 0.000277 0.000193 0.000327 0.000533 0.000322 0.000322 0.000185 0.000475 0.000062 0.000112 0.000136 0.000112 0.000340 0.000304 0.000287 0.000124 0.000298 0.000022 0.000601 0.000804 0.000475
0.000024 0.000029 0.000813 0.002538 0.000309 0.000236 0.006909 0.000244 0.000313 0.000287 0.000161 0.000161 0.000547 0.000313 0.000168 0.000022 0.000798 0.000306 0.000176 0.000109 0.000137 0.000400 0.001342 0.001342 0.000280 0.000073 0.001253 0.000794 0.000353 0.000304 0.000169 0.001271 0.000078 0.000311 0.000102 0.000134 0.000163 0.000349 0.000382 0.000382 0.000693 0.000313 0.000112 0.000204 0.000149 0.000179 0.000112 0.000186 0.000538 0.000947 0.002538 0.000297 0.000137 0.000304 0.000442 0.000508 0.000294 0.000124 0.000601 0.000112 0.000325 0.000433 0.003191
0.000029 0.000029 0.000427 0.000487 0.000800 0.000431 0.000498 0.000433 0.000544 0.000172 0.002663 0.000022 0.001537 0.000134 0.000076 0.000297 0.000312 0.009517 0.000277 0.000134 0.000073 0.001601 0.000180 0.000181 0.000176 0.000110 0.000047 0.000073 0.000073 0.013557 0.000196 0.000731 0.000061 0.001179 0.000029 0.000073 0.000134 0.000134 0.000319 0.000308 0.000407 0.000282 0.000029 0.000029 0.000134 0.000179 0.000086 0.000029 0.000152 0.003441 0.000202 0.000510 0.000137 0.000317 0.000439 0.000360 0.000322 0.000294 0.000601 0.000601 0.000116 0.000475 0.000208
0.000022 0.000122 0.000060 0.000313 0.000280 0.000559 0.000313 0.000202 0.000310 0.000222 0.000707 0.000313 0.000022 0.000022 0.000190 0.000277 0.000897 0.000774 0.000158 0.000299 0.000133 0.000312 0.000548 0.000548 0.000187 0.000187 0.000084 0.000046 0.000073 0.000119 0.000161 0.000731 0.000170 0.001253 0.000078 0.000022 0.000080 0.003144 0.000319 0.000165 0.000187 0.000222 0.000029 0.000126 0.000099 0.000073 0.000088 0.000022 0.000621 0.001403 0.000228 0.000228 0.000280 0.000312 0.000563 0.000439 0.000461 0.000403 0.000475 0.000601 0.000601 0.000442 0.000440
