Example_Watersheds/WA_MashelWatershed/DataInputs/o_3_ChemistryPools/Mashel_1990_Pools/NO3_Pool_1.asc
ncols         923
nrows         455
xllcorner     550005.67551598
yllcorner     5180549.8134422
cellsize      30
NODATA_value  -9999
[rows 168 to 195 of 455, columns 567 to 629 of 923]
3.387353 0.377508 0.202230 0.173576 0.259070 0.275948 0.216267 0.103246 0.173576 0.174395 0.174395 0.131161 0.159857 0.133954 3.574860 0.461778 0.170234 0.179447 0.132202 0.385753 0.394136 5.426377 0.312750 4.745039 5.426377 5.426377 0.176567 0.394136 0.241671 1.878988 1.322731 4.389170 0.305491 3.813762 4.540033 1.770694 0.196028 0.196028 0.179748 0.122406 0.391760 0.098181 0.132360 0.118815 2.020270 0.119836 0.176974 0.441554 0.199381 0.132754 0.229918 0.268221 2.762318 0.093599 0.187959 0.163009 0.113162 5.426377 5.422230 0.394476 0.478302 0.394476 0.394476
0.176744 0.394136 0.394136 0.262115 0.177456 0.150228 0.163381 0.246012 0.246012 0.163478 0.106266 0.182818 0.262373 0.102856 0.199079 0.168029 0.170234 0.257021 0.257021 0.257021 0.171651 1.738036 3.558245 4.745039 0.309710 4.209333 2.863047 0.104286 4.209333 1.263171 1.263171 0.236411 0.176627 0.316051 2.089749 6.785164 1.361747 0.244278 6.903029 0.312750 0.211815 0.214815 0.157423 0.212785 0.147706 0.245579 3.524755 0.439504 0.176350 0.276293 0.317769 0.456443 0.246012 6.474511 0.104283 0.394476 0.483808 0.483808 5.267658 6.460651 0.636092 0.394476 0.488164
0.247695 0.112178 0.394136 0.177612 0.246012 0.377508 0.163993 0.163993 0.210843 0.163478 0.107995 0.111419 0.176381 0.131161 0.131161 0.208893 0.203637 5.426377 0.356264 0.239928 0.157661 0.168029 0.168029 0.093958 0.143143 0.257021 0.246012 0.243844 0.446612 6.370695 0.935625 0.935625 0.312750 4.092915 5.236772 1.794825 1.754434 1.361747 0.176627 3.490921 0.413722 0.214815 0.175569 5.929757 0.316770 5.664494 0.176946 0.220355 0.134553 0.134553 0.151257 1.119359 0.130218 0.308996 2.596673 0.116491 7.050321 0.394476 0.266800 0.182818 5.422230 0.394476 0.488164
0.177320 0.356264 0.256876 0.109892 0.246012 0.246012 0.194170 0.172219 0.109906 0.120928 0.132242 0.194170 0.122462 5.528754 5.528754 0.132242 0.155263 1.778772 3.574860 5.426377 0.121642 0.164182 0.171641 0.239928 0.257021 0.168029 0.257021 5.426377 1.778772 0.489278 0.177939 3.152320 4.602834 1.381048 5.236772 0.478323 5.877657 0.968774 0.879685 4.684836 3.038936 0.214815 0.120163 0.181776 0.271253 0.099872 0.096544 0.111289 0.192327 0.100509 0.085255 0.098516 0.318766 2.533136 1.662534 0.522680 0.601575 1.645375 3.524755 0.288187 6.980548 0.631161 0.394476
0.234897 0.275732 0.242323 0.111576 0.079529 0.112315 0.227106 0.216267 0.186623 0.262115 0.154546 0.159795 0.171876 0.171876 5.426377 1.447512 0.443588 0.199381 0.170944 0.114028 0.121642 0.133101 0.283542 0.257021 0.239055 0.311342 3.387353 5.426377 0.257021 0.446612 1.696436 0.879685 6.516509 0.273757 0.273757 1.077026 1.713179 0.172695 0.177770 4.139854 0.237963 0.235336 0.092536 0.110167 0.140399 0.091077 0.153844 0.090442 0.096387 0.101011 0.185235 0.128496 5.426377 5.528754 5.799522 7.148880 7.128886 0.394476 4.227967 0.542404 0.394476 0.394476 7.149352
0.168029 0.202230 0.156592 0.099699 0.071829 0.207844 0.227106 0.847485 0.098353 0.280299 0.516397 1.746252 1.539523 0.171876 0.167364 0.300033 0.332444 0.133354 0.238618 0.087027 0.228063 0.377508 0.246661 0.170234 0.239928 3.387353 3.387353 0.239928 0.409212 1.400210 0.383323 0.590310 0.245615 5.528754 0.239928 0.256876 0.312750 0.095738 0.236213 0.803205 0.456443 0.131605 0.115111 0.097407 0.095103 0.099867 0.113704 0.117888 0.090754 0.144286 0.743368 0.178712 0.401174 5.528754 5.528754 0.419274 0.249250 0.177980 0.379247 0.163782 6.889587 5.844913 0.571990
0.234897 0.121981 0.085956 0.095531 0.177980 0.242323 0.280299 0.298379 1.263171 0.436401 0.249770 0.247958 1.746252 0.843126 2.337874 0.168288 0.300033 0.288187 0.288187 0.246661 1.371415 0.311342 0.235336 0.242975 0.239055 0.239055 1.601875 0.361642 0.266190 0.422559 4.454568 4.069261 3.133638 0.913353 3.973405 1.322731 1.746252 0.456443 0.236213 0.254689 0.267911 0.103128 0.131442 0.095103 0.091696 0.099867 0.099710 0.091696 0.246012 0.166360 0.166360 0.243193 5.949731 0.382103 0.403490 0.238182 5.236772 2.066676 6.314718 0.626230 0.394476 0.394476 0.237963
0.170944 0.104270 0.095531 0.159564 0.093224 0.258153 0.241888 1.878988 0.245362 0.398843 0.239273 0.239273 0.400011 0.455477 0.478323 2.554401 0.247695 1.303016 6.452556 0.370506 0.119394 1.671061 1.293106 0.246661 0.239055 5.677388 3.207850 0.276293 1.503133 1.503133 1.810739 4.069261 6.281029 0.798694 4.432892 0.358061 0.798694 4.209333 4.209333 0.605761 3.875571 4.116446 0.123904 0.204122 0.101318 0.093394 0.077675 0.121896 0.162969 3.624191 0.211815 1.878988 1.704825 0.166677 0.190731 0.163478 1.077026 6.249977 0.310168 0.394476 4.623520 0.394476 1.601875
3.490921 0.420373 0.097204 0.097204 1.704825 0.097718 0.184897 0.401174 0.095914 0.405790 3.900215 3.640462 3.607833 1.023332 7.149572 1.371415 0.558998 1.303016 0.300461 0.111913 0.121690 1.352045 1.786816 5.426377 0.216647 3.226188 1.419234 1.503133 1.503133 1.503133 0.615985 0.615985 3.624191 0.454507 7.136999 1.342308 0.807702 0.237963 1.746252 0.252509 0.162014 0.092907 0.131039 0.095960 0.111289 0.093102 0.102683 0.118428 0.247695 0.429027 0.215202 0.098525 0.390566 0.168619 0.166677 0.194845 0.641023 6.441339 6.441339 5.598170 0.394476 0.394476 0.621299
0.382103 0.243844 0.338015 0.671132 0.377508 1.283162 0.429027 3.720526 0.382103 3.720526 3.490921 0.452556 0.386962 5.186587 0.516397 0.202230 0.676054 0.748062 0.272267 0.361642 0.423647 4.021580 1.926427 1.926427 0.192004 5.528754 5.426377 3.334406 4.784556 0.406935 0.431153 0.334306 0.176804 0.532487 0.276293 0.385753 0.798694 0.324947 0.205675 0.771305 0.076375 0.319601 0.131039 0.117301 0.090442 0.131987 0.174748 0.170244 0.429027 0.429027 3.624191 1.066356 0.140715 0.957759 0.666195 0.094137 0.461778 5.380645 3.574860 0.447612 0.177164 0.317233 0.163782
1.438120 0.177320 0.847485 3.720526 0.112317 3.574860 0.605761 5.514500 0.605761 2.741914 3.490921 1.926427 0.172289 4.300241 0.798694 0.798694 0.193748 0.255782 0.127307 7.050321 0.816649 0.392950 0.394136 0.261270 0.300841 0.176562 0.394136 5.047321 4.784556 0.676054 0.521776 0.237331 0.274282 3.077075 1.202366 0.385753 1.902751 1.902751 0.710084 3.334406 0.177980 0.177541 0.101507 0.092164 0.107855 0.090442 0.449601 0.172695 0.456443 3.624191 1.584233 0.182818 0.724440 0.108597 0.136345 0.175569 0.990701 0.626149 1.381048 0.626149 0.166360 0.098433 0.402334
0.051639 0.240991 0.263477 0.256876 0.142920 0.410345 0.724440 0.724440 0.452556 3.152320 1.679554 1.438120 0.191910 1.855140 2.843074 0.245362 3.077075 0.299682 0.240582 0.128524 0.148194 0.392950 0.146090 4.476120 3.973405 0.177138 5.426377 0.204969 0.204969 0.408075 0.176862 0.273757 2.089749 1.119359 2.089749 2.089749 0.456443 1.902751 0.516397 0.189549 0.180778 0.128196 0.125382 0.140971 0.099830 0.117888 0.798694 0.452556 0.313552 3.624191 0.394136 0.311342 7.097010 0.175572 0.290473 0.102901 6.109156 0.312750 3.334406 6.555959 0.394476 0.292199 0.292199
0.132478 0.102901 0.092182 0.419274 0.097204 0.110460 0.074811 0.419274 0.656274 0.452556 0.379247 0.241453 3.875571 2.922452 1.312891 3.262605 0.426886 0.242106 0.159795 0.287829 0.177243 0.182660 0.420373 0.239928 0.171641 0.375765 0.266190 0.266190 5.426377 0.120841 3.558245 0.494732 0.321168 0.748062 0.456443 0.456443 1.243041 0.292078 0.174337 0.178727 0.097912 0.086914 0.098504 0.171651 0.119934 0.319272 0.798694 3.490921 0.426886 0.456443 1.802799 0.140495 0.292199 0.175572 0.281369 0.281369 0.167000 0.417064 1.466190 0.433264 6.997648 5.740001 0.829956
0.158274 0.117341 0.234239 0.238182 0.132754 0.110775 0.141464 0.090201 0.169652 0.323060 1.521397 0.109940 4.582024 0.789625 1.636744 2.843074 0.133954 0.132439 0.409212 0.409212 0.176690 0.231307 0.140715 0.241453 0.280299 0.766686 0.238618 0.436401 1.704825 0.202230 0.127307 0.198029 0.321168 0.392950 0.081815 0.247695 0.197998 0.132152 0.120390 0.178727 0.088942 0.099290 0.115497 0.156689 0.278130 0.245579 0.282294 2.961624 0.236651 0.268221 0.164940 0.177138 3.152320 0.235336 0.296216 0.184197 3.000452 0.097141 0.178484 5.426377 5.981830 1.636744 0.173255
0.096966 0.112496 3.720526 0.116374 0.242975 0.117341 0.426886 0.068161 0.065398 3.152320 0.461778 0.109940 0.245579 1.855140 4.069261 0.418171 0.798694 0.239055 0.239055 0.798694 0.429027 0.304326 0.126698 0.286761 1.786816 0.766686 0.256876 0.422559 0.440531 0.053552 0.092183 0.176690 0.564255 0.579933 0.241440 0.177589 0.224277 0.158104 0.453533 0.453533 0.132674 0.091152 0.200022 0.131605 0.106727 0.121303 0.157423 0.211815 0.236213 0.211815 0.291618 0.236213 0.177084 0.256876 0.434313 0.236651 0.278130 0.179324 0.148776 5.426377 0.585129 0.136345 0.173255
0.082458 3.720526 2.020270 0.189599 0.189599 0.500171 0.245362 0.280299 0.420373 0.275948 0.165012 0.585129 0.278130 3.720526 4.255034 2.468823 0.236213 2.359914 0.413722 5.029356 0.247695 0.171843 0.411475 0.298525 0.177396 0.159508 0.256876 0.294188 0.766686 0.542404 5.456246 5.456246 0.419130 3.490921 0.174748 0.789625 0.256876 0.304595 0.159158 0.126244 0.115651 0.138474 0.166596 0.177708 0.166400 0.186139 0.188957 0.170266 0.396497 0.178712 0.178712 0.803205 0.288895 0.211815 0.365202 0.284285 0.091785 0.179324 0.183719 0.183719 0.240146 0.181793 0.168029
0.114028 0.370506 0.656274 0.213754 0.176606 3.490921 0.263477 0.457405 0.180036 0.284617 0.605761 0.280238 0.145119 0.225222 0.177191 0.186930 0.110866 0.169682 0.394136 0.243844 0.244278 0.177635 0.207783 0.238400 0.238400 0.256876 0.141223 0.324947 0.236213 0.179443 3.656647 0.394476 0.438854 3.422220 6.394880 0.259283 0.256876 0.243715 0.230224 0.122533 0.143022 0.184023 0.159080 0.177708 0.152173 0.099830 4.255034 0.166677 0.124880 0.199506 0.178712 0.171876 0.169023 0.312750 0.243627 0.177658 0.150438 0.109816 0.104371 0.117614 0.124880 0.311342 0.173576
0.141464 0.182660 0.382103 0.422559 0.299421 4.069261 0.412600 0.312750 0.179443 0.112434 0.092037 0.084482 0.141273 0.113426 0.177676 0.186930 0.166193 0.141464 0.058356 0.169828 0.262115 0.256876 0.146090 0.239055 0.101229 0.081309 0.138474 3.038936 0.137504 0.179443 0.240800 1.645375 0.122195 0.235774 0.312750 0.196028 0.188966 0.173255 0.451575 0.194259 0.086914 0.123646 0.174025 0.174025 0.113704 0.120750 0.105142 0.219522 0.178005 0.115028 0.173576 0.178712 0.803205 0.131323 0.269023 1.557510 0.105428 0.166677 0.122300 0.113888 0.065952 0.436401 0.153187
0.092547 0.182660 1.610644 4.069261 0.163653 0.102994 3.369790 0.163653 0.163653 1.610644 0.141464 0.183110 0.116989 0.134553 0.235649 0.186930 0.094262 0.115187 0.154975 0.147621 0.088661 0.095531 0.129328 0.248390 0.065583 0.146443 0.278130 0.343542 0.194259 0.419130 0.149299 0.199381 0.122406 0.450590 2.248852 0.157290 0.157290 1.746252 1.902751 0.155850 0.111289 0.095233 0.121832 0.099749 0.166677 0.115028 0.199506 0.434313 0.202230 0.115028 0.318766 0.169023 0.430092 0.211815 0.195025 0.162581 0.173669 0.200669 0.117675 0.103939 0.228982 0.436401 0.177396
0.264583 0.115111 0.182660 0.140969 0.273489 0.147621 0.089889 0.092037 0.242809 0.089889 0.182660 0.164567 0.147621 0.163966 0.186930 0.113426 0.108830 0.149117 0.115028 0.193748 0.140969 0.128453 0.141673 0.183110 0.175029 0.122133 0.631161 0.176381 0.176381 0.290228 0.185235 0.131444 0.233475 0.418171 0.857068 0.812183 1.232924 0.199079 0.298379 0.187959 0.111289 0.098792 0.116978 0.096000 0.847485 5.528754 0.444600 0.434313 0.151057 0.174851 0.235994 0.113503 0.173441 0.220539 0.195025 0.214720 0.153187 0.109466 0.140702 0.171522 0.166677 0.153187 5.426377
0.411475 0.119779 0.140969 0.084973 0.132713 0.182660 0.166982 0.123249 0.089889 0.089889 0.089889 0.183843 0.187177 0.175485 0.249250 0.110866 0.059153 0.140779 0.115497 0.193748 0.177589 0.233640 0.404642 0.420373 0.141464 6.281029 0.119700 0.092600 7.144813 0.152959 0.139406 0.190024 0.131444 0.418171 0.757405 0.206444 0.115982 0.127944 0.214815 0.105544 0.111289 0.119028 0.071767 0.147706 0.287046 2.802868 0.291618 0.156636 0.237088 0.220539 0.261536 0.173669 0.098353 0.215202 0.215202 0.162581 0.130031 0.117675 0.129671 0.143143 0.202230 0.291618 5.426377
0.140779 0.117651 0.122066 0.093102 0.126698 0.182660 0.182660 0.157912 0.146090 0.182192 0.166982 0.175485 0.175485 0.134553 0.187177 0.186930 0.089889 0.088797 0.182660 0.133021 4.476120 3.189426 3.490921 0.242809 0.103537 0.077675 0.133062 0.128402 0.146443 0.109730 0.187245 0.190024 0.263780 0.243193 0.165448 0.096943 0.148868 0.211815 0.214815 0.142796 0.142796 0.077146 0.105491 0.269023 0.104808 0.177658 0.179996 0.816649 0.215202 0.236213 0.173669 0.178712 0.241671 0.236738 0.267911 0.108820 0.071106 0.088650 0.161183 0.117675 0.246012 3.688759 1.713179
0.125231 0.182660 0.140969 0.724440 0.868394 0.868394 0.137585 0.140969 0.080913 0.110196 0.114299 0.112434 0.163966 0.100242 0.100242 0.071961 0.099867 0.108817 0.095531 0.141192 0.132713 0.127307 0.270453 0.177269 0.059153 0.089889 0.177547 0.177547 0.166841 0.228063 0.238837 2.248852 2.248852 0.177708 0.092182 0.112923 0.117487 0.131885 0.211815 0.160987 0.180371 0.092202 0.177269 0.449601 0.104808 0.169682 0.223330 0.126861 0.156138 0.177708 0.211815 0.178712 0.152173 0.172285 0.347201 0.097787 0.085252 0.151065 0.161183 0.156673 0.156673 0.257021 0.394136
0.412600 0.109468 0.182660 0.182660 0.266190 0.641280 0.182660 0.140779 0.085675 0.179727 0.157499 0.104182 0.124607 0.145119 0.103537 0.089889 0.072239 0.094262 0.108817 0.197763 0.177547 0.231783 0.175168 0.177269 0.116675 0.116675 0.059153 0.118309 0.125863 0.133024 0.125863 2.802868 4.582024 0.148431 0.090442 0.246012 0.193537 0.131885 0.098525 0.187959 0.118832 0.078833 0.114302 5.426377 0.247875 0.162182 0.162581 0.214815 0.189479 0.312517 0.242975 0.138129 0.110337 0.284771 0.211815 0.112923 0.090442 0.111817 0.100061 0.084629 0.239055 0.239928 5.426377
0.181885 0.115111 0.140779 0.434313 0.361642 0.076204 0.141140 0.086284 0.246661 0.179727 0.284617 0.182660 0.140969 0.145119 0.153686 0.091696 0.072239 0.089889 0.089889 0.089889 0.094691 0.074644 0.332444 0.301498 0.180778 0.110866 0.141921 0.118396 0.097912 0.127569 6.695186 0.130303 0.172695 0.483808 0.312750 0.083722 0.129225 0.164923 0.176627 0.115651 0.187959 0.120796 0.160168 0.162581 0.162581 0.160901 0.183843 0.177371 0.257972 0.091357 0.154674 0.247742 0.103173 0.100231 0.113233 0.122066 0.117888 0.090442 0.119008 0.246012 0.239928 0.394136 0.394136
0.163653 0.150228 0.140779 0.600625 0.214138 0.140779 0.140779 0.182660 0.104182 0.104182 0.244712 0.199874 0.087027 0.130556 0.182660 0.182660 0.116366 0.134771 0.162832 0.140715 0.100410 0.074644 0.196028 0.190904 1.273184 0.116828 0.166400 0.089359 0.087253 0.106336 0.153844 0.099888 0.126244 0.110919 0.168214 0.162581 0.131725 0.131725 0.166360 0.946709 0.192327 0.410345 0.237744 0.246012 0.179324 0.228603 0.198336 0.177708 0.257972 0.114505 5.426377 0.299421 0.090442 0.120687 0.107364 0.122066 0.114028 0.085596 0.166677 0.155850 0.311342 0.394136 0.394136
0.100905 0.100905 0.185838 0.121513 0.140969 0.134270 0.085675 0.216267 0.182498 0.086284 0.116828 0.177029 0.180886 0.182660 0.182660 0.182660 0.182660 0.097514 0.119934 0.116675 0.086755 0.098157 0.157290 0.442573 0.096434 0.156688 0.117885 0.089359 0.113569 0.113569 0.071445 0.097407 0.105491 0.106003 0.203060 0.150228 0.214815 0.164940 0.104808 0.166360 0.429027 0.410345 0.133830 0.220539 0.113064 1.721499 0.444600 0.119364 0.117888 0.171468 0.191959 0.085596 0.115753 0.118861 0.154152 0.172616 0.177369 0.177369 0.177369 0.177580 0.171876 0.238249 0.394136
1.770694 0.098008 0.138384 0.182660 0.100606 0.094495 0.180886 0.095206 0.074556 0.244712 0.182660 0.140779 0.110866 0.182660 0.140495 0.118006 0.085845 0.131403 0.114333 0.771305 0.086755 0.116825 0.203984 0.099469 0.180654 0.163653 0.111788 0.133441 0.089752 0.083180 0.099554 0.125948 0.123033 0.180371 0.092740 0.743368 0.211815 0.169652 0.090442 3.640462 0.104808 0.243627 0.171713 0.319601 0.216267 0.155978 0.263477 0.202230 0.133139 0.173669 1.202366 0.361642 0.766686 0.178669 0.118622 0.153187 0.132946 0.097315 0.148746 0.171876 0.164985 0.246661 0.167030
