Example_Watersheds/WA_MashelWatershed/DataInputs/o_3_ChemistryPools/Mashel_1990_Pools/NO3_Pool_2.asc
ncols         923
nrows         455
xllcorner     550005.67551598
yllcorner     5180549.8134422
cellsize      30
NODATA_value  -9999
[rows 308 to 335 of 455, columns 252 to 314 of 923]
0.024883 1.597592 0.094031 0.152800 0.094031 0.094031 0.150624 0.038800 0.039720 0.094031 1.287975 0.015573 0.021451 0.021451 0.021451 0.031641 0.126942 0.828402 0.094031 0.094031 0.094031 0.094031 0.094031 0.094031 0.094031 0.094031 0.094031 0.094031 0.094031 0.094031 0.094031 0.094031 0.094031 0.951980 0.094031 0.094031 0.094031 1.364863 0.094031 0.024154 0.024154 0.022619 0.026488 0.019028 0.034157 0.034756 0.063579 0.037932 0.026556 0.061946 0.286296 0.048710 0.068616 0.059019 0.096974 0.090613 0.409134 0.201629 0.409134 0.200575 0.324614 0.092428 1.326699
0.068616 0.026659 0.094031 0.094031 0.099429 0.099429 0.094031 0.027477 0.047378 0.030084 0.024065 0.028146 0.023063 0.023734 0.029842 0.025260 1.245674 1.343118 0.094031 0.094031 0.094031 0.094031 0.094031 0.094031 0.094031 0.094031 0.094031 0.094031 0.094031 0.094031 0.094031 0.094031 0.094031 0.094031 0.094031 1.364863 1.364863 1.361845 1.361845 0.028031 0.031569 0.034655 0.024361 0.041181 0.043560 0.029136 0.026193 0.042774 0.070502 0.024832 0.060014 0.067486 0.073693 0.023048 1.092314 0.084615 0.027512 0.047384 0.407124 0.071690 0.039046 1.326699 1.535226
0.023048 0.068616 0.039022 0.094031 0.023391 0.029028 0.032271 0.027477 0.026659 0.064732 0.039418 0.031770 0.026288 0.044200 0.029842 0.064230 0.019386 0.066785 0.094031 0.094031 0.094031 0.094031 0.094031 0.094031 0.094031 0.094031 0.094031 0.094031 0.094031 0.094031 0.094031 0.094031 0.094031 0.094031 0.108135 1.364863 1.154987 0.041453 0.439407 0.102329 0.045220 0.070521 0.027499 0.026234 0.025553 0.043167 0.034949 0.039715 0.061296 0.026022 0.042742 0.043501 0.043501 0.057246 0.032425 0.657347 1.092314 0.028909 0.039797 0.069689 0.027742 0.153975 1.576644
0.023048 0.026659 1.013791 0.058325 0.026659 0.040454 0.029842 0.040454 0.032286 0.047378 0.046230 0.029078 0.023216 0.042265 0.032271 0.094031 0.021451 0.021451 0.803372 0.094031 0.094031 0.094031 0.094031 0.094031 0.094031 0.094031 0.094031 0.094031 0.094031 0.082416 0.094031 0.094031 1.687157 0.036179 0.094031 0.094031 0.046933 0.695832 0.069689 0.060504 0.066939 0.058592 0.058592 0.027212 0.027212 0.021164 0.023808 0.029078 0.059445 0.034461 0.044552 0.133249 0.044803 0.057246 0.063693 0.059392 0.069689 0.041176 0.069689 0.409134 0.027742 0.024564 0.333863
0.032015 0.026659 0.042198 0.030084 0.047384 0.025005 0.024905 0.040454 0.028031 0.028031 0.043008 0.029078 0.021451 0.022228 1.387941 0.116363 0.044668 0.560658 0.094031 0.094031 0.094031 0.094031 0.094031 0.094031 0.094031 0.094031 0.094031 0.094031 0.094031 0.094031 0.094031 0.094031 1.687157 0.096697 0.094031 1.208405 0.042800 0.042800 0.695832 0.781947 0.053628 0.048698 0.063425 0.022787 0.027499 0.024443 0.032675 0.026427 0.039632 0.022379 0.028364 0.054130 0.238039 0.060767 1.622945 0.023476 0.045422 0.025111 0.073941 0.121702 0.034875 0.024272 0.058646
0.057468 0.068616 0.068616 0.026659 0.068616 0.033774 0.049357 0.040454 0.024883 0.032732 0.029193 0.029078 0.021451 0.042648 0.042111 0.057554 0.066521 0.094031 0.094031 0.094031 0.094031 0.094031 0.094031 0.094031 0.094031 0.094031 0.094031 0.094031 1.421409 0.709924 0.094031 1.319924 0.790579 0.094031 0.027952 0.025005 0.028364 0.042555 0.039050 0.039384 0.039050 0.040691 0.071637 0.039355 0.043653 0.026136 0.021451 0.034630 0.018818 0.034817 0.036720 0.042771 1.623899 1.691437 1.641228 0.046375 0.046375 0.057736 0.032425 0.155457 0.245857 0.051071 1.560920
0.034461 0.068616 0.026659 1.535226 0.068616 0.030084 0.044054 0.025005 0.026862 0.032829 0.024597 0.021451 0.041800 0.030008 0.042724 0.029511 0.024396 0.094031 0.094031 0.094031 0.094031 0.094031 0.094031 0.119889 0.094031 0.094031 0.108135 0.094031 0.094031 0.094031 0.028728 0.065039 0.068616 0.026484 0.084615 0.043079 0.062357 0.095578 0.053628 0.037740 0.059339 0.042992 0.032377 0.078836 0.038413 0.034899 0.029080 0.012195 0.033838 0.033838 0.030888 0.027212 0.038326 1.692755 0.038798 0.025043 0.048937 0.057736 0.029322 0.098890 1.535226 0.047384 0.031524
1.594126 0.090613 0.057023 0.074455 0.027499 0.028126 0.028126 0.026469 0.035740 0.042761 0.027946 0.040454 0.042426 0.042426 0.066521 0.130468 0.094031 0.044929 0.094031 0.094031 0.094031 0.094031 0.094031 0.159852 0.094031 0.094031 0.094031 0.094031 0.094031 1.361845 1.164185 0.072446 0.103611 0.031885 0.024609 0.023380 0.062357 0.057023 0.082416 0.032600 0.023653 0.023653 0.041553 0.041965 0.023048 0.046766 0.023391 0.030369 0.024902 0.048372 0.032627 0.033056 0.021704 0.022379 0.026892 0.360813 0.026633 0.024313 0.032094 0.056759 0.039961 0.028031 0.027914
0.048144 0.056759 0.026659 0.049357 0.090613 1.558522 1.558522 0.094031 0.094031 0.094031 0.133994 0.043054 1.404009 1.448946 0.094031 0.130468 0.043133 0.074927 0.094031 0.168080 1.450639 0.094031 0.094031 1.295282 0.094031 0.094031 1.708090 0.691093 0.134514 1.361845 1.326699 1.136235 0.029634 0.026659 0.035752 0.025101 0.028785 0.031084 0.057023 0.016458 0.026310 0.044308 0.053858 0.046680 0.028126 0.050245 1.199797 0.024001 0.025235 0.027159 0.015665 0.031639 0.033522 0.035903 0.028601 0.030888 0.036602 0.033068 0.069689 0.069689 0.030577 0.071183 0.028464
0.018712 0.043176 0.026659 0.025005 0.022993 0.074455 0.094031 0.094031 0.094031 0.094031 0.094031 0.094031 0.094031 0.094031 0.094031 0.094031 0.094031 0.094031 0.732998 0.058218 0.094031 0.094031 1.705503 1.535226 0.135169 0.135169 0.053858 0.860621 1.556827 0.029160 0.028234 0.058164 0.045422 0.021451 0.019672 0.028597 0.024250 0.031573 0.028361 0.043192 0.028061 0.022524 0.041740 0.029060 0.026591 0.029429 0.029509 0.030119 0.028096 0.028448 0.028146 0.023787 0.025023 0.025023 0.042426 0.020617 0.024567 0.029360 0.179872 0.409134 0.409134 0.071183 0.035839
0.044700 0.022911 0.026659 0.024883 0.068616 0.828402 0.094031 0.079738 1.145670 0.211439 0.094031 1.558522 1.241652 0.094031 0.094031 0.094031 1.692755 0.101810 0.101810 0.094031 0.028950 0.044922 0.026659 0.065039 0.068616 0.094031 0.067638 1.558522 0.048513 0.035445 0.182114 0.043092 0.068875 0.045075 0.035752 0.029986 0.024930 0.033111 0.033584 0.020665 0.028061 0.051541 0.039797 0.056905 0.041408 0.041408 0.019213 0.024581 0.035752 0.028016 0.028361 0.031900 0.034792 0.038525 0.024921 0.024333 0.028654 0.041487 0.099697 0.200575 0.043172 0.034734 0.023025
0.038221 0.022968 0.028601 0.069689 0.550047 1.558522 0.417091 0.042790 0.135169 0.066939 0.066939 0.040889 0.029982 0.506781 0.094031 0.094031 0.040043 0.162203 0.094031 0.094031 0.828402 0.028751 0.059818 1.592335 1.535226 0.042585 0.067638 1.535226 0.033522 0.025128 0.044104 0.026288 0.043104 0.045075 0.042198 0.044848 0.029320 0.035752 0.035752 0.024581 0.027219 0.026288 0.091451 0.090613 0.028596 0.040364 0.027653 0.045272 0.027830 0.029718 0.031846 0.027597 0.038069 0.018929 0.033068 0.035103 0.029360 0.040626 0.045788 0.069689 0.058132 0.041011 0.029665
0.041653 0.049357 0.036032 0.021451 0.042188 0.090613 1.558522 0.088498 0.050536 0.113839 0.032732 0.029982 0.029982 0.026659 1.580254 0.676754 0.028361 0.617543 1.330042 0.094031 0.075660 0.029951 0.045924 0.033810 0.071690 0.068616 0.094445 0.026310 0.049220 0.068309 0.026288 0.024503 0.162597 0.056353 0.038897 0.026659 0.024355 0.028416 0.022531 0.034036 0.035752 0.045216 0.043424 0.695832 0.068875 0.047251 0.695832 0.028528 0.409134 0.035752 0.024581 0.030119 0.037200 0.032596 0.027512 0.033248 0.077312 0.077312 0.043181 0.027388 0.027460 0.041529 0.047946
0.090613 0.028601 0.028909 0.058791 0.032025 0.046933 0.094031 1.339893 1.339893 0.046806 0.028702 0.028751 0.025142 0.046933 0.032015 0.031751 0.028361 0.028361 0.028169 0.059552 0.071917 0.032261 0.032261 0.023730 0.025605 1.535226 0.691093 0.022718 0.022151 0.038094 0.047947 0.063262 0.058572 0.042800 0.069689 0.042800 0.021451 0.021451 0.024814 0.043192 0.025195 0.062357 0.192019 0.061031 0.068875 0.039676 0.041965 0.038124 0.069689 0.024963 0.024963 0.027897 0.032104 0.028146 0.017707 0.023393 0.037564 0.020547 0.035445 0.028755 0.047771 0.029927 0.048936
0.042892 0.057023 0.040454 0.044200 0.039720 0.038124 0.056231 0.062765 0.032015 0.026427 0.037689 0.049517 0.058432 0.058352 0.058352 0.058485 0.108038 0.025260 0.027671 0.027367 0.022296 0.066521 0.032309 0.027392 0.041644 1.051263 0.421019 0.045171 0.028008 0.038094 0.047947 0.108275 0.044153 0.039384 0.037008 0.023091 0.029024 0.021451 0.037564 0.024581 0.024284 0.020186 0.020186 0.880088 0.042890 0.042961 0.057468 0.041965 0.027640 0.032054 0.021451 0.026127 0.027897 0.037200 0.040610 0.025543 0.031900 0.028146 0.023828 0.034861 0.048157 0.054653 0.044193
0.023368 0.024107 0.021451 0.028031 0.039720 0.068616 0.028985 0.028985 0.022835 0.030084 0.043042 0.028126 0.184340 0.094031 0.803372 1.040704 0.108038 0.874983 1.280550 0.024581 0.044671 0.066521 0.023476 0.027392 0.032358 0.173061 0.028563 0.048654 0.026288 0.044328 0.057024 0.067638 0.025005 0.058791 0.021326 0.034851 0.069689 0.021451 0.022531 0.031639 0.022993 0.024333 0.022674 0.068875 0.041539 0.043172 0.032232 0.021125 0.034337 0.030119 0.029986 0.021451 0.024581 0.018932 0.057565 0.029871 0.028521 0.028146 0.040907 0.026368 0.040610 0.028448 0.028448
0.029220 0.068034 0.026469 0.068616 0.068616 0.068616 0.023048 0.027500 0.146961 0.043042 0.094031 0.119889 0.094031 0.094031 1.532531 0.131643 0.094031 0.094031 0.116363 0.058485 0.094031 0.133994 0.043653 0.024883 0.019672 0.283830 0.283830 1.439226 0.737551 0.022568 0.057554 0.036518 0.040758 0.019871 0.015584 0.023735 0.027219 0.031751 0.036230 0.023699 0.021451 0.031975 0.024333 0.058752 0.042975 0.023391 0.042992 0.047235 0.034337 0.039579 0.021451 0.035752 0.028146 0.037618 0.037618 0.033983 0.032927 0.043020 0.028146 0.028448 0.029260 0.036451 0.025140
0.880088 0.022399 0.068616 0.159044 0.159044 0.032025 0.042890 0.024883 0.119889 0.094031 0.094031 0.094031 0.094031 0.094031 0.094031 0.103434 0.116363 0.094031 0.094031 0.094031 0.671933 0.642575 0.093874 0.090613 0.029078 0.063579 0.073323 0.662230 0.094031 0.506781 1.632848 0.027536 0.024305 0.021678 0.015584 0.024165 0.027629 0.021451 0.022531 0.018041 0.028870 0.031975 0.019215 0.070675 1.468901 0.036172 0.036172 0.430696 0.032163 0.020494 0.031975 0.021451 0.028416 0.024597 0.031043 0.026495 0.024190 0.028146 0.023808 0.028556 0.045381 0.027953 0.041240
0.023048 0.046949 0.046949 0.039355 0.027521 0.042992 0.037429 0.035740 0.777600 0.094031 1.370810 1.370810 0.094031 0.094031 0.094031 0.094031 0.094031 0.094031 0.094031 0.114012 0.671933 0.033492 0.173061 0.032415 0.045069 0.024883 1.284277 0.662230 0.094031 0.091843 0.038119 0.035368 0.031082 0.021989 0.020184 0.048830 0.058592 0.024396 0.040287 0.099964 0.025949 0.050245 0.043172 0.027371 0.028123 0.058752 0.042803 0.029360 0.051071 0.028031 0.032280 0.029951 0.027212 0.028806 0.033774 0.023968 0.026252 0.028146 0.035460 0.041170 0.020547 0.045381 0.053608
0.028596 0.059019 0.046075 0.046075 0.065459 0.032025 0.043022 1.624502 1.364863 0.032025 0.027946 0.041740 1.339893 0.094031 1.355721 0.094031 0.094031 0.094031 0.117539 0.044171 0.094031 0.027157 0.027914 0.024883 0.974871 0.043954 1.145670 0.104620 0.067573 0.029592 0.022955 0.033217 0.032025 0.025916 0.024581 0.059232 0.050501 0.041800 0.047964 0.032387 0.067486 0.042937 0.024681 0.035103 0.028640 0.021348 0.037947 0.079288 0.029824 0.027658 0.022531 0.028716 0.027212 0.027499 0.028146 0.028146 0.028146 0.028146 0.028146 0.020547 0.045381 0.045381 0.049517
0.025817 0.023048 0.023048 0.031911 0.032829 0.068616 0.068616 0.130468 0.044668 0.027157 0.028528 0.042877 0.026643 0.050196 0.028142 0.069136 0.044556 0.027730 0.041965 0.022531 1.333355 0.021125 0.024883 0.024883 0.098347 1.352615 0.056877 0.068616 0.032093 0.028146 0.030119 0.016458 0.030294 0.028799 0.057024 0.018723 0.021002 0.058085 0.047964 0.042845 0.315234 0.041862 0.054392 0.029927 0.029927 0.021348 0.028225 0.028749 0.024883 0.028929 0.028929 0.027658 0.027953 0.028146 0.033008 0.028524 0.028146 0.028146 0.022177 0.045381 0.027443 0.024751 0.028448
0.041111 0.029405 0.027371 0.124591 0.024024 0.039961 0.032025 0.180995 0.027339 0.028755 0.026659 0.028416 0.048372 0.021451 0.069689 0.069689 0.030745 0.025811 0.067213 0.068616 0.058485 0.042933 0.039720 1.535226 0.098347 0.037836 0.974871 0.027548 0.042615 0.028146 0.031381 0.016458 0.025884 0.021677 0.037768 0.020963 0.031043 0.039907 0.035819 0.044254 0.049220 0.033963 0.022531 0.022531 0.049517 0.045799 0.037564 0.043934 0.028741 0.032603 0.029377 0.037856 0.036249 0.022310 0.027719 0.024221 0.028448 0.025302 0.043009 0.054999 0.062091 0.042947 0.032192
0.094031 0.032829 1.212664 0.124591 0.028909 0.042992 0.037841 0.068616 0.068616 0.027912 0.027912 0.037841 0.023349 0.028031 0.031664 0.023349 0.037564 0.197394 0.044671 0.276385 1.339893 0.038714 0.032025 0.043061 1.072025 0.059605 0.032015 0.029320 0.048739 0.040944 0.031997 0.016816 0.031934 0.033492 0.025327 0.042803 0.024116 0.023258 0.088923 0.042829 0.054544 0.026469 0.024759 0.029012 0.027212 0.041170 0.032232 0.029927 0.047494 0.027052 0.031694 0.030939 0.031755 0.022929 0.034577 0.023180 0.028448 0.026925 0.032067 0.041099 0.049172 0.026765 0.026888
0.094031 0.094031 0.094031 0.110140 0.028755 0.028702 0.029157 0.029173 0.032028 0.027609 0.026035 0.037185 0.028950 0.032173 0.028451 0.027479 0.041124 0.029028 0.027839 1.191072 0.094031 0.075641 0.058791 0.068616 0.043027 0.036602 0.076560 0.076560 0.069689 0.021451 0.040457 0.029078 0.035752 0.026326 0.026021 0.027392 0.026426 0.034859 0.033437 0.032829 0.046614 0.032927 0.024759 0.041574 0.020814 0.032183 0.046428 0.029927 0.029906 0.027052 0.027024 0.022649 0.020189 0.027594 0.026015 0.026015 0.029213 0.037137 0.020547 0.028448 0.043009 0.036623 0.038940
0.094031 0.094031 0.117539 0.094031 0.094031 0.039301 0.027946 1.216894 0.032829 0.037185 0.032025 0.022568 0.032786 0.027500 0.799128 0.024892 0.042761 0.028146 0.044403 0.107560 0.107560 0.107560 0.025826 0.025817 0.032425 0.023403 0.023734 0.032183 0.069689 0.021451 0.027897 0.026544 0.026100 0.045924 0.019393 0.027392 0.026774 0.028840 0.029931 0.050501 0.023004 0.042996 0.025111 0.025258 0.041612 0.028225 0.023368 0.023368 0.101549 0.057554 0.026495 0.027801 0.017578 0.021926 0.022702 0.035203 0.029650 0.027385 0.031239 0.038221 0.020547 0.063693 0.063693
0.139871 0.094031 0.108135 1.575638 0.094031 0.125766 1.575638 1.216894 0.049220 0.039418 0.032025 0.430696 0.430696 0.074455 0.039774 0.028521 0.300914 0.029078 0.033167 0.043027 0.067048 0.695832 0.028081 0.058791 0.040125 0.031315 0.035472 0.031904 0.069689 0.035752 0.038505 0.027734 0.012118 0.018876 0.024212 0.031997 0.030869 0.075660 0.040530 0.042951 0.033167 0.041553 0.581632 0.028257 0.028938 0.032028 0.017707 0.028448 0.023580 0.041882 0.031043 0.022731 0.023884 0.034348 0.032514 0.028448 0.029260 0.032271 0.036869 0.029871 0.020547 0.043054 0.033451
0.139871 0.128117 0.094031 0.126942 0.094031 0.094031 0.116363 0.094031 0.059285 0.046075 0.041965 0.430696 0.043319 0.108038 1.355721 0.029239 0.024892 0.021451 0.069689 0.043561 0.072198 0.061672 0.066521 0.026888 0.042742 0.042742 0.029060 0.024503 0.024757 0.019573 0.024581 0.025689 0.031751 0.023299 0.038069 0.042447 0.029249 0.034713 0.023314 0.031083 0.051790 0.024559 0.106960 0.054999 0.031573 0.044784 0.017707 0.032786 0.024008 0.024934 0.026031 0.034079 0.018979 0.034348 0.028146 0.030669 0.038818 0.041007 0.024930 0.024930 0.021125 0.033374 0.043192
0.094031 0.094031 0.065705 0.094031 0.072759 0.041740 0.110140 0.090613 0.107799 0.032094 0.046075 0.041965 0.042454 0.046806 0.024581 0.049217 0.029360 0.035103 0.695832 0.060292 0.042975 0.068875 0.060767 0.068616 0.068616 0.201629 0.028716 0.024503 0.020814 0.027964 0.031955 0.028361 0.031751 0.027219 0.038069 0.030631 0.028473 0.044700 0.037200 0.031083 0.060504 0.028425 0.021451 0.021451 0.027352 0.046421 0.040468 0.053608 0.025278 0.029550 0.020964 0.020964 0.035077 0.028146 0.054392 0.037564 0.028326 0.030745 0.069134 0.037358 0.041240 0.033451 0.034959
