Example_Watersheds/WA_MashelWatershed/DataInputs/o_3_ChemistryPools/Mashel_1990_Pools/NO3_Pool_3.asc
ncols         923
nrows         455
xllcorner     550005.67551598
yllcorner     5180549.8134422
cellsize      30
NODATA_value  -9999
[rows 140 to 167 of 455, columns 567 to 629 of 923]
0.023300 0.023794 0.078660 0.041534 0.009514 0.004134 0.004134 0.013887 0.009986 0.009809 0.022269 0.024569 0.005211 0.006144 0.008687 0.024569 0.009347 0.013638 0.009700 0.013778 0.345999 0.176939 0.009570 0.187151 0.023549 0.021869 0.024096 0.024096 0.065244 0.379396 0.025582 0.047398 0.169504 0.141015 0.141015 0.097617 0.295668 0.022194 0.022194 0.313078 0.324654 0.020779 0.021174 0.022194 0.255917 0.005405 0.011758 0.094335 0.011978 0.010653 0.007312 0.006276 0.006790 0.005443 0.007413 0.009856 0.008054 0.006270 0.006828 0.009548 0.005783 0.006470 0.006725
0.013675 0.078660 0.014528 0.018315 0.015035 0.013887 0.007402 0.013887 0.009986 0.022269 0.007840 0.013887 0.007733 0.009827 0.008687 0.014528 0.009347 0.010006 0.052589 0.016994 0.306075 0.377584 0.009856 0.127524 0.105525 0.022467 0.021174 0.021869 0.007502 0.012305 0.117345 0.388809 0.059325 0.330282 0.113449 0.022194 0.022471 0.026633 0.022194 0.022194 0.221623 0.343226 0.022194 0.037188 0.013651 0.017721 0.015003 0.005947 0.009104 0.004937 0.005484 0.007175 0.006257 0.005150 0.005150 0.006880 0.007546 0.005705 0.011544 0.006657 0.009156 0.006470 0.008663
0.013887 0.024569 0.013887 0.013887 0.065244 0.009809 0.010419 0.072650 0.024569 0.005705 0.009809 0.007532 0.007532 0.009718 0.007477 0.006592 0.010006 0.262851 0.262851 0.076502 0.017788 0.024971 0.024971 0.010011 0.010021 0.009716 0.232311 0.009570 0.009899 0.031152 0.202486 0.017257 0.071532 0.330282 0.396472 0.368050 0.006041 0.034678 0.189136 0.203403 0.221623 0.022194 0.013726 0.074863 0.018056 0.106857 0.106857 0.045157 0.017788 0.004249 0.005597 0.006843 0.055680 0.008519 0.009700 0.006842 0.007224 0.007122 0.007170 0.006639 0.006363 0.009940 0.010256
0.015656 0.021530 0.009809 0.013887 0.013887 0.013787 0.006537 0.009508 0.013887 0.005621 0.013750 0.013750 0.009053 0.025744 0.304402 0.016683 0.093380 0.101697 0.101697 0.076502 0.377584 0.025084 0.045661 0.013326 0.014012 0.013326 0.232311 0.006414 0.011301 0.379396 0.232311 0.165148 0.021369 0.394162 0.199705 0.008985 0.366951 0.386479 0.386479 0.027840 0.122473 0.022194 0.106857 0.009613 0.099903 0.025690 0.076502 0.009188 0.006474 0.006446 0.005428 0.349207 0.383945 0.012571 0.006013 0.004949 0.004777 0.007405 0.006881 0.006055 0.009103 0.242556 0.009097
0.014528 0.009739 0.004387 0.004387 0.009879 0.013887 0.010510 0.010653 0.005669 0.007532 0.009847 0.009053 0.009053 0.006909 0.015160 0.022856 0.098078 0.081314 0.099903 0.039659 0.017670 0.034933 0.164048 0.006978 0.009646 0.017670 0.145776 0.010237 0.007597 0.023362 0.013351 0.013351 0.039116 0.375828 0.287090 0.275971 0.046162 0.141015 0.187151 0.330872 0.098994 0.021174 0.038843 0.024216 0.069840 0.092900 0.005947 0.010653 0.010887 0.009718 0.005121 0.009458 0.388303 0.006847 0.005942 0.003663 0.008983 0.006479 0.006479 0.016205 0.006891 0.220256 0.359308
0.014528 0.010199 0.007451 0.006230 0.010052 0.024569 0.017210 0.005659 0.010052 0.005484 0.024569 0.009053 0.014628 0.005781 0.012571 0.043882 0.006737 0.012628 0.317743 0.316277 0.017670 0.017670 0.347621 0.304402 0.017670 0.008985 0.006755 0.006333 0.005626 0.007277 0.046411 0.014257 0.028753 0.021869 0.341953 0.373850 0.299215 0.141015 0.013618 0.246283 0.370220 0.022194 0.009983 0.010917 0.069840 0.263983 0.010175 0.007332 0.006674 0.022203 0.022203 0.010058 0.073760 0.270626 0.010256 0.005189 0.004197 0.007452 0.006517 0.391434 0.382903 0.032458 0.008794
0.028753 0.014815 0.007451 0.016205 0.007844 0.009514 0.013887 0.006332 0.006037 0.009813 0.008687 0.008082 0.012883 0.009514 0.009097 0.009097 0.014628 0.191101 0.304402 0.304402 0.304402 0.317743 0.021734 0.304402 0.304402 0.016407 0.010237 0.011978 0.010035 0.047398 0.046411 0.010075 0.214889 0.013451 0.013812 0.238766 0.022194 0.148128 0.392395 0.373423 0.022194 0.189136 0.016601 0.016601 0.114752 0.022194 0.351519 0.005150 0.003287 0.049450 0.242556 0.266225 0.035233 0.190121 0.009587 0.007074 0.006949 0.008323 0.024036 0.009097 0.015508 0.313078 0.008774
0.012628 0.009514 0.007451 0.006003 0.009514 0.018841 0.008663 0.008663 0.009030 0.014528 0.008917 0.012787 0.006542 0.014781 0.078660 0.013924 0.014628 0.029659 0.304402 0.360609 0.010515 0.020077 0.304402 0.304402 0.304402 0.304402 0.304402 0.304402 0.249948 0.067558 0.085970 0.039659 0.013376 0.028575 0.398738 0.398738 0.094335 0.057511 0.024968 0.379396 0.005414 0.392850 0.046162 0.396763 0.026910 0.010653 0.006108 0.003385 0.004588 0.017498 0.199705 0.029684 0.022194 0.400927 0.013376 0.104187 0.242556 0.012841 0.009248 0.011813 0.153922 0.159596 0.159596
0.013887 0.007898 0.009416 0.012259 0.011347 0.010093 0.015803 0.011347 0.015656 0.014528 0.024569 0.008894 0.008917 0.007439 0.013675 0.085461 0.010032 0.170580 0.017268 0.268439 0.011347 0.304402 0.304402 0.317743 0.304402 0.304402 0.304402 0.148128 0.128775 0.022467 0.400356 0.304402 0.014012 0.010401 0.355901 0.013351 0.010559 0.334270 0.280122 0.319180 0.379396 0.392850 0.010014 0.010078 0.007529 0.009270 0.005029 0.005664 0.004588 0.383279 0.400814 0.360180 0.022194 0.375828 0.210568 0.210568 0.172719 0.024968 0.172719 0.088489 0.007898 0.162942 0.017674
0.015699 0.016473 0.008183 0.008656 0.006144 0.010040 0.013538 0.006183 0.011347 0.035785 0.010236 0.024800 0.013787 0.183125 0.007393 0.085461 0.038569 0.015465 0.017588 0.017588 0.009679 0.013688 0.304402 0.304402 0.304402 0.322653 0.014036 0.148128 0.014691 0.010860 0.296528 0.317743 0.013300 0.117345 0.355901 0.013688 0.010860 0.010002 0.015318 0.019567 0.008873 0.295618 0.022194 0.022194 0.057511 0.011367 0.004983 0.004983 0.003631 0.008192 0.005149 0.400814 0.031904 0.268439 0.399417 0.022194 0.022194 0.047153 0.016084 0.321973 0.021530 0.192076 0.205963
0.009132 0.006159 0.024393 0.006725 0.006144 0.013538 0.013538 0.006183 0.009462 0.008663 0.009739 0.006549 0.006549 0.019258 0.009347 0.022920 0.029659 0.023424 0.096222 0.010515 0.009679 0.065826 0.310138 0.024216 0.304402 0.304402 0.333721 0.347621 0.012033 0.050711 0.255917 0.034933 0.024036 0.234914 0.011200 0.050082 0.385238 0.077585 0.193047 0.193047 0.014335 0.013675 0.007444 0.005523 0.008806 0.006856 0.005292 0.005059 0.004290 0.005575 0.007152 0.022203 0.379396 0.349986 0.022194 0.353750 0.367661 0.042324 0.091447 0.007541 0.007557 0.027226 0.334141
0.009897 0.005262 0.010594 0.010024 0.010024 0.007566 0.009700 0.009762 0.009679 0.010515 0.009739 0.006749 0.021530 0.110827 0.014142 0.020579 0.009739 0.016445 0.011425 0.016914 0.013157 0.017441 0.207024 0.322653 0.009347 0.259415 0.224337 0.014528 0.004416 0.024569 0.334812 0.261713 0.020379 0.017783 0.078660 0.016564 0.017132 0.057511 0.005707 0.009845 0.023855 0.009533 0.006153 0.005795 0.017268 0.006447 0.009786 0.005384 0.005911 0.005624 0.006747 0.015285 0.379396 0.354311 0.022194 0.029684 0.047398 0.013576 0.018737 0.018737 0.353750 0.009624 0.046162
0.339155 0.080787 0.006592 0.005262 0.006292 0.008267 0.008519 0.006896 0.010515 0.009718 0.006082 0.008663 0.298326 0.369223 0.013521 0.039659 0.027840 0.086983 0.100354 0.176939 0.019873 0.013521 0.368190 0.025636 0.010006 0.013326 0.053831 0.013887 0.006693 0.013998 0.036629 0.261713 0.030855 0.034073 0.093380 0.013651 0.197827 0.131262 0.005707 0.015129 0.006037 0.007174 0.009277 0.006725 0.005056 0.006447 0.010204 0.012078 0.006139 0.010018 0.008510 0.008510 0.006515 0.323327 0.354476 0.022194 0.022194 0.006078 0.009302 0.010358 0.389229 0.389229 0.394572
0.372106 0.009700 0.009353 0.013887 0.015916 0.007482 0.304402 0.005523 0.011347 0.009401 0.006082 0.010743 0.011536 0.009593 0.023672 0.013297 0.013297 0.024685 0.011868 0.014048 0.220256 0.020178 0.007834 0.005698 0.010006 0.013887 0.010419 0.003716 0.005151 0.007300 0.006409 0.007093 0.024569 0.281143 0.019361 0.263983 0.082363 0.013576 0.357972 0.014719 0.004937 0.007332 0.009739 0.009739 0.011549 0.004410 0.006725 0.006725 0.006453 0.010169 0.061716 0.017989 0.310929 0.376197 0.022194 0.022194 0.028297 0.028852 0.017674 0.177982 0.022194 0.350691 0.352271
0.011347 0.006799 0.007733 0.013887 0.008874 0.009132 0.232311 0.010033 0.010033 0.008914 0.045912 0.009739 0.009718 0.213175 0.267335 0.013538 0.006804 0.024569 0.005885 0.047643 0.013157 0.006409 0.013887 0.010419 0.008200 0.004861 0.005544 0.003400 0.007423 0.008786 0.005860 0.024393 0.185148 0.011479 0.333721 0.098078 0.098078 0.034933 0.101697 0.083403 0.106857 0.006230 0.009439 0.006598 0.007544 0.007240 0.010271 0.008774 0.007934 0.013500 0.009739 0.011087 0.319889 0.022194 0.036620 0.270626 0.028297 0.029129 0.348235 0.384517 0.022194 0.029962 0.386427
0.023300 0.053831 0.010981 0.017522 0.013261 0.009700 0.304402 0.347621 0.064661 0.009718 0.009589 0.007393 0.158471 0.023794 0.009739 0.012259 0.005866 0.009879 0.188146 0.023672 0.016667 0.005959 0.004765 0.004765 0.005151 0.007883 0.005151 0.005151 0.003974 0.012990 0.022269 0.052589 0.084436 0.013576 0.094810 0.019873 0.343499 0.006446 0.106857 0.024914 0.010056 0.023794 0.009439 0.005792 0.026300 0.006836 0.015471 0.012199 0.010021 0.013500 0.010419 0.023549 0.168574 0.350691 0.022194 0.022194 0.038839 0.302701 0.028575 0.398969 0.400227 0.022194 0.022194
0.023794 0.020077 0.007665 0.009458 0.091933 0.013812 0.347621 0.009458 0.025582 0.083403 0.101697 0.013363 0.020077 0.010041 0.009739 0.009488 0.023362 0.024569 0.238766 0.013887 0.013887 0.006195 0.006833 0.004681 0.009006 0.009006 0.004765 0.009006 0.003974 0.023794 0.013626 0.152773 0.061716 0.366018 0.274916 0.274916 0.005313 0.254737 0.074312 0.022137 0.025196 0.024914 0.007544 0.055680 0.080787 0.013225 0.007495 0.010051 0.010051 0.013365 0.006599 0.009589 0.022194 0.023858 0.022194 0.395478 0.092900 0.062309 0.270187 0.360180 0.398002 0.314784 0.029962
0.023794 0.143406 0.006425 0.005650 0.020077 0.005231 0.013313 0.009458 0.007532 0.008563 0.039388 0.006383 0.006383 0.036909 0.010026 0.007221 0.006251 0.017727 0.022983 0.016471 0.023362 0.013363 0.004989 0.004989 0.006775 0.008296 0.006508 0.004424 0.005527 0.008351 0.006537 0.317013 0.255917 0.379666 0.027840 0.254737 0.227023 0.400356 0.026300 0.009514 0.009514 0.006749 0.007240 0.009051 0.042324 0.010175 0.006095 0.009646 0.006925 0.027533 0.282156 0.195929 0.399585 0.378590 0.400902 0.400227 0.038839 0.399392 0.354476 0.304331 0.398002 0.032736 0.384517
0.009981 0.022203 0.019567 0.009718 0.013924 0.013924 0.007563 0.007532 0.010594 0.008034 0.008205 0.007437 0.007733 0.043882 0.011705 0.007221 0.021869 0.009718 0.006203 0.009981 0.023794 0.005980 0.004989 0.009006 0.006508 0.012018 0.010202 0.006100 0.006312 0.007537 0.013899 0.357972 0.022662 0.204316 0.184139 0.027840 0.326592 0.014895 0.025744 0.013852 0.010129 0.006751 0.004313 0.024096 0.013800 0.064661 0.006095 0.017670 0.062309 0.066405 0.013787 0.282156 0.263983 0.378590 0.022194 0.390147 0.022194 0.022194 0.380886 0.030794 0.030794 0.024691 0.242556
0.008794 0.029659 0.007255 0.005523 0.007564 0.007564 0.007451 0.007451 0.009270 0.006136 0.004790 0.011347 0.013713 0.009458 0.145776 0.100804 0.017350 0.015035 0.006203 0.012018 0.023794 0.017721 0.012033 0.009143 0.009143 0.009393 0.021666 0.004476 0.009981 0.011386 0.045912 0.035217 0.022662 0.347621 0.316277 0.024800 0.014878 0.013588 0.085461 0.028450 0.011705 0.005881 0.007041 0.013401 0.085461 0.042062 0.279095 0.042062 0.011978 0.332602 0.042062 0.065826 0.065826 0.013401 0.385238 0.034400 0.389229 0.022194 0.022194 0.388303 0.022194 0.022194 0.245468
0.006586 0.009589 0.011923 0.047643 0.007564 0.011420 0.007901 0.010375 0.010052 0.011466 0.009488 0.011347 0.024569 0.015699 0.013887 0.009879 0.006676 0.006676 0.007201 0.009847 0.009532 0.008136 0.005802 0.008001 0.007834 0.009416 0.005553 0.012684 0.006109 0.012018 0.020279 0.019772 0.024742 0.388303 0.013104 0.227023 0.294702 0.348235 0.068131 0.010014 0.004618 0.005434 0.009212 0.024036 0.024036 0.006427 0.176939 0.032037 0.044650 0.208806 0.074312 0.059925 0.015445 0.319180 0.022194 0.034400 0.022194 0.022194 0.022194 0.022194 0.136177 0.022194 0.022194
0.010013 0.006627 0.014782 0.011868 0.007482 0.011347 0.007221 0.013250 0.005211 0.005211 0.010024 0.017326 0.016325 0.012571 0.013887 0.072650 0.022269 0.013887 0.007402 0.013829 0.006424 0.003618 0.006071 0.005150 0.005387 0.011066 0.005222 0.006829 0.006036 0.009416 0.065244 0.314784 0.343499 0.038843 0.011479 0.245047 0.180054 0.180054 0.221623 0.079195 0.012018 0.006371 0.005270 0.006910 0.021802 0.025307 0.055680 0.104187 0.022856 0.176939 0.074312 0.016601 0.024413 0.022194 0.022194 0.030517 0.028297 0.022194 0.034123 0.022194 0.031071 0.366951 0.022194
0.010072 0.018009 0.006164 0.096689 0.006418 0.007516 0.009458 0.010011 0.008687 0.013538 0.009983 0.016471 0.009458 0.009514 0.025528 0.013538 0.014023 0.017588 0.005150 0.010531 0.010420 0.006833 0.006071 0.005346 0.007844 0.005346 0.009431 0.006465 0.006111 0.006111 0.008136 0.019772 0.177982 0.022269 0.024510 0.152773 0.012883 0.027840 0.006525 0.024452 0.005717 0.006373 0.006515 0.050082 0.008183 0.382656 0.282156 0.176939 0.100354 0.024742 0.014782 0.040468 0.388303 0.229681 0.400902 0.022194 0.022194 0.366951 0.031071 0.377573 0.022194 0.280122 0.022194
0.015803 0.009827 0.013675 0.007597 0.007665 0.009458 0.013924 0.013300 0.008687 0.008733 0.008082 0.007489 0.008733 0.014528 0.014528 0.013538 0.009700 0.009700 0.006708 0.014528 0.072650 0.072650 0.375064 0.024569 0.072650 0.009132 0.006041 0.007733 0.013887 0.011096 0.281143 0.065826 0.172719 0.010711 0.035785 0.022269 0.145776 0.379666 0.029659 0.008834 0.005802 0.004010 0.007956 0.099903 0.303555 0.025473 0.176939 0.176939 0.025690 0.025690 0.044904 0.027840 0.389229 0.156206 0.013651 0.022194 0.022194 0.034955 0.349467 0.369141 0.031071 0.022194 0.022194
0.014781 0.009827 0.065244 0.016471 0.006592 0.012259 0.007516 0.013538 0.009458 0.007525 0.007514 0.007568 0.007514 0.007514 0.006179 0.009700 0.009700 0.009700 0.022203 0.066982 0.007817 0.009644 0.010029 0.024569 0.012336 0.010361 0.009809 0.009773 0.006409 0.006392 0.025582 0.046411 0.217501 0.396803 0.304331 0.037188 0.085970 0.020679 0.013974 0.142213 0.010040 0.010040 0.011549 0.013421 0.036909 0.009401 0.041002 0.339155 0.055680 0.193047 0.013563 0.022194 0.010824 0.008733 0.013651 0.312492 0.022194 0.282156 0.035501 0.350691 0.229412 0.022194 0.022194
0.010419 0.013887 0.014528 0.012787 0.013924 0.006146 0.006146 0.013051 0.013538 0.007456 0.013326 0.005582 0.010559 0.011322 0.009458 0.009700 0.009700 0.009762 0.008874 0.012336 0.011181 0.009778 0.009809 0.010175 0.009514 0.005983 0.009809 0.005980 0.006193 0.024569 0.018102 0.006692 0.364295 0.364295 0.293778 0.304331 0.022194 0.018632 0.058118 0.382784 0.013263 0.010419 0.008854 0.010037 0.015840 0.176939 0.013351 0.032330 0.020779 0.016028 0.015445 0.350691 0.031743 0.008074 0.010078 0.032458 0.274916 0.010361 0.013213 0.304331 0.396803 0.396803 0.022194
0.010093 0.013463 0.012787 0.013887 0.012787 0.009827 0.011923 0.009514 0.013538 0.009458 0.009758 0.010531 0.010559 0.008519 0.022203 0.008136 0.007482 0.007525 0.245047 0.012336 0.010033 0.005650 0.014528 0.006781 0.006594 0.006594 0.005211 0.005211 0.005704 0.005795 0.006393 0.024569 0.024569 0.324654 0.027840 0.398494 0.038839 0.006693 0.007465 0.009606 0.016445 0.006966 0.005753 0.006943 0.016028 0.021174 0.059325 0.013961 0.007765 0.027840 0.024452 0.010056 0.017727 0.017727 0.043366 0.043366 0.006383 0.013115 0.032736 0.399931 0.024968 0.022194 0.022194
0.010236 0.009458 0.024569 0.013887 0.013887 0.009827 0.013713 0.006310 0.013488 0.013924 0.007597 0.011703 0.010531 0.017670 0.099903 0.022727 0.025990 0.027533 0.027533 0.304402 0.020077 0.020077 0.009132 0.099903 0.006371 0.013538 0.105525 0.008814 0.013887 0.010168 0.074312 0.091933 0.024685 0.093380 0.097154 0.023487 0.005707 0.012359 0.013800 0.008036 0.013270 0.008571 0.006105 0.014380 0.030855 0.030855 0.066982 0.023237 0.005521 0.005588 0.006122 0.224337 0.023237 0.005663 0.004126 0.005238 0.006246 0.005507 0.032736 0.022194 0.022194 0.022194 0.022194
