Example_Watersheds/WA_MashelWatershed/DataInputs/o_3_ChemistryPools/Mashel_1990_Pools/NO3_Pool_1.asc
ncols         923
nrows         455
xllcorner     550005.67551598
yllcorner     5180549.8134422
cellsize      30
NODATA_value  -9999
[rows 28 to 55 of 455, columns 315 to 377 of 923]
0.126698 0.064842 0.097879 0.120290 0.106466 0.090723 0.182660 0.147937 0.118767 0.112657 0.149555 0.085171 0.182660 0.182660 0.147937 0.105595 0.288895 0.183414 0.109940 0.092536 0.148776 0.436401 0.104940 0.104940 0.431153 0.313693 0.120627 0.114665 0.149718 0.145017 0.102856 4.644082 6.659016 6.440243 3.973405 0.070969 0.105101 0.120290 0.149878 0.145462 0.094161 0.250335 0.095384 0.091204 0.115277 0.075158 0.183294 0.169023 0.098008 0.101742 0.283542 0.283542 0.109176 0.109494 0.646293 0.260411 0.147698 0.085171 0.182660 0.182660 0.126101 0.098816 0.119643
0.116200 0.075468 0.124944 0.136215 0.182660 0.104615 0.182660 0.105101 0.091674 0.147937 0.180654 0.182660 0.118358 0.182660 0.137225 0.137225 0.157290 0.119364 0.155978 0.279109 0.124486 2.554401 0.404642 0.288895 1.273184 0.175572 0.123264 0.118274 0.115753 0.115651 0.186930 1.342308 0.394476 0.902165 0.394476 0.646293 0.177243 0.098816 0.250335 0.250335 0.131039 0.177396 0.094675 0.094675 0.099776 0.115102 0.174525 0.094187 0.140779 0.089898 0.114429 0.112962 0.109176 0.113909 0.105101 0.098816 0.145462 0.182660 0.145462 0.182660 0.177243 0.122428 0.068232
0.274854 0.118565 0.166982 0.181885 0.182660 0.105677 0.086697 0.147937 0.147937 0.095699 0.182660 0.182660 0.145462 0.169587 0.086454 0.095310 0.154546 0.169911 0.117322 0.099290 0.096617 0.175985 0.104940 0.107441 0.238249 0.192498 0.103633 0.103711 0.136614 0.107153 0.314765 0.246661 0.099862 0.124864 0.102003 0.280302 0.177243 0.177243 0.646293 0.099382 0.099382 0.099382 0.092649 0.135425 0.099710 0.115102 0.159032 0.182660 0.140779 0.108769 0.248390 0.242541 0.173669 0.114056 0.075468 0.182660 0.182660 0.182660 0.182660 0.182660 0.182660 0.117723 0.182660
0.113255 0.110296 0.177243 0.590310 0.194020 0.147937 0.095738 0.114174 0.182660 0.140664 0.182660 0.182660 0.101860 0.102166 0.138384 0.131202 0.179727 0.169911 0.283542 0.131202 0.183414 0.239273 0.420373 0.213076 0.238249 0.175985 0.097522 0.112085 0.177708 0.176430 0.177396 0.103711 0.177243 0.177243 0.317370 0.099382 0.099382 0.099382 0.099382 0.097787 0.099382 0.129111 0.136670 0.122435 0.115651 0.106973 0.990701 0.182660 0.182660 0.144453 0.140779 0.112841 0.280238 0.095244 0.078384 0.078384 0.118565 0.169263 0.137225 0.082781 0.068161 0.059482 0.182660
0.160901 0.081979 0.167404 0.590310 7.147277 0.131845 0.096673 0.094930 0.102240 0.182660 0.182660 0.127586 0.115901 0.125470 0.134528 0.100995 0.114429 0.193748 0.228063 0.137225 0.137225 1.950017 1.438120 0.122491 0.308692 0.352654 0.095280 0.111583 0.177243 0.177243 0.177243 0.177243 0.177243 0.177396 0.099382 0.167000 0.099382 0.099382 0.098353 0.121172 0.099819 0.085989 0.237331 0.079966 0.085193 0.068201 6.988733 6.988733 0.136088 0.394476 0.394476 0.091996 0.182660 0.152388 0.090867 0.081979 0.118565 0.161240 0.238919 0.144453 7.063531 0.288252 0.145462
0.109176 0.106973 0.094614 2.902736 0.171060 0.178019 0.138384 0.119314 0.092182 0.063133 0.126580 0.097155 0.097155 0.157751 0.087625 0.065186 0.099729 0.164334 0.161938 0.120459 0.191321 0.311739 0.270246 0.165012 0.434313 0.115753 0.177117 0.153892 0.221735 0.118832 0.099382 0.119934 0.167000 0.177396 0.099382 0.112434 0.134757 0.142281 0.099819 0.102166 0.102166 0.122576 0.176562 0.114056 0.099710 0.085193 6.659016 0.394476 6.249977 0.394476 3.387353 0.130821 0.140474 0.175563 0.105128 0.099856 0.093999 0.105397 0.160192 1.831206 0.127046 0.394476 0.311635
0.102166 0.108564 0.131987 0.128146 0.125322 0.114841 0.170652 0.096673 0.118292 0.092241 0.182660 0.144695 0.152143 0.098692 0.098816 0.111172 0.164940 0.307788 0.237331 0.085110 0.152143 0.311739 1.273184 0.311342 0.308692 0.110524 0.280302 0.132605 0.221735 0.099382 0.099382 0.177396 0.284771 0.259283 0.259283 0.160145 0.101408 6.727374 0.093074 0.116283 0.124893 0.262115 0.115651 0.093513 0.065426 0.049537 0.394476 0.394476 0.666195 0.132946 4.517466 0.478323 0.365202 0.122036 0.126624 0.108285 0.149117 0.145881 0.139074 0.090223 0.144453 0.128305 0.102230
0.202396 0.104021 0.153497 0.175572 0.115523 0.107064 0.263780 0.096673 0.147015 0.164567 0.097275 0.103522 0.182660 0.095577 0.098816 0.309710 0.258020 0.384540 0.193132 0.101259 0.130958 0.200664 0.398843 0.225222 0.225222 0.098816 0.062422 0.108983 0.099382 0.095384 0.099382 0.099382 0.119314 0.094673 0.094673 0.094673 0.313758 0.685853 0.119501 0.106619 0.093053 0.093721 0.122634 0.181200 0.099776 0.100206 0.631161 0.511004 0.131605 0.394476 0.394476 0.394476 0.394476 0.394476 0.150228 0.203060 0.100854 0.158175 0.182660 0.182660 0.144453 0.099491 0.119827
0.202396 0.086776 0.182804 0.181245 0.132083 0.092514 0.128306 0.106727 0.108310 0.096673 0.084806 0.097275 0.086697 0.063817 0.123646 0.228603 0.228603 0.247875 0.311342 0.131242 0.115124 0.177518 0.169314 0.250335 0.177243 0.182660 0.175029 0.098816 0.193748 0.082862 0.095852 0.452556 0.104855 0.189479 0.173441 0.221735 0.088650 0.138962 0.414840 0.091934 0.068201 0.109412 0.182660 0.089359 0.089359 0.128146 6.336005 0.394476 0.175168 2.447214 0.394476 0.394476 0.453647 0.394476 0.195167 0.307671 0.149117 0.182660 0.182660 0.182660 0.182660 0.182660 0.182660
0.118083 0.118473 0.110524 0.106990 0.181885 0.077497 0.169025 0.242758 1.521397 1.521397 0.096673 0.113333 0.068232 0.126580 0.114862 0.126908 0.194845 0.472823 0.268238 0.122491 0.099749 0.245565 0.128504 0.241235 0.180598 0.182660 0.118710 0.095310 0.175563 0.102329 1.263171 0.170266 0.104855 0.115102 0.164695 0.092909 0.108694 0.140779 0.182660 0.088411 0.105368 0.140348 0.096429 0.483808 0.394476 5.285843 0.394476 0.394476 0.394476 1.902751 0.493094 6.501027 6.923222 6.501027 0.169682 0.082909 0.071312 0.182660 0.144453 0.143158 0.182660 0.182660 0.182660
0.145870 0.109176 0.139541 0.085845 0.181885 0.182498 0.169724 0.096617 0.191321 0.115391 0.136064 0.113333 0.102898 0.121896 0.116440 0.104167 0.123264 0.223756 0.268238 0.131242 0.101259 0.178172 0.094245 0.109749 0.116374 0.130218 0.558998 0.094673 0.094673 0.115070 0.126244 0.117082 0.114429 0.061453 0.098540 0.091204 0.087381 0.170687 0.091674 0.109737 0.223330 0.234061 0.394476 0.394476 0.558998 7.092000 0.319601 0.394476 0.394476 0.394476 0.488164 7.020610 0.394476 0.394476 0.125607 0.122036 0.122036 0.147841 0.182660 0.140779 0.182660 0.130218 0.182660
0.184197 0.109176 0.117809 0.188957 0.181885 0.108759 0.181885 0.102077 0.112841 0.154483 0.103633 0.102077 0.137225 0.086952 0.127586 0.214138 0.070204 0.132281 0.132281 0.176381 0.125783 0.125783 0.087381 0.099738 0.124880 0.111682 0.119587 0.117082 0.121128 0.129842 0.116770 0.188052 0.108564 0.076633 0.182660 0.096673 0.134599 1.273184 0.288895 0.097315 0.169408 4.227967 0.394476 0.762053 0.394476 0.463509 0.394476 0.394476 0.394476 0.394476 0.394476 0.394476 7.128782 0.394476 0.114429 0.109272 0.175985 0.147841 0.145881 0.182660 0.082251 0.125231 0.182660
0.176430 0.101953 0.149536 0.086697 0.176430 0.083821 0.118767 0.119201 0.313693 0.313693 0.091357 0.185838 0.118577 0.118577 0.133154 0.112811 0.167310 0.177456 0.111119 0.123466 0.119478 0.119714 0.170266 0.098697 0.094673 0.094673 0.122151 0.112964 0.116770 0.129842 2.961624 0.297335 0.063475 0.067563 0.646293 0.172715 0.134599 0.103211 0.177191 0.175345 0.109176 0.109176 6.923776 1.055652 2.359914 0.394476 0.394476 0.483233 0.394476 0.394476 0.394476 0.394476 0.610880 0.114429 0.394476 0.118358 0.274854 0.182660 0.182660 0.182660 0.182660 0.108372 0.182660
0.169724 0.115063 0.117301 0.197763 0.128078 0.128078 0.118577 0.177708 0.172803 0.103633 0.121642 0.171651 0.128771 0.070204 0.074360 0.112811 0.160145 0.166360 0.311342 0.119742 0.283542 0.116787 0.170266 0.135348 0.206935 0.092291 1.181822 0.305491 5.186587 0.095206 0.394476 0.126471 0.154674 0.705125 0.278298 0.114330 0.235649 0.087381 0.066349 0.311739 0.433923 0.394476 0.394476 0.394476 0.304326 0.532542 6.838035 0.394476 0.502956 0.394476 0.394476 0.233640 0.394476 0.394476 0.979755 5.787865 0.202396 0.140969 0.182660 0.182660 0.182660 0.182660 0.116366
0.152143 0.142357 0.115573 0.117322 0.112657 0.107064 0.137225 0.188813 0.172803 0.125116 0.160901 0.118234 0.143886 0.156591 0.079966 0.120737 0.164584 0.415954 0.177371 0.183000 0.111419 0.121473 0.081754 0.099710 0.115028 0.115028 0.119934 6.830553 0.394476 0.394476 4.116446 0.847485 0.306658 2.020270 7.020610 0.111793 0.122216 5.776085 0.394476 6.681196 0.394476 2.490347 0.394476 4.085484 0.562128 0.394476 0.394476 0.394476 0.394476 0.394476 0.394476 0.394476 0.394476 0.394476 0.394476 0.154186 7.137079 0.175153 0.087040 0.082781 0.155152 0.182660 0.101229
0.086755 0.115303 0.104298 0.113711 0.130048 0.121981 0.136088 0.145955 0.125476 0.130512 0.122066 0.123466 0.118767 0.063817 0.118577 0.171492 0.193132 0.193132 0.610880 0.115111 0.179185 0.123531 0.085193 0.122435 0.177445 0.222381 0.394476 7.141336 6.832371 1.312891 2.020270 0.114429 5.047321 2.020270 0.394476 0.394476 4.322659 0.394476 0.394476 0.394476 0.394476 6.480913 6.583874 0.162014 5.611682 5.611682 0.502956 0.394476 0.394476 0.394476 0.394476 0.394476 0.394476 0.562128 2.203825 0.391760 5.365154 0.128659 0.094422 0.191959 0.182660 0.182660 0.145462
0.138732 0.129276 0.099862 0.212033 0.181885 0.096617 0.183414 0.180998 0.155978 0.143886 0.143886 0.095358 0.101860 0.107064 0.119394 0.126580 0.128510 0.104569 0.177111 0.115111 0.129791 0.099710 0.085193 0.522680 0.394476 0.384540 0.394476 0.399407 0.601575 0.350841 2.359914 3.019737 6.139394 0.488164 0.394476 0.394476 0.394476 0.621074 0.394476 0.394476 0.789625 6.506249 0.562128 5.811055 6.358364 5.877657 4.045482 0.502956 0.394476 0.394476 0.394476 0.394476 6.923776 7.141336 6.760742 0.288895 0.394476 0.140664 0.128078 0.170875 0.182660 0.182660 0.147841
0.182660 0.099819 0.122300 0.646293 0.743368 0.177877 0.308692 0.308692 0.313693 0.103141 0.108759 0.108509 0.101860 0.101860 0.112978 0.204122 0.129585 0.120676 0.090515 0.107895 0.307788 0.118529 6.785164 0.483233 0.239492 0.404337 5.929757 7.020610 0.235774 0.235774 5.981830 0.394476 2.447214 7.086762 0.394476 0.394476 0.621074 0.394476 0.394476 0.483233 6.480913 0.394476 0.394136 0.175160 6.821688 3.813762 0.394476 0.394476 0.394476 0.394476 2.638601 0.394476 0.394476 0.284771 0.690332 4.937676 0.107501 0.107501 0.147937 0.112178 0.076939 0.182660 0.093313
0.094245 0.148363 0.154444 0.177243 0.179417 0.096617 0.237744 0.311342 0.118304 0.177708 0.112811 0.111119 0.119950 0.076939 0.145132 0.144194 0.083510 0.128534 0.130031 0.117387 6.830553 0.394476 0.394476 0.242323 6.463613 6.394880 0.394476 7.020610 6.980548 0.498025 6.749185 0.394476 0.394476 5.799522 0.394476 0.394476 0.394476 0.394476 0.394476 0.394476 6.480913 3.574860 0.096617 0.676054 6.821688 6.583874 3.875571 1.361747 2.922452 2.922452 0.394476 0.493094 0.394476 0.394476 0.394476 0.096061 0.096080 0.068232 0.182660 0.147937 0.093691 0.116366 0.182660
0.182660 0.117888 0.102901 0.177243 0.315768 0.216203 0.099729 0.213076 0.099731 0.119869 0.184197 0.108759 0.118767 0.145857 0.145857 0.100681 0.106629 0.133139 0.099710 0.083189 0.394476 0.394476 0.789625 0.242323 0.394476 0.394476 0.394476 5.500122 0.394476 6.767248 6.749185 0.394476 0.532542 0.394476 5.898868 0.394476 0.394476 0.394476 0.394476 6.212203 0.180886 0.394476 0.394476 0.394476 0.532542 0.394476 6.988733 6.760742 7.075603 0.394476 0.394476 0.394476 2.271237 0.319272 0.292199 0.098954 0.126335 0.063660 0.153229 0.182660 0.182660 0.073992 0.182660
0.131403 0.177320 0.102901 0.177243 0.170010 0.158104 0.178727 0.310168 0.242975 0.072554 0.154546 0.113255 0.107189 0.099057 0.103161 0.115277 0.106629 0.226984 0.119742 6.418428 0.394476 0.394476 6.749185 0.394476 0.394476 0.394476 0.394476 5.485620 2.902736 0.394476 0.394476 0.394476 0.394476 6.014617 6.583874 0.394476 0.394476 0.394476 0.312517 0.277982 0.258020 0.394476 0.394476 0.394476 0.394476 0.394476 0.394476 6.826439 0.394476 0.264155 0.394476 0.394476 0.156243 0.107501 0.098943 0.089846 0.182660 0.101011 0.182660 0.085936 0.182660 0.182660 0.182660
0.398843 0.131039 0.159399 0.221735 0.189981 0.167404 0.177792 0.182323 0.177980 0.169025 0.132907 0.099892 0.184197 0.175572 0.118071 0.268221 7.114772 0.257972 0.394476 0.394476 0.394476 0.394476 0.394476 0.394476 0.394476 6.583874 6.583874 0.394476 0.700194 0.562128 0.394476 0.453647 0.394476 3.783028 6.516509 6.062604 0.394476 5.787865 0.132674 2.135638 0.208893 0.394476 6.516509 0.394476 0.394476 6.618639 0.394476 6.749185 0.394476 0.394476 0.493094 5.152513 0.088263 0.094386 0.094386 0.138897 0.116366 0.117301 0.084678 0.182660 0.182660 0.138890 0.155152
0.132242 0.149317 0.095310 0.176690 0.177243 0.207844 0.177371 0.124880 0.398843 0.176744 0.084629 0.176475 0.175985 0.131805 0.547335 0.394476 0.483233 0.394476 0.394476 0.557197 1.628079 0.621074 0.394476 0.394476 0.394476 2.315748 0.394476 0.394476 6.357146 1.721499 6.821688 0.547335 0.394476 6.520996 6.516509 0.527611 2.468823 0.498025 6.406734 0.319601 0.542404 0.394476 6.463613 0.394476 6.516509 0.394476 0.394476 6.599403 2.226381 0.394476 0.428992 0.285908 0.105606 0.134844 0.182660 0.182660 0.108372 0.114862 0.116366 0.182660 0.133178 0.096781 0.116807
0.177681 0.257972 0.063817 0.180036 0.311739 0.432210 0.177371 0.192004 0.268238 0.420373 1.342308 0.180654 0.210955 0.094673 0.394476 0.394476 0.394476 0.394476 0.394476 0.164584 1.628079 0.502956 0.394476 0.394476 0.394476 0.394476 0.297370 0.394476 2.490347 0.394476 0.394476 0.512818 0.394476 2.226381 6.463613 0.298525 0.236432 0.365202 0.105449 0.245579 1.212587 0.394476 0.527611 0.394476 0.394476 0.645954 6.923776 0.562128 0.394476 0.108874 0.394476 0.178712 0.098473 0.182660 0.182660 0.147841 0.182660 0.116366 0.108372 0.182660 0.092471 0.182660 0.118240
0.092514 0.113548 0.143886 0.122091 0.096038 0.177243 0.177939 0.242975 0.311342 0.272370 0.177813 0.175572 0.109176 0.109176 0.394476 0.394476 0.394476 0.394476 6.599403 1.778772 7.128886 0.394476 0.394476 0.394476 2.181182 0.502956 0.394476 0.394476 0.394476 0.453647 0.453647 0.394476 0.394476 0.394476 4.684836 0.151006 0.198029 0.183843 0.157437 0.449601 7.149576 0.680470 7.075603 6.749185 0.297370 0.645954 0.233640 0.394476 0.394476 7.118642 0.141849 0.104203 0.098473 0.182660 0.088669 0.182660 0.143901 0.137215 0.137215 0.155152 0.116366 0.133931 0.177493
0.221430 0.113888 0.169263 0.177295 0.119795 0.088975 0.259283 0.137805 0.163782 1.361747 0.202396 0.245579 0.175485 0.394476 0.394476 0.394476 0.394476 0.394476 0.394476 0.394476 7.101635 7.051900 0.394476 0.394476 6.501027 0.404337 0.394476 6.635402 0.394476 5.396013 6.419689 0.394476 0.311342 0.311342 0.311342 0.171060 0.182660 0.091365 0.157437 0.095531 0.112595 0.146473 0.160901 0.394476 7.128782 0.233640 0.507887 7.013837 6.124355 0.106609 0.106609 0.147120 0.157779 0.182660 0.182660 0.083838 0.182660 0.182660 0.100527 0.114512 0.116807 0.141511 0.112916
0.237331 0.183863 0.108564 0.132595 0.095077 0.128453 0.311342 0.118240 0.197763 0.130100 0.202396 0.283542 6.989212 0.316770 2.638601 2.638601 0.394476 0.394476 7.106347 0.394476 7.149352 6.785164 6.501027 0.394476 6.501027 0.394476 0.394476 0.394476 0.394476 4.454568 0.394476 0.394476 0.114429 0.394476 0.098353 0.102898 0.081754 0.084364 0.143033 0.182660 0.084364 0.197181 0.096000 0.157437 0.394476 0.394476 0.235336 6.516509 6.807023 0.131885 0.092954 0.140664 0.182660 0.182660 0.182660 0.182660 0.834361 0.114056 0.113116 0.088282 0.116366 0.116807 0.114388
0.122321 0.385753 0.163509 0.132595 0.224489 0.174851 0.316770 4.561090 0.112668 0.130326 0.112962 0.110047 0.097315 0.394476 0.394476 0.394476 0.394476 0.394476 0.394476 6.889587 7.149352 0.394476 7.128886 6.872549 0.394476 5.203439 0.394476 0.394476 2.490347 0.394476 6.881370 0.311342 0.394476 0.543137 0.156465 0.182660 0.093608 0.135348 0.110042 0.182660 0.182660 0.116366 0.082862 0.095531 5.411256 5.269609 0.232712 5.735908 6.358364 0.131885 0.115823 0.089061 0.182660 1.770694 0.134306 0.182660 0.834361 0.095104 0.116366 0.101229 0.069955 0.182660 0.182660
