Example_Watersheds/WA_MashelWatershed/DataInputs/o_3_ChemistryPools/Mashel_1990_Pools/NO3_Pool_3.asc
ncols         923
nrows         455
xllcorner     550005.67551598
yllcorner     5180549.8134422
cellsize      30
NODATA_value  -9999
[rows 392 to 419 of 455, columns 504 to 566 of 923]
0.198768 0.351906 0.007359 0.005478 0.006625 0.006847 0.010611 0.006281 0.011123 0.004731 0.004824 0.007103 0.007241 0.006088 0.012021 0.005200 0.004861 0.006550 0.006550 0.395725 0.384517 0.009757 0.005354 0.005456 0.006874 0.007413 0.006794 0.015691 0.007537 0.007144 0.009587 0.009187 0.005601 0.169504 0.011703 0.079195 0.009809 0.005246 0.005165 0.004363 0.004764 0.005413 0.005413 0.005274 0.005413 0.004777 0.004777 0.010711 0.014011 0.005520 0.004688 0.004543 0.005949 0.009549 0.005701 0.009549 0.009549 0.004880 0.006523 0.005354 0.003185 0.008066 0.008066
0.021174 0.351906 0.011123 0.006159 0.006702 0.004513 0.005198 0.006484 0.011123 0.004410 0.004513 0.004513 0.004410 0.005445 0.005525 0.007612 0.005056 0.004513 0.006909 0.324654 0.022532 0.018946 0.006243 0.005551 0.009353 0.006901 0.006055 0.007489 0.016801 0.006901 0.125008 0.009382 0.006312 0.081314 0.007489 0.004497 0.006390 0.004513 0.004513 0.004735 0.004764 0.004764 0.005413 0.009345 0.005274 0.007520 0.009549 0.011625 0.387369 0.006848 0.010004 0.006415 0.008311 0.008093 0.005515 0.005413 0.005154 0.005413 0.005413 0.006076 0.005258 0.008066 0.008066
0.024216 0.004089 0.011123 0.011123 0.005452 0.005705 0.003972 0.006847 0.004979 0.008895 0.006577 0.005247 0.007312 0.006559 0.003768 0.010004 0.004238 0.004513 0.004513 0.332602 0.013376 0.022194 0.006625 0.007578 0.004343 0.009933 0.009096 0.353750 0.012562 0.006522 0.010200 0.010559 0.011066 0.008854 0.016601 0.007665 0.034073 0.004804 0.006279 0.006279 0.004764 0.009393 0.009250 0.005629 0.005848 0.006363 0.024569 0.011625 0.022194 0.026355 0.361245 0.022194 0.006536 0.005289 0.005515 0.007148 0.005958 0.005690 0.005413 0.005413 0.003957 0.008660 0.005964
0.026633 0.006274 0.009174 0.006390 0.007333 0.007578 0.006815 0.005738 0.006847 0.005445 0.004374 0.006847 0.005707 0.005885 0.010065 0.013174 0.007261 0.006815 0.004513 0.009601 0.024136 0.022194 0.011144 0.132498 0.008311 0.005445 0.005382 0.008435 0.012929 0.010306 0.009347 0.010093 0.008995 0.008854 0.108185 0.068703 0.006568 0.007399 0.009993 0.005866 0.011413 0.091933 0.006257 0.015318 0.022194 0.015285 0.009416 0.168574 0.022194 0.022194 0.022194 0.022194 0.022194 0.008873 0.005816 0.351519 0.007318 0.005297 0.008663 0.006524 0.009488 0.006847 0.008396
0.005717 0.006262 0.004513 0.007578 0.006233 0.007578 0.006065 0.010905 0.006159 0.004513 0.004513 0.006377 0.005707 0.010824 0.005432 0.005432 0.005738 0.005345 0.005030 0.004736 0.004020 0.363703 0.381701 0.396763 0.014528 0.005826 0.005911 0.005709 0.005150 0.011051 0.010318 0.012021 0.009683 0.024036 0.207024 0.024036 0.006814 0.037730 0.013624 0.009302 0.005150 0.015763 0.015763 0.012960 0.022194 0.022194 0.373423 0.027187 0.022194 0.022194 0.022194 0.022194 0.022194 0.300097 0.005663 0.323994 0.006663 0.006257 0.007555 0.009325 0.007335 0.006959 0.005389
0.006847 0.005758 0.005484 0.006862 0.007578 0.006815 0.004543 0.004543 0.006408 0.004513 0.006815 0.006075 0.006250 0.004936 0.008845 0.005134 0.006984 0.005580 0.004513 0.004513 0.008329 0.151619 0.398525 0.336778 0.400244 0.006148 0.007532 0.005671 0.010318 0.006874 0.006310 0.004513 0.006377 0.006683 0.072650 0.072650 0.022194 0.022194 0.022194 0.164048 0.022194 0.022194 0.022194 0.022194 0.022194 0.022194 0.022194 0.391957 0.022194 0.022194 0.022194 0.022194 0.022194 0.022194 0.022194 0.022194 0.074312 0.009458 0.007555 0.013263 0.010782 0.004975 0.006102
0.010050 0.007678 0.004513 0.004513 0.005484 0.006325 0.010782 0.004736 0.006815 0.004513 0.005274 0.006660 0.006657 0.005754 0.008845 0.010510 0.005977 0.004543 0.008372 0.004513 0.007333 0.006503 0.016732 0.022194 0.386427 0.009030 0.014023 0.006312 0.007288 0.004979 0.009861 0.004513 0.004513 0.004513 0.005527 0.016801 0.022194 0.022194 0.022194 0.022194 0.022194 0.022194 0.022194 0.022194 0.022194 0.022194 0.022194 0.370224 0.022194 0.022194 0.022194 0.022194 0.022194 0.022194 0.022194 0.022194 0.022194 0.022194 0.022194 0.022194 0.009856 0.006538 0.396127
0.198768 0.007505 0.004913 0.004513 0.006702 0.005935 0.004416 0.005597 0.006847 0.004513 0.006742 0.006643 0.005345 0.009250 0.008845 0.005553 0.005977 0.004543 0.005345 0.005345 0.007849 0.011544 0.007396 0.006954 0.365843 0.285155 0.400925 0.005948 0.005574 0.007564 0.006258 0.009514 0.006574 0.006206 0.006211 0.062900 0.023304 0.028852 0.022194 0.022194 0.022194 0.022194 0.022194 0.022194 0.022194 0.022194 0.022194 0.022194 0.022194 0.022194 0.022194 0.022194 0.022194 0.022194 0.023026 0.022194 0.024968 0.022194 0.022194 0.022194 0.184139 0.204316 0.022194
0.089483 0.005444 0.004913 0.006122 0.004975 0.005768 0.005881 0.005768 0.004543 0.004513 0.006467 0.006467 0.006231 0.005445 0.008459 0.006250 0.004092 0.005345 0.004543 0.005345 0.003972 0.011544 0.006425 0.009601 0.088987 0.400665 0.044904 0.022194 0.005574 0.006383 0.004736 0.005781 0.007451 0.006906 0.009809 0.024036 0.397968 0.022194 0.022194 0.022194 0.022194 0.025800 0.022194 0.022194 0.022194 0.022194 0.022194 0.022194 0.022194 0.022194 0.022194 0.022194 0.022194 0.022194 0.022194 0.022194 0.025245 0.022194 0.022194 0.022194 0.022194 0.036897 0.022194
0.006990 0.004279 0.006702 0.004513 0.004513 0.005684 0.006262 0.008069 0.005345 0.005520 0.006250 0.004838 0.006250 0.006334 0.010036 0.008845 0.005345 0.006480 0.005437 0.004513 0.006683 0.007557 0.007557 0.003677 0.003972 0.261713 0.303555 0.007479 0.009157 0.006088 0.006936 0.010531 0.004804 0.006272 0.011420 0.007363 0.013887 0.334141 0.022194 0.029129 0.022194 0.025800 0.022194 0.022194 0.022194 0.022194 0.022194 0.022194 0.022194 0.024691 0.024413 0.024691 0.023026 0.022194 0.022194 0.022194 0.022194 0.022194 0.022194 0.026633 0.022194 0.022194 0.022194
0.007253 0.006569 0.005848 0.005696 0.004513 0.005553 0.011458 0.006940 0.006569 0.006159 0.006625 0.004758 0.006334 0.006334 0.006068 0.006510 0.009608 0.009608 0.004249 0.007578 0.006683 0.014628 0.005635 0.005635 0.006350 0.003972 0.242556 0.395725 0.056292 0.023300 0.009485 0.004249 0.003716 0.006510 0.006522 0.010531 0.268439 0.023304 0.030794 0.031349 0.241299 0.022194 0.022194 0.022194 0.022194 0.022194 0.360180 0.022194 0.024413 0.022194 0.022194 0.022194 0.022194 0.022194 0.022194 0.022194 0.022194 0.022194 0.022194 0.022194 0.022194 0.022194 0.024968
0.358645 0.009192 0.005907 0.005696 0.005768 0.006526 0.011458 0.005042 0.005371 0.007102 0.006497 0.008196 0.006702 0.006847 0.006148 0.004416 0.004416 0.005383 0.006250 0.006847 0.006068 0.007578 0.012033 0.007292 0.003972 0.003972 0.004515 0.370705 0.381701 0.013313 0.005520 0.010019 0.006307 0.011942 0.010559 0.007482 0.334141 0.395725 0.038569 0.375450 0.032458 0.022194 0.022194 0.022194 0.022194 0.024968 0.022194 0.022194 0.022194 0.023858 0.022194 0.022194 0.022194 0.022194 0.022194 0.022194 0.022194 0.022194 0.022194 0.022194 0.022194 0.022194 0.022194
0.016564 0.009488 0.006350 0.006408 0.008730 0.004513 0.008420 0.006183 0.006183 0.006377 0.006250 0.005738 0.009608 0.004804 0.006702 0.006138 0.009518 0.009587 0.006071 0.010679 0.007578 0.007578 0.014628 0.010747 0.008329 0.005696 0.006350 0.009601 0.360609 0.379928 0.392856 0.304331 0.006108 0.017441 0.006522 0.004339 0.006291 0.005242 0.024393 0.015192 0.258256 0.022194 0.022194 0.022194 0.022194 0.024968 0.022194 0.022194 0.022194 0.022194 0.029684 0.022194 0.022194 0.022194 0.022194 0.022194 0.022194 0.022194 0.022194 0.023581 0.022194 0.029962 0.022194
0.022194 0.016564 0.007578 0.011123 0.011123 0.006334 0.007102 0.005042 0.004638 0.007801 0.008717 0.006138 0.010611 0.004736 0.006413 0.004736 0.008834 0.010253 0.006408 0.006233 0.007333 0.007578 0.014628 0.014628 0.008329 0.005696 0.005709 0.005242 0.003972 0.005696 0.343499 0.022194 0.397722 0.153922 0.010209 0.005772 0.006683 0.010611 0.005996 0.025028 0.024857 0.022194 0.022471 0.022194 0.022194 0.022194 0.022194 0.022194 0.022194 0.022194 0.022194 0.022194 0.022194 0.022194 0.022194 0.022194 0.022194 0.364727 0.028297 0.022194 0.022194 0.022194 0.022194
0.015409 0.278596 0.009344 0.011123 0.006408 0.006847 0.011123 0.008717 0.009950 0.006260 0.008717 0.008833 0.006819 0.006847 0.005198 0.003677 0.010248 0.010253 0.008954 0.008753 0.008753 0.006847 0.011123 0.007578 0.005242 0.005995 0.005242 0.005696 0.005520 0.008026 0.380181 0.292848 0.396127 0.012087 0.007240 0.007665 0.006179 0.010175 0.005983 0.005996 0.013998 0.046906 0.253550 0.022194 0.022194 0.022194 0.022194 0.022194 0.022194 0.022194 0.026355 0.022194 0.022194 0.022194 0.022194 0.022194 0.022194 0.022194 0.022194 0.022194 0.022194 0.024968 0.022194
0.353113 0.353015 0.012258 0.020779 0.005698 0.011123 0.006159 0.013750 0.004280 0.006579 0.006991 0.012571 0.012571 0.006847 0.004513 0.003972 0.007578 0.010559 0.014464 0.006949 0.006574 0.006847 0.006702 0.007578 0.009969 0.006422 0.006350 0.006377 0.006377 0.006350 0.007117 0.373427 0.013787 0.038295 0.345175 0.041534 0.009030 0.009514 0.011277 0.004513 0.004513 0.004954 0.010024 0.084436 0.027465 0.022194 0.022194 0.022194 0.022194 0.022194 0.383550 0.022194 0.022194 0.022194 0.022194 0.022194 0.022194 0.026910 0.022194 0.022194 0.022194 0.022194 0.022194
0.353113 0.341953 0.392856 0.311714 0.006221 0.006221 0.011123 0.007492 0.008473 0.004454 0.007525 0.009187 0.004989 0.005709 0.006048 0.006408 0.005705 0.017855 0.006574 0.007333 0.004913 0.007578 0.007578 0.007578 0.005242 0.005995 0.005242 0.007678 0.006377 0.004513 0.005696 0.323327 0.004255 0.007849 0.050711 0.027533 0.278060 0.007383 0.010183 0.006814 0.007548 0.010559 0.295618 0.257090 0.397122 0.022194 0.029407 0.261863 0.009306 0.022194 0.399213 0.036065 0.024413 0.023581 0.022194 0.022194 0.022194 0.022194 0.022194 0.022194 0.022194 0.022194 0.024968
0.038295 0.013887 0.353113 0.341953 0.400865 0.321911 0.011123 0.007492 0.008259 0.009155 0.005504 0.007070 0.011647 0.006211 0.006048 0.005885 0.008753 0.007578 0.011123 0.007578 0.006847 0.007578 0.007311 0.008200 0.008200 0.022194 0.006085 0.006764 0.009578 0.006377 0.006560 0.005520 0.010611 0.012745 0.005705 0.091933 0.174839 0.359963 0.012628 0.022194 0.012138 0.123743 0.268439 0.270187 0.029962 0.399392 0.364727 0.026918 0.357858 0.377250 0.398002 0.022194 0.022194 0.036065 0.031349 0.022194 0.022194 0.022194 0.022194 0.024413 0.022194 0.022194 0.022194
0.038295 0.080258 0.363603 0.321911 0.022194 0.321911 0.006179 0.009518 0.005454 0.006183 0.005072 0.368190 0.321911 0.005659 0.007451 0.011123 0.005444 0.005444 0.007578 0.011123 0.011123 0.007578 0.003972 0.007444 0.004975 0.022194 0.005947 0.005995 0.009578 0.005520 0.005309 0.006068 0.006843 0.008267 0.007477 0.005242 0.304402 0.377573 0.022194 0.385238 0.022194 0.027465 0.182106 0.009990 0.009990 0.376908 0.375515 0.361873 0.399608 0.013563 0.349467 0.385476 0.022194 0.036065 0.213695 0.022194 0.022194 0.022194 0.022194 0.022194 0.022194 0.024968 0.022194
0.213175 0.018737 0.353113 0.024413 0.022194 0.400742 0.007500 0.010248 0.005861 0.005861 0.007299 0.016623 0.363603 0.321911 0.013174 0.006334 0.006159 0.006847 0.011123 0.004513 0.007578 0.006702 0.009969 0.005242 0.007645 0.005242 0.005242 0.005995 0.008415 0.005309 0.006250 0.005475 0.006843 0.005705 0.004804 0.004804 0.004804 0.049450 0.348235 0.346995 0.382574 0.027742 0.013263 0.114752 0.009949 0.351519 0.168422 0.022467 0.022194 0.399764 0.378530 0.399786 0.013363 0.022194 0.022194 0.022194 0.022194 0.022194 0.022194 0.022194 0.024691 0.022194 0.022194
0.007117 0.010962 0.199705 0.353113 0.327850 0.363102 0.321911 0.007564 0.006551 0.008473 0.007396 0.016623 0.353113 0.027226 0.013174 0.005444 0.017152 0.011123 0.011123 0.007578 0.007578 0.006233 0.009969 0.015347 0.005242 0.005242 0.005242 0.008329 0.006377 0.006649 0.006730 0.006377 0.007191 0.010303 0.006823 0.004736 0.004804 0.149296 0.362470 0.341953 0.378590 0.038839 0.351519 0.119919 0.253550 0.339155 0.029129 0.061716 0.048181 0.034647 0.398525 0.400814 0.022194 0.022194 0.022194 0.022194 0.022194 0.022194 0.022194 0.022194 0.022194 0.025245 0.024968
0.012805 0.009187 0.013513 0.009104 0.327850 0.392856 0.321911 0.012199 0.003972 0.007531 0.005783 0.283163 0.023304 0.353113 0.009832 0.014504 0.017455 0.010041 0.006159 0.011005 0.014628 0.014628 0.009485 0.013551 0.017855 0.007117 0.005242 0.009969 0.006847 0.006250 0.006250 0.006560 0.006560 0.004513 0.007578 0.004736 0.009868 0.021734 0.287090 0.334141 0.390935 0.378590 0.383114 0.370224 0.261713 0.023549 0.394610 0.324654 0.324654 0.029129 0.090469 0.340672 0.011369 0.393734 0.022194 0.022194 0.026633 0.022194 0.022194 0.022194 0.026078 0.022194 0.022194
0.008656 0.007544 0.213175 0.213175 0.321911 0.341953 0.012805 0.010024 0.008139 0.006350 0.213175 0.364727 0.378590 0.378590 0.123743 0.006495 0.009287 0.005866 0.007495 0.007451 0.007495 0.007557 0.007451 0.010531 0.007482 0.007532 0.009969 0.005826 0.008415 0.006250 0.006812 0.004012 0.004513 0.004513 0.004804 0.008311 0.009868 0.381883 0.378590 0.026910 0.301840 0.301840 0.394572 0.139813 0.400927 0.327225 0.400927 0.304331 0.020077 0.029129 0.029129 0.050082 0.372555 0.010031 0.338084 0.022194 0.022194 0.022194 0.022194 0.022194 0.025523 0.346995 0.022194
0.005134 0.010077 0.009786 0.011813 0.020679 0.213175 0.341953 0.007396 0.022194 0.006579 0.009971 0.295618 0.363603 0.022194 0.025800 0.006495 0.008351 0.011301 0.006799 0.007482 0.020579 0.010531 0.007451 0.153922 0.025690 0.022194 0.005826 0.005678 0.008126 0.006250 0.006560 0.006250 0.006250 0.006815 0.009519 0.007299 0.007233 0.011478 0.198768 0.400665 0.013563 0.294702 0.368050 0.388303 0.032623 0.172719 0.189136 0.020077 0.025252 0.400086 0.371299 0.033495 0.346814 0.371299 0.024691 0.022194 0.022194 0.036065 0.346995 0.022194 0.022194 0.015160 0.332602
0.004853 0.006812 0.007289 0.011123 0.009569 0.015827 0.006129 0.007546 0.022194 0.006551 0.007201 0.006056 0.390935 0.022194 0.022194 0.008833 0.005444 0.006088 0.013750 0.029959 0.020178 0.010559 0.010559 0.010093 0.022194 0.022194 0.004513 0.006148 0.006230 0.011277 0.006896 0.004374 0.007532 0.007290 0.009353 0.005885 0.009765 0.005475 0.215739 0.330828 0.255917 0.222984 0.383013 0.400371 0.385238 0.098537 0.175883 0.397084 0.019772 0.079195 0.364295 0.038284 0.038284 0.013213 0.022194 0.022194 0.028852 0.372365 0.007122 0.006696 0.007420 0.015160 0.015445
0.010077 0.007495 0.008845 0.006924 0.006680 0.008834 0.008082 0.005600 0.022194 0.005160 0.006692 0.006294 0.012841 0.022194 0.022194 0.010047 0.005444 0.005444 0.008467 0.009049 0.017721 0.012493 0.010343 0.007482 0.010248 0.022194 0.005497 0.003972 0.006203 0.006976 0.007069 0.007525 0.007290 0.006068 0.006814 0.008329 0.004804 0.006048 0.363102 0.038839 0.255917 0.360609 0.314784 0.396763 0.341953 0.341953 0.022194 0.353113 0.278596 0.035233 0.356684 0.375064 0.380425 0.341953 0.359023 0.014203 0.357858 0.297430 0.004513 0.009398 0.004617 0.005443 0.009247
0.006693 0.004979 0.006250 0.006383 0.014195 0.006138 0.005593 0.022194 0.005357 0.005303 0.005303 0.005047 0.007788 0.295618 0.022194 0.022194 0.009053 0.013500 0.007564 0.009049 0.020379 0.023047 0.009267 0.013401 0.005737 0.022194 0.005497 0.003972 0.006148 0.006976 0.004592 0.010442 0.009157 0.006068 0.006828 0.006833 0.005442 0.010611 0.006179 0.071532 0.400371 0.022194 0.174839 0.225683 0.015508 0.333165 0.029962 0.025800 0.029129 0.023111 0.387081 0.371181 0.213175 0.378590 0.261863 0.192076 0.005309 0.005400 0.005695 0.007799 0.004673 0.003599 0.005413
0.006401 0.006250 0.006250 0.004513 0.005280 0.011923 0.007495 0.022194 0.022194 0.003535 0.006164 0.005509 0.007788 0.280122 0.353113 0.353113 0.008687 0.005444 0.010052 0.017268 0.325953 0.022003 0.020579 0.083920 0.006445 0.006408 0.009758 0.005520 0.006148 0.006148 0.007557 0.006847 0.004513 0.011123 0.007495 0.009439 0.010611 0.010713 0.006557 0.008761 0.330828 0.027742 0.335464 0.255917 0.008806 0.288092 0.378590 0.022194 0.038839 0.025800 0.038284 0.022194 0.022194 0.022194 0.377908 0.007500 0.003964 0.003964 0.005362 0.009549 0.005191 0.004673 0.005413
