Example_Watersheds/WA_MashelWatershed/DataInputs/o_3_ChemistryPools/Mashel_1990_Pools/NO3_Pool_3.asc
ncols         923
nrows         455
xllcorner     550005.67551598
yllcorner     5180549.8134422
cellsize      30
NODATA_value  -9999
[rows 140 to 167 of 455, columns 441 to 503 of 923]
0.022194 0.022194 0.022194 0.022194 0.032458 0.016928 0.024742 0.015124 0.020977 0.176939 0.009151 0.269536 0.091933 0.044904 0.006071 0.005737 0.066982 0.217501 0.044904 0.024096 0.106857 0.044904 0.050082 0.132498 0.021272 0.070970 0.017268 0.009606 0.277019 0.126269 0.024742 0.010981 0.013800 0.372996 0.024914 0.353015 0.011758 0.006036 0.009835 0.004921 0.005704 0.005189 0.005799 0.004497 0.366575 0.014319 0.024275 0.009773 0.390935 0.026355 0.027840 0.019772 0.043366 0.231000 0.183125 0.346814 0.009973 0.013563 0.143406 0.153922 0.098078 0.044139 0.273854
0.022194 0.022194 0.022194 0.022194 0.022194 0.027840 0.090959 0.015124 0.044904 0.079728 0.352271 0.006138 0.014380 0.045157 0.045157 0.091933 0.007456 0.153922 0.009302 0.234914 0.195929 0.312492 0.044904 0.042847 0.022003 0.106857 0.044904 0.013763 0.010160 0.042324 0.072650 0.184139 0.202486 0.014380 0.083920 0.113449 0.008717 0.006422 0.005231 0.008061 0.005529 0.003678 0.003678 0.005206 0.010054 0.009979 0.014011 0.033495 0.182106 0.011923 0.207024 0.026910 0.009075 0.329684 0.160716 0.076502 0.016084 0.010110 0.231000 0.024096 0.098078 0.013775 0.310138
0.022194 0.022194 0.022194 0.022194 0.022194 0.022194 0.010303 0.010303 0.345175 0.044904 0.104187 0.034647 0.076502 0.024742 0.017383 0.007402 0.006605 0.165148 0.098078 0.003939 0.020878 0.039659 0.265107 0.106857 0.106857 0.106857 0.098078 0.011658 0.008761 0.017257 0.008274 0.109508 0.268439 0.016023 0.016023 0.006414 0.013887 0.017588 0.003327 0.006787 0.005264 0.005529 0.006679 0.006942 0.016277 0.327225 0.014011 0.013852 0.051339 0.010071 0.379396 0.382574 0.013688 0.329684 0.098078 0.304402 0.084436 0.014435 0.066982 0.099903 0.104187 0.106857 0.106857
0.022194 0.022194 0.022194 0.028297 0.022194 0.022194 0.028297 0.018209 0.043107 0.044904 0.076502 0.079195 0.176939 0.037188 0.076502 0.009993 0.016407 0.013213 0.073206 0.007778 0.039929 0.086983 0.014878 0.081314 0.116051 0.106857 0.289057 0.333165 0.048181 0.007525 0.004678 0.004343 0.006199 0.072650 0.028297 0.186152 0.015066 0.006414 0.003256 0.007822 0.005358 0.007816 0.004645 0.009835 0.272784 0.024510 0.037188 0.013261 0.016683 0.017788 0.008408 0.134955 0.015238 0.171652 0.024914 0.166244 0.020679 0.170580 0.252356 0.300972 0.021272 0.096222 0.044139
0.022194 0.022194 0.022194 0.022194 0.022194 0.022194 0.022194 0.022194 0.317013 0.044904 0.018841 0.079195 0.042062 0.176939 0.020878 0.010058 0.044904 0.013521 0.073206 0.009993 0.020878 0.259415 0.346814 0.044904 0.098078 0.106857 0.106857 0.171652 0.011360 0.012628 0.010062 0.232311 0.046906 0.005134 0.022194 0.035501 0.272784 0.023549 0.013413 0.021869 0.040735 0.009835 0.007778 0.023916 0.113449 0.378530 0.378530 0.023424 0.026910 0.020379 0.018315 0.015010 0.025307 0.370224 0.013675 0.024742 0.013688 0.296528 0.009734 0.010099 0.032623 0.089483 0.400742
0.022194 0.029962 0.022194 0.022194 0.022194 0.229412 0.022194 0.022194 0.081839 0.024742 0.195929 0.195929 0.047398 0.099903 0.025473 0.025473 0.224337 0.044904 0.009267 0.017670 0.044904 0.099450 0.024742 0.290966 0.014566 0.099903 0.034647 0.352271 0.021734 0.082363 0.010062 0.010037 0.013236 0.005750 0.098078 0.032915 0.036067 0.100354 0.217501 0.217501 0.044904 0.010011 0.016918 0.007809 0.027226 0.005720 0.383550 0.028297 0.149296 0.013852 0.018315 0.085970 0.281143 0.222984 0.015238 0.164048 0.021272 0.296528 0.017257 0.029056 0.036067 0.020077 0.009984
0.022194 0.032181 0.022194 0.022194 0.022194 0.022194 0.028297 0.336778 0.110827 0.010075 0.044904 0.044904 0.047398 0.079195 0.025196 0.076502 0.330828 0.043107 0.011958 0.046906 0.014941 0.059325 0.010500 0.015003 0.017670 0.025418 0.013936 0.023300 0.027840 0.082363 0.013115 0.013115 0.006109 0.011066 0.016144 0.214889 0.013899 0.088987 0.315534 0.176939 0.045157 0.191101 0.010689 0.016914 0.013735 0.015636 0.391056 0.398494 0.016863 0.016148 0.013912 0.044904 0.010046 0.013800 0.086478 0.027840 0.023858 0.387081 0.020077 0.009347 0.049450 0.012359 0.009700
0.364727 0.022194 0.022194 0.024413 0.022194 0.022194 0.022194 0.396803 0.110827 0.376557 0.106857 0.017556 0.044904 0.329684 0.099903 0.076502 0.022194 0.232311 0.325953 0.281143 0.007539 0.167336 0.010500 0.100354 0.011978 0.383279 0.046906 0.015465 0.023976 0.007083 0.009157 0.017613 0.014134 0.006693 0.007194 0.044650 0.073206 0.007487 0.006651 0.100354 0.029056 0.159596 0.383945 0.022401 0.317743 0.022194 0.022194 0.041534 0.299215 0.023487 0.020379 0.017455 0.013451 0.007048 0.016977 0.216584 0.009716 0.334141 0.012179 0.321973 0.006874 0.010013 0.008783
0.383945 0.022194 0.336778 0.022194 0.022194 0.022194 0.022194 0.022194 0.394572 0.028575 0.022194 0.176939 0.022749 0.044904 0.010803 0.010803 0.022194 0.022194 0.399608 0.015699 0.044904 0.021369 0.009188 0.006937 0.216584 0.024096 0.070970 0.206126 0.013421 0.255917 0.010062 0.009007 0.022269 0.009995 0.016601 0.007427 0.008887 0.006182 0.006736 0.195929 0.217501 0.176939 0.009999 0.009999 0.007255 0.151619 0.319180 0.022194 0.022194 0.022194 0.159596 0.041002 0.032037 0.044904 0.016977 0.013413 0.016473 0.187151 0.006978 0.013413 0.007537 0.010013 0.011647
0.022194 0.022194 0.022194 0.022194 0.022194 0.022194 0.022194 0.022194 0.022194 0.024413 0.029962 0.022194 0.022194 0.294702 0.029684 0.022194 0.022194 0.022194 0.330828 0.195929 0.009188 0.315534 0.008753 0.010803 0.005611 0.238766 0.100354 0.361245 0.327850 0.009648 0.041798 0.010419 0.006803 0.009995 0.072650 0.072650 0.014086 0.006978 0.006761 0.043366 0.039659 0.096689 0.017613 0.396430 0.282156 0.325953 0.366951 0.319180 0.358645 0.022194 0.047398 0.010689 0.008985 0.009986 0.013388 0.014504 0.010044 0.011898 0.011576 0.011978 0.010110 0.010256 0.004093
0.023858 0.022194 0.028297 0.022194 0.022194 0.022194 0.022194 0.022194 0.022194 0.022194 0.022194 0.036065 0.022194 0.022194 0.022194 0.024968 0.022194 0.022194 0.330872 0.195929 0.009578 0.009267 0.059325 0.010500 0.187151 0.073206 0.100354 0.333721 0.010023 0.017268 0.309339 0.018315 0.011144 0.005350 0.013638 0.009845 0.009477 0.004476 0.006891 0.192076 0.046659 0.063489 0.014592 0.013261 0.011758 0.013526 0.369223 0.039671 0.307721 0.022194 0.094335 0.022194 0.044904 0.195929 0.165148 0.013601 0.005698 0.054449 0.006474 0.008323 0.232311 0.010824 0.010847
0.022194 0.026078 0.022194 0.379599 0.022194 0.022194 0.022194 0.022194 0.028297 0.022194 0.022194 0.022194 0.022194 0.022194 0.026078 0.022194 0.389360 0.300972 0.005659 0.009097 0.006199 0.073206 0.234914 0.006342 0.010500 0.064076 0.378827 0.009256 0.009716 0.017323 0.105525 0.398969 0.019975 0.113449 0.017257 0.015352 0.009981 0.014666 0.005260 0.059925 0.227023 0.053211 0.180054 0.007444 0.259415 0.282156 0.039388 0.039388 0.102845 0.053211 0.343499 0.022194 0.023858 0.173782 0.013326 0.005925 0.009940 0.014781 0.006474 0.015409 0.006160 0.006195 0.010013
0.022194 0.022194 0.022194 0.023858 0.336441 0.022194 0.022194 0.022194 0.357858 0.022194 0.022194 0.022194 0.022194 0.022194 0.022194 0.374473 0.034933 0.010064 0.009993 0.006872 0.035785 0.010058 0.006164 0.011718 0.013961 0.214035 0.121199 0.006627 0.015465 0.065244 0.368711 0.064661 0.049450 0.044904 0.010459 0.006342 0.006497 0.014666 0.010419 0.010419 0.187151 0.078123 0.253550 0.040735 0.217501 0.217501 0.277019 0.191101 0.089483 0.016473 0.381701 0.022194 0.062309 0.097617 0.025690 0.010256 0.006429 0.013700 0.005035 0.017922 0.010948 0.006414 0.016144
0.022194 0.022194 0.022194 0.022194 0.022194 0.022194 0.028297 0.022194 0.022194 0.022194 0.022194 0.022194 0.022194 0.022194 0.028575 0.022194 0.034933 0.013651 0.014846 0.013874 0.013551 0.013209 0.009401 0.011718 0.011123 0.008526 0.007733 0.023362 0.238766 0.044904 0.368711 0.008274 0.008274 0.291911 0.007699 0.045157 0.006599 0.006194 0.345747 0.013104 0.391957 0.200637 0.045410 0.027840 0.005802 0.118635 0.085970 0.159596 0.091447 0.021598 0.400675 0.009508 0.156206 0.067558 0.023362 0.042324 0.010064 0.036909 0.007308 0.005820 0.011306 0.013113 0.039929
0.022194 0.022194 0.022194 0.022194 0.029962 0.022194 0.028297 0.022194 0.022194 0.022194 0.022194 0.022194 0.022194 0.022194 0.360180 0.012320 0.017613 0.009187 0.009993 0.017125 0.014895 0.191101 0.015255 0.017788 0.159596 0.007083 0.038007 0.013538 0.222984 0.122473 0.012990 0.362492 0.057511 0.006183 0.045157 0.035788 0.007227 0.004661 0.152773 0.007834 0.045157 0.032736 0.338259 0.364879 0.013363 0.288092 0.011420 0.021734 0.016473 0.013986 0.195929 0.216584 0.300097 0.023672 0.037466 0.080787 0.013347 0.005303 0.022003 0.010014 0.006836 0.013651 0.039929
0.022194 0.022194 0.022194 0.022194 0.022194 0.022194 0.022194 0.357858 0.022194 0.390147 0.022194 0.397122 0.025523 0.344342 0.037730 0.012727 0.012727 0.011813 0.009993 0.008200 0.005572 0.009401 0.011480 0.290966 0.024742 0.292848 0.203403 0.024742 0.020679 0.075411 0.038019 0.022194 0.281143 0.027840 0.333721 0.187151 0.005789 0.009773 0.325307 0.022194 0.022194 0.032736 0.342648 0.269536 0.269536 0.015840 0.203403 0.024742 0.013936 0.203403 0.014442 0.345999 0.021272 0.025690 0.306075 0.080787 0.013852 0.145776 0.034360 0.022194 0.047643 0.011005 0.022137
0.022194 0.022194 0.022194 0.022194 0.022194 0.022194 0.022194 0.022194 0.022194 0.083403 0.022194 0.345999 0.288092 0.010365 0.378530 0.377584 0.294702 0.024334 0.013763 0.009981 0.005572 0.015010 0.098078 0.114752 0.308534 0.025140 0.020977 0.024742 0.291911 0.046162 0.009852 0.022194 0.031071 0.022194 0.333721 0.009416 0.009416 0.010393 0.274916 0.390147 0.022194 0.391434 0.347621 0.337355 0.028020 0.070970 0.203403 0.026918 0.088987 0.006901 0.010514 0.018632 0.203403 0.203403 0.203403 0.014380 0.009930 0.203403 0.009791 0.019669 0.022194 0.047643 0.398002
0.022194 0.022194 0.022194 0.024691 0.022194 0.022194 0.022194 0.022194 0.022194 0.022194 0.022194 0.022194 0.356684 0.010365 0.023111 0.073206 0.361245 0.009915 0.024393 0.013750 0.008948 0.003503 0.126269 0.379666 0.009847 0.016019 0.302701 0.013912 0.101697 0.287120 0.346814 0.297430 0.034123 0.345175 0.333721 0.010059 0.019361 0.005455 0.400485 0.022194 0.022194 0.352271 0.022194 0.022194 0.383550 0.037466 0.011066 0.203403 0.203403 0.377584 0.145776 0.377584 0.132498 0.035501 0.203403 0.006826 0.189136 0.012681 0.011313 0.361245 0.053211 0.010034 0.310929
0.022194 0.022194 0.022194 0.022194 0.022194 0.022194 0.022194 0.022194 0.022194 0.022194 0.022194 0.022194 0.022194 0.017498 0.016504 0.209690 0.009353 0.016019 0.005260 0.007519 0.009835 0.003947 0.003572 0.355193 0.005774 0.042847 0.013351 0.170580 0.075411 0.022856 0.016504 0.023858 0.022194 0.012734 0.048181 0.010059 0.010476 0.022194 0.022194 0.022194 0.022194 0.022194 0.022194 0.022194 0.022194 0.037466 0.022194 0.034678 0.034678 0.022194 0.283163 0.009856 0.080258 0.080258 0.203403 0.261713 0.310929 0.127524 0.145776 0.361245 0.030517 0.022194 0.032623
0.022194 0.022194 0.022194 0.022194 0.022194 0.022194 0.368050 0.022194 0.022194 0.022194 0.022194 0.022194 0.022194 0.022194 0.022194 0.022194 0.172719 0.079195 0.062900 0.005672 0.007631 0.009539 0.014142 0.009807 0.005774 0.014691 0.027533 0.013852 0.067558 0.018841 0.073206 0.023858 0.189136 0.022194 0.010974 0.007787 0.007548 0.022194 0.022194 0.022194 0.022194 0.022194 0.010143 0.017896 0.022194 0.028297 0.022194 0.252356 0.029407 0.009700 0.006448 0.006034 0.035788 0.017674 0.025363 0.027226 0.013800 0.015636 0.307721 0.321973 0.285155 0.359963 0.037466
0.022194 0.022194 0.022194 0.022194 0.022194 0.022194 0.022194 0.022194 0.022194 0.022194 0.022194 0.022194 0.022194 0.022194 0.009363 0.174839 0.005802 0.079195 0.099450 0.017655 0.010427 0.009282 0.009646 0.006961 0.009697 0.283163 0.381312 0.007523 0.025252 0.038295 0.370224 0.203403 0.009986 0.009986 0.010078 0.023111 0.013451 0.011640 0.005740 0.013463 0.005405 0.006408 0.095283 0.011386 0.025245 0.022194 0.022194 0.022194 0.017522 0.030794 0.023111 0.010343 0.377908 0.028297 0.014077 0.025140 0.037188 0.065244 0.327225 0.022194 0.022194 0.022194 0.042062
0.022194 0.022194 0.022194 0.022194 0.022194 0.022194 0.022194 0.022194 0.022194 0.022194 0.022194 0.319180 0.022194 0.013545 0.162942 0.021530 0.016325 0.013438 0.301840 0.183276 0.059925 0.008998 0.005429 0.013526 0.008894 0.011301 0.121199 0.022194 0.022194 0.008794 0.013363 0.263983 0.017323 0.009915 0.022727 0.077585 0.010040 0.006108 0.010343 0.012493 0.005583 0.006978 0.013899 0.009951 0.260567 0.022194 0.013961 0.031626 0.132498 0.030794 0.012628 0.336441 0.336441 0.010169 0.010887 0.014719 0.374668 0.005707 0.095754 0.022194 0.017389 0.007135 0.035788
0.022194 0.022194 0.022194 0.022194 0.022194 0.022194 0.022194 0.022194 0.022194 0.022194 0.319889 0.023487 0.356684 0.012574 0.044904 0.024742 0.040468 0.040468 0.045410 0.162942 0.301840 0.009550 0.021075 0.007477 0.006392 0.283163 0.033568 0.022194 0.022194 0.019258 0.015160 0.016583 0.019050 0.009502 0.008687 0.077585 0.050711 0.017458 0.007976 0.007493 0.011813 0.006733 0.013899 0.007934 0.008774 0.008774 0.009983 0.198316 0.035510 0.026078 0.013365 0.036629 0.009416 0.013713 0.011466 0.014319 0.022401 0.009151 0.030517 0.009306 0.009927 0.013051 0.017670
0.022194 0.028297 0.025523 0.022194 0.022194 0.022194 0.022194 0.022194 0.022194 0.022194 0.022194 0.022194 0.022194 0.005980 0.087989 0.161831 0.043107 0.022727 0.009985 0.021530 0.315534 0.009550 0.399608 0.005726 0.012623 0.015003 0.017059 0.022194 0.186152 0.009097 0.009053 0.227023 0.139813 0.204316 0.010531 0.015578 0.010005 0.010005 0.027840 0.010011 0.010060 0.007553 0.010011 0.005989 0.009868 0.013738 0.005996 0.007687 0.166244 0.330872 0.371648 0.010041 0.014895 0.220256 0.022194 0.014271 0.323994 0.022194 0.353113 0.006200 0.031071 0.007564 0.004678
0.022194 0.022194 0.022194 0.022194 0.022194 0.027187 0.022194 0.022194 0.022194 0.022194 0.022194 0.022194 0.018009 0.016804 0.096222 0.035510 0.301840 0.013850 0.023111 0.162942 0.013924 0.031349 0.017455 0.009165 0.010459 0.381103 0.013501 0.009994 0.007491 0.005983 0.011367 0.005553 0.010516 0.044904 0.207918 0.196880 0.004557 0.005705 0.007247 0.007135 0.008938 0.005320 0.016325 0.005405 0.015445 0.006733 0.010060 0.011718 0.015962 0.081314 0.183276 0.400675 0.117345 0.220256 0.161831 0.005376 0.007809 0.200637 0.022194 0.377573 0.013300 0.025028 0.006751
0.399608 0.022194 0.022194 0.022194 0.022194 0.022194 0.022194 0.319889 0.022194 0.022194 0.022194 0.022194 0.151619 0.035788 0.027840 0.016471 0.006525 0.317013 0.010032 0.030259 0.325953 0.325953 0.015238 0.025473 0.009718 0.014666 0.005445 0.380599 0.010827 0.007472 0.009601 0.015916 0.010516 0.003779 0.116051 0.007564 0.016385 0.017458 0.082884 0.007135 0.142213 0.009845 0.015223 0.014077 0.023047 0.084436 0.010060 0.010016 0.366575 0.366575 0.126269 0.385238 0.028450 0.334812 0.160716 0.018421 0.013638 0.022194 0.022194 0.200637 0.010477 0.020178 0.211442
0.022194 0.022194 0.022194 0.022194 0.022194 0.319889 0.022194 0.022194 0.022194 0.022194 0.022194 0.332602 0.022194 0.183276 0.183276 0.013735 0.270626 0.009716 0.013500 0.016265 0.005296 0.009992 0.394572 0.013787 0.378223 0.014666 0.022194 0.006743 0.006638 0.027226 0.011051 0.013812 0.015347 0.012259 0.012033 0.011369 0.013750 0.301840 0.006199 0.014878 0.043366 0.043366 0.059925 0.015238 0.027187 0.217501 0.036342 0.345747 0.016504 0.100354 0.064076 0.019361 0.024800 0.400859 0.010244 0.005190 0.010881 0.006560 0.022194 0.009174 0.023487 0.016362 0.009683
0.022194 0.022194 0.022194 0.022194 0.022194 0.022194 0.022194 0.022194 0.022194 0.022194 0.022194 0.100354 0.006542 0.301840 0.301840 0.392856 0.016667 0.009132 0.009420 0.068703 0.008771 0.006787 0.400675 0.004406 0.009140 0.008169 0.022194 0.013424 0.022471 0.022194 0.025363 0.015409 0.015010 0.016385 0.010803 0.014666 0.009233 0.013601 0.016385 0.007938 0.004669 0.016023 0.090469 0.022194 0.022194 0.026355 0.023304 0.011413 0.008351 0.204316 0.048181 0.013500 0.013613 0.367122 0.050711 0.234914 0.399951 0.006560 0.007468 0.016473 0.287090 0.340672 0.400751
