Example_Watersheds/WA_MashelWatershed/DataInputs/o_3_ChemistryPools/Mashel_1990_Pools/NO3_Pool_1.asc
ncols         923
nrows         455
xllcorner     550005.67551598
yllcorner     5180549.8134422
cellsize      30
NODATA_value  -9999
[rows 84 to 111 of 455, columns 63 to 125 of 923]
0.394476 0.394476 0.394476 0.394476 0.394476 0.394476 0.394476 0.394476 0.394476 0.394476 0.394476 0.394476 0.394476 0.394476 0.434313 0.394476 0.169682 0.177057 0.446612 0.394476 0.394476 0.394476 0.394476 0.616368 0.581852 0.138404 0.097028 0.176486 0.205953 0.205953 0.190993 0.102166 0.173484 0.117764 0.240991 0.111143 0.102878 0.183335 0.109906 0.177084 0.420373 5.301952 6.988733 0.394476 0.394476 0.394476 0.394476 0.394476 0.394476 0.385753 0.083430 0.158456 0.116506 0.159857 0.191321 0.113503 0.099738 0.439504 0.199506 0.081112 0.182555 0.182555 0.164673
0.394476 0.394476 0.394476 0.394476 0.394476 0.394476 0.394476 0.394476 0.394476 0.394476 0.394476 0.394476 0.394476 0.394476 0.394476 0.394476 0.169682 0.394476 0.394476 0.394476 0.111349 0.394476 0.394476 0.616368 0.394476 0.127797 0.127797 0.183294 0.095616 0.176350 0.155172 0.117527 0.173484 0.161389 0.137805 0.394476 0.177456 0.090132 0.170352 0.240079 0.158807 7.148900 0.102981 0.394476 0.394476 0.394476 0.394476 0.394476 0.394476 0.394476 0.139074 0.130958 0.116210 0.352654 0.352654 0.394476 0.114948 0.113333 0.100550 0.111577 0.129111 0.222682 0.394476
0.394476 0.394476 0.394476 0.394476 0.394476 0.394476 0.394476 0.394476 0.394476 0.394476 0.394476 0.394476 0.394476 0.394476 0.394476 0.394476 0.118777 0.083866 0.083866 0.116871 0.065705 0.156761 0.184870 0.478302 0.109466 0.092477 0.175153 0.103952 0.136645 0.155520 0.105491 0.183000 0.124205 0.077307 0.394476 0.489278 0.394476 0.394476 0.321168 0.181885 0.159158 0.159158 0.394476 0.394476 0.394476 0.394476 0.394476 0.409268 0.394476 0.394476 0.453647 0.115018 0.233640 0.157044 2.112736 0.394476 0.115434 0.083189 0.090694 0.122216 0.235774 0.106003 0.394476
0.394476 0.394476 0.394476 0.394476 0.394476 0.394476 0.394476 0.394476 0.394476 0.394476 0.394476 0.394476 0.394476 0.394476 0.394476 0.394476 0.075396 0.114532 0.095358 0.096606 0.394476 0.394476 0.394476 5.909288 0.394476 0.111119 0.074739 0.099442 0.073707 0.133087 0.119403 0.155520 0.183000 0.112526 0.394476 1.475478 0.190904 0.177456 0.112283 0.186930 0.188813 6.418428 6.712619 7.013837 0.394476 0.099722 7.148900 0.601575 0.394476 6.807023 1.140318 0.111913 0.119714 0.116787 0.235555 0.235774 0.130342 0.093331 0.195167 0.100242 0.103633 0.394476 0.394476
0.394476 0.394476 0.394476 0.394476 0.394476 0.394476 0.394476 0.394476 0.394476 0.394476 0.394476 0.394476 0.394476 0.394476 0.394476 0.394476 0.112923 0.096606 0.097522 0.147015 0.394476 0.394476 0.394476 0.394476 0.394476 0.292765 0.162450 0.099442 0.133919 0.170234 0.170234 0.061391 0.106336 0.110866 0.171468 0.394476 0.170352 0.247094 0.176890 0.172695 0.287046 0.695591 0.098697 0.115111 0.258020 0.242541 7.149572 2.823014 0.394476 7.086581 0.242809 0.171965 0.239928 0.284285 0.347201 0.167729 0.105722 0.121388 0.121388 0.156056 0.187177 0.099211 0.394476
0.394476 0.394476 0.394476 0.394476 0.394476 0.394476 0.394476 0.394476 0.394476 0.394476 0.394476 0.394476 0.636092 0.394476 0.394476 0.394476 0.130233 0.441554 0.233640 0.394476 0.394476 0.394476 0.394476 0.394476 0.315768 5.570775 0.110047 0.349024 0.118023 0.133919 0.141153 0.115063 0.095358 0.133919 0.075044 0.394476 0.394476 0.170687 0.102793 0.253609 0.132478 0.122462 0.098697 0.114196 0.132004 0.150228 0.106865 0.394476 0.478302 4.085484 4.085484 6.712619 0.260169 0.130946 0.427959 0.119616 0.081902 0.090616 0.167404 0.156056 0.394476 0.156138 0.394476
0.394476 0.394476 0.394476 0.394476 0.394476 0.394476 0.394476 0.394476 0.394476 0.394476 0.394476 0.394476 0.394476 0.394476 0.098697 0.098697 0.234061 0.394476 0.176775 0.441554 0.631161 0.394476 0.394476 0.394476 0.122576 0.094130 0.100550 0.118777 0.100550 0.100550 0.067244 0.085217 0.113333 0.183414 0.147804 0.099010 0.083866 0.117328 0.102793 0.343542 0.176744 0.098697 0.271253 0.119532 0.090723 0.164196 0.121981 0.394476 3.813762 0.409212 7.036411 0.176804 0.122448 0.195908 0.182555 0.116208 0.414199 0.153497 0.098525 0.512818 0.394476 0.394476 4.918969
0.394476 0.394476 0.394476 0.394476 0.394476 0.394476 0.394476 0.394476 0.394476 0.394476 0.394476 0.394476 0.394476 0.394476 0.394476 0.394476 0.394476 0.394476 0.161247 0.177420 5.959532 0.394476 0.394476 0.394476 0.122576 0.394476 0.120543 0.179443 0.162981 0.590310 0.111143 0.085217 0.144851 0.122216 0.144851 0.122576 0.332444 0.177420 2.403736 0.177345 0.174748 0.123531 0.176744 0.151257 0.121356 0.185235 0.122462 0.394476 0.398843 7.134488 0.394476 0.278298 0.222381 0.110329 0.174533 0.119280 0.394476 0.394476 5.047321 0.106727 0.394476 0.394476 0.394476
0.394476 0.394476 0.394476 0.394476 0.394476 0.394476 0.394476 0.394476 0.394476 0.394476 0.394476 0.394476 0.394476 0.394476 0.394476 0.394476 0.394476 0.394476 0.394476 0.394476 0.394476 0.394476 0.394476 0.394476 0.394476 0.394476 0.114310 0.114310 6.506249 0.631208 0.251840 0.251840 1.293106 0.590310 0.122576 0.483233 0.272658 0.095738 0.125090 0.107163 0.166695 0.180598 0.112964 0.114112 0.270137 0.126231 0.434313 0.235117 0.270137 0.240800 0.394476 0.406935 0.177939 0.394476 0.394476 0.394476 4.209333 6.345873 5.702804 0.394476 0.394476 0.394476 0.394476
6.962535 0.446612 0.394476 0.394476 0.394476 0.394476 0.394476 0.394476 0.394476 0.394476 0.394476 0.394476 0.394476 0.394476 0.394476 0.394476 0.394476 0.394476 0.394476 0.394476 0.394476 0.394476 0.394476 0.394476 0.394476 0.394476 0.087893 0.394476 0.372264 0.233640 0.394476 0.394476 6.212203 0.174533 5.584534 6.024649 4.227967 0.394476 0.174533 0.111913 0.182401 0.244495 0.112964 0.176600 0.253609 0.590310 0.090853 0.090853 0.590310 2.293535 3.859218 2.315748 0.429027 0.295064 0.394476 0.394476 0.394476 0.394476 0.394476 0.394476 0.394476 0.574722 0.300033
0.631161 1.150746 0.394476 0.394476 0.394476 0.394476 0.394476 0.394476 0.394476 0.394476 0.394476 0.394476 0.394476 0.394476 0.394476 0.394476 0.394476 0.394476 0.394476 0.394476 0.394476 0.394476 0.394476 0.394476 0.394476 0.394476 0.179393 0.394476 0.372264 5.625071 0.394476 0.394476 0.394476 6.730975 0.394476 6.024649 0.394476 0.655816 0.394476 0.512818 0.129671 0.171468 5.203439 0.122576 0.175153 0.120163 1.212587 0.177919 0.270137 0.789625 0.235117 0.238182 1.171498 0.330577 0.268238 0.421468 0.394476 0.361642 0.394476 0.207844 0.394476 0.394476 0.394476
6.953187 0.631161 0.394476 0.394476 0.394476 0.394476 0.394476 0.394476 0.394476 0.394476 0.394476 0.394476 0.394476 0.394476 0.394476 0.394476 0.394476 0.394476 0.394476 0.394476 0.394476 0.394476 0.394476 0.394476 0.394476 0.394476 0.394476 0.394476 0.394476 0.394476 0.394476 0.394476 0.394476 0.394476 0.394476 0.394476 0.394476 0.394476 0.394476 0.394476 0.161783 3.859218 6.474511 0.123904 0.165350 0.370506 0.789625 0.789625 0.272370 0.273757 0.198336 0.286761 0.440531 0.101073 0.198336 0.394476 0.113374 0.394476 0.394476 0.394476 0.394476 0.394476 0.394476
0.924506 1.161139 5.954192 2.315748 3.226188 5.930414 0.394476 0.394476 0.394476 0.394476 0.394476 0.394476 0.394476 0.394476 0.394476 0.394476 0.394476 0.394476 0.394476 0.394476 0.394476 0.394476 0.394476 0.394476 0.394476 0.394476 0.394476 0.394476 0.394476 0.394476 0.394476 0.394476 0.394476 0.394476 0.394476 0.394476 0.394476 0.394476 0.394476 0.394476 0.174797 0.093958 0.112810 0.109988 0.123904 0.176744 0.789625 0.103711 0.111061 0.090853 0.394476 0.394476 0.116770 0.082862 0.394476 0.394476 0.394476 0.394476 0.394476 0.394476 0.394476 0.394476 0.394476
0.273757 0.098697 0.729195 0.729195 0.177164 0.131805 0.394476 0.394476 0.218973 0.394476 0.394476 0.394476 0.394476 0.171713 0.394476 5.930414 5.930414 0.394476 0.394476 0.394476 0.394476 0.394476 0.394476 0.394476 0.394476 0.394476 0.394476 0.394476 0.394476 0.394476 0.394476 0.242975 0.394476 0.394476 0.394476 0.394476 0.394476 0.394476 0.394476 0.394476 0.441554 0.317233 0.107364 0.394476 0.394476 0.394476 0.120354 0.120354 0.069131 0.105491 0.100550 0.394476 0.122216 0.394476 0.105368 0.394476 0.394476 0.394476 0.394476 0.394476 0.394476 0.394476 0.394476
1.802799 4.277700 0.098697 0.163966 0.307788 1.770694 0.729195 0.729195 0.729195 0.098697 0.394476 0.394476 2.468823 0.394476 0.111143 0.273757 3.226188 0.502956 0.394476 0.394476 0.394476 0.394476 0.394476 0.394476 0.394476 0.394476 0.394476 0.394476 0.394476 0.394476 0.394476 0.394476 0.394476 0.394476 0.394476 0.394476 0.394476 0.224277 0.394476 0.394476 0.394476 0.394476 0.394476 0.394476 0.394476 0.394476 0.394476 0.394476 0.441554 0.176536 0.394476 0.394476 0.081166 0.098697 0.394476 0.093779 0.394476 0.172695 0.140339 0.111143 0.394136 0.394476 0.394476
0.710084 0.198336 5.877657 0.263780 0.098697 0.729195 0.729195 0.729195 0.271253 0.339862 0.394476 0.394476 0.307788 0.394476 0.394476 0.098697 0.178000 2.359914 0.650885 2.942081 0.269347 0.394476 0.394476 0.394476 0.394476 0.394476 0.394476 0.394476 0.394476 0.394476 0.394476 0.394476 0.394476 0.394476 0.394476 0.394476 0.394476 0.394476 0.394476 0.394476 0.394476 0.394476 0.394476 0.394476 0.394476 0.394476 0.394476 0.394476 0.114135 0.441554 0.394476 0.184897 0.394476 0.394476 0.394476 0.394476 0.149178 0.144851 0.111913 0.394476 0.181271 6.708539 0.394476
2.020270 0.198336 0.391760 0.098697 0.178000 0.135870 0.729195 0.241440 0.729195 0.267911 0.263780 0.199026 0.307788 0.314765 0.215202 0.099081 0.107364 0.107364 0.924506 0.913353 0.913353 5.930414 5.735908 0.394476 0.394476 0.394476 0.394476 6.183557 0.394476 0.394476 0.394476 0.394476 0.394476 0.394476 0.394476 0.394476 0.394476 0.394476 0.394476 0.394476 0.394476 0.394476 0.394476 0.394476 0.394476 0.394476 0.394476 0.394476 0.394476 0.394476 0.394476 0.394476 0.394476 0.394476 0.394476 0.394476 0.177859 0.181578 0.394476 0.394476 0.394476 0.394476 0.394476
0.120171 0.177518 0.724440 0.139314 0.218566 0.164985 0.305491 1.557510 0.390566 0.305491 0.241440 0.306648 0.107364 0.307788 0.339862 0.729195 3.844152 0.307788 0.307788 0.178000 0.188957 0.345374 5.735908 1.150746 0.394476 0.394476 0.394476 5.898868 0.394476 6.183557 0.394476 0.394476 0.394476 0.394476 0.394476 0.394476 0.394476 0.394476 0.394476 0.394476 0.394476 0.394476 0.394476 0.394476 0.394476 0.394476 0.394476 0.394476 0.394476 0.394476 0.394476 0.394476 0.394476 0.394476 0.394476 0.161938 0.394476 0.394476 0.394476 0.394476 0.394476 0.341704 0.394476
0.116200 0.177518 0.417064 0.116200 0.116200 0.298082 1.428695 2.020270 0.291019 0.102683 0.093958 0.461778 0.118861 1.628079 0.249250 3.844152 0.307788 0.107364 0.924506 0.132752 0.093958 0.100400 1.098261 7.149340 0.394476 0.394476 0.394476 0.394476 0.394476 0.394476 0.409212 6.183557 6.183557 0.394476 0.394476 0.394476 0.394476 0.394476 0.394476 0.394476 0.394476 0.394476 0.394476 0.394476 0.394476 0.394476 0.394476 0.394476 0.394476 0.394476 0.394476 0.394476 0.394476 0.394476 0.394476 0.394476 0.394476 0.394476 0.394476 0.394476 0.394476 0.394476 0.394476
0.449601 0.134599 0.119477 0.107810 0.242323 0.115381 0.164923 0.151006 0.167801 0.115429 0.070758 0.165704 0.140677 0.187949 0.093958 0.729195 0.307788 0.132498 0.924506 0.307788 0.083089 0.263477 0.177726 1.521397 1.521397 6.240211 6.765746 0.394476 0.394476 0.394476 0.394476 0.394476 0.394476 0.394476 6.183557 0.394476 0.394476 0.394476 0.394476 0.394476 0.394476 0.394476 0.394476 0.394476 0.394476 0.394476 0.394476 0.394476 0.394476 0.394476 0.394476 0.394476 0.394476 0.394476 0.394476 0.394476 0.394476 0.394476 0.394476 0.394476 0.394476 0.394476 0.394476
0.183000 0.237744 0.176350 0.171651 0.095093 0.072554 0.182837 0.140702 0.108268 0.072554 0.130254 0.158405 0.124750 0.118257 0.163478 3.298678 0.099081 0.099081 0.307788 0.172289 0.144851 0.114121 0.119742 0.118553 0.147621 1.371415 6.765746 6.536553 0.394476 0.394476 0.394476 0.394476 0.394476 0.394476 0.394476 0.394476 0.394476 6.560493 0.394476 0.135151 0.203984 0.394476 0.394476 0.394476 0.394476 0.394476 0.394476 0.394476 0.394476 0.394476 0.394476 0.394476 0.394476 0.394476 0.394476 0.394476 0.394476 0.394476 0.394476 0.394476 0.394476 0.394476 0.394476
0.097718 0.097718 0.176350 0.172483 0.129328 0.072554 0.065583 0.133216 0.122462 0.122462 0.125552 0.184023 0.112716 0.176536 0.112716 0.202522 0.267911 0.267911 0.241440 0.307788 0.142920 0.113426 0.129347 0.139541 0.132044 1.628079 6.463613 5.977824 0.601575 0.394476 0.394476 0.394476 0.394476 0.394476 0.394476 0.394476 0.394476 0.394476 0.394476 0.394476 0.394476 0.394476 0.394476 0.394476 0.394476 0.394476 0.394476 0.394476 0.394476 0.394476 0.394476 0.394476 0.394476 0.394476 0.394476 0.394476 0.394476 0.394476 0.394476 0.394476 0.394476 0.394476 0.394476
0.090063 0.090063 0.091696 0.240991 0.123233 0.177635 0.127175 0.096643 0.115381 0.117998 0.132202 0.093150 0.143575 0.113575 0.241888 0.202522 0.197030 0.680961 0.107678 0.307788 0.117262 0.180654 0.151606 0.109653 0.119478 0.314872 0.112664 0.217589 6.418428 6.418428 0.185679 0.660747 0.394476 0.394476 0.394476 0.394476 0.394476 0.394476 0.394476 0.394476 0.394476 0.394476 0.394476 0.394476 0.394476 0.394476 0.394476 0.394476 0.394476 0.394476 0.394476 0.394476 0.394476 0.394476 0.394476 0.394476 0.394476 0.394476 0.394476 0.394476 0.394476 0.394476 0.394476
0.171651 0.171651 0.122462 0.794167 0.095891 0.100930 0.083401 0.137805 0.171651 0.256876 0.072554 0.115381 0.093313 0.111289 0.184933 0.173484 0.100061 0.169314 0.202522 0.180654 0.170687 0.170687 0.157290 0.139541 0.129897 0.177959 0.249250 0.178000 0.150438 0.113847 0.185679 0.131323 0.099211 0.394476 0.394476 0.394476 0.394476 0.394476 0.394476 0.394476 0.394476 0.394476 0.394476 0.394476 0.394476 0.394476 0.394476 0.394476 0.394476 0.394476 0.527611 0.394476 6.730975 6.024649 0.394476 0.394476 2.468823 3.720526 0.394476 0.394476 0.394476 0.394476 0.394476
0.172483 0.171651 0.167030 0.122462 0.083401 0.099749 0.176082 0.078294 0.144082 0.256876 0.160145 0.108777 0.162109 0.121388 0.177636 0.114862 0.169837 0.134757 0.169314 0.098191 0.089972 0.121362 0.119201 0.170234 0.203060 0.176775 0.132123 0.437439 0.167948 0.150438 0.306648 0.132360 0.058293 0.394476 0.280238 0.719670 0.394476 0.394476 0.394476 0.394476 0.394476 0.394476 0.394476 0.394476 0.394476 0.394476 0.394476 6.070887 0.394476 0.685401 6.730975 6.730975 6.024649 3.720526 0.394476 0.224277 0.280238 0.113255 0.968774 0.443588 2.158453 5.930414 0.394476
0.166400 0.106328 0.167030 0.171651 0.094126 0.094126 0.093780 0.162689 0.095093 0.155520 1.001613 0.155850 0.098525 0.234897 0.172611 0.129696 0.169837 0.092641 0.201819 0.180654 0.179106 0.117126 0.117126 0.102897 0.093779 0.241018 0.287046 0.098697 0.165387 0.190904 0.379247 0.116669 0.132123 0.132123 0.168692 0.114042 0.108637 2.425518 0.269023 7.091827 0.394476 0.394476 0.394476 0.394476 0.394476 6.183557 0.394476 5.485620 0.394476 0.394476 0.685401 6.730975 0.156636 3.624191 0.181578 0.224277 0.089441 0.224277 0.118693 0.102265 0.117614 0.117614 0.650885
0.114665 0.174337 0.115381 0.171651 0.170875 0.129225 0.155520 0.184933 0.105211 0.155520 0.101742 0.109906 0.282464 0.089804 0.096266 0.109906 0.129696 0.077619 0.101908 0.124864 0.134757 0.073463 0.132674 0.119201 0.157290 0.157290 0.427959 0.098697 0.098697 0.102571 0.098697 5.909288 3.624191 0.098697 0.168692 0.126933 0.113734 0.098191 0.443588 5.977824 0.394476 0.394476 3.900215 4.664521 0.443785 0.303920 1.475478 6.183557 0.394476 0.543137 1.475478 3.720526 0.111913 0.111913 0.405790 0.111913 0.143461 0.097718 0.096784 0.099782 0.130349 0.414840 0.415954
0.172483 0.112122 0.176350 0.132202 0.132202 0.118867 0.167404 0.155520 0.155520 0.155520 0.118023 0.131080 0.159193 0.089804 0.240991 0.626149 0.115293 0.072554 0.072554 0.168029 0.169314 0.170687 0.170234 0.132946 0.202522 0.184197 0.314872 0.098697 0.098697 0.098697 0.316770 5.909288 0.199506 0.160987 0.160987 0.098697 0.112857 0.291618 0.132595 0.119785 7.122285 5.930414 0.161593 0.092696 0.324947 0.117448 0.245615 0.665678 0.410345 1.512282 0.505595 0.585129 0.112662 0.108564 0.171876 0.078833 0.305491 0.121891 0.162014 0.415954 0.107364 0.155621 0.160987
