Example_Watersheds/WA_MashelWatershed/DataInputs/o_3_ChemistryPools/Mashel_1990_Pools/NO3_Pool_2.asc
ncols         923
nrows         455
xllcorner     550005.67551598
yllcorner     5180549.8134422
cellsize      30
NODATA_value  -9999
[rows 168 to 195 of 455, columns 315 to 377 of 923]
0.094031 0.153975 1.454430 0.746864 0.094031 0.094031 0.907914 1.421001 1.611593 0.951980 0.032094 0.032183 0.041007 0.024232 0.045381 1.511936 0.029192 0.043015 0.029030 0.049653 0.024864 0.032596 0.023278 0.035828 0.018199 0.027241 0.019453 0.019453 0.026079 0.024136 0.018834 0.042756 0.036591 0.043016 0.059339 0.043073 0.038897 0.024747 0.031751 0.043192 0.134514 0.134514 0.094031 0.094031 0.094031 0.094031 0.094031 1.561582 0.094031 0.094031 0.094031 0.094031 0.094031 0.094031 0.094031 1.522569 1.522569 0.094031 0.094031 0.094031 0.094031 0.844676 1.637099
1.676246 0.094031 0.094031 1.561582 0.094031 0.094031 0.094031 0.104609 0.104609 0.101083 0.094031 0.094031 0.138286 1.072025 0.111662 1.632935 0.028229 0.041250 0.732998 0.031249 0.023818 0.026562 0.041968 0.018199 0.037286 0.019453 0.023829 0.023063 0.020339 0.021383 0.035760 0.029375 0.024396 0.028146 0.028146 0.075903 0.042800 0.032786 0.029078 0.040737 0.020837 1.382349 0.094031 0.094031 0.094031 0.094031 0.103434 0.094031 0.094031 0.094031 0.094031 0.094031 0.094031 0.094031 0.094031 0.094031 0.094031 0.094031 0.094031 0.094031 0.094031 0.094031 0.094031
0.130468 0.094031 0.094031 0.094031 0.094031 0.106960 0.907914 0.094031 0.094031 0.094031 1.689388 0.094031 0.094031 1.624502 0.111662 0.728424 0.528579 0.027856 1.136235 0.043183 0.016577 0.026562 0.030776 0.019760 0.023973 0.023033 0.023033 0.035488 0.030292 0.019453 0.036194 0.027691 0.094031 0.025670 0.036687 0.039255 0.017975 0.036869 0.030119 0.024456 0.141046 1.561582 0.094031 1.607220 0.135169 0.094031 0.094031 0.094031 1.556827 0.094031 0.094031 0.094031 0.114012 0.094031 0.094031 0.094031 0.094031 0.094031 0.094031 0.094031 0.094031 0.094031 0.094031
0.130468 0.135169 0.094031 0.094031 0.094031 0.094031 0.126942 0.094031 0.094031 0.094031 0.094031 1.580254 0.094031 0.094031 0.094031 0.094031 1.575638 1.686429 0.045142 0.094031 0.042790 1.701782 0.268865 0.023471 0.022893 0.015580 0.026885 0.033022 0.027388 0.028810 0.018427 0.021002 0.031138 0.041553 0.043192 0.027914 0.028972 0.043121 0.023226 0.026165 0.095206 0.103434 0.094031 0.094031 0.103434 0.094031 0.094031 0.094031 0.094031 0.094031 1.522569 0.094031 0.094031 0.094031 0.094031 0.094031 0.094031 0.094031 0.103434 0.116363 0.094031 0.094031 0.094031
0.094031 0.094031 0.094031 0.103434 0.094031 1.257075 0.157502 0.142222 0.094031 0.094031 0.094031 0.094031 1.552037 1.679857 0.094031 0.094031 0.094031 1.684867 0.038703 0.072759 0.031187 0.751086 0.034056 0.039758 0.025722 0.030165 0.024221 0.029024 0.035041 0.031628 0.031750 0.047092 0.033217 0.033456 0.016816 0.026288 0.079288 0.063262 0.063262 0.027536 0.023103 0.110486 0.094031 0.094031 0.094031 0.094031 0.094031 1.552037 1.628736 0.094031 0.094031 0.119889 0.094031 0.094031 0.094031 0.094031 0.094031 0.094031 1.552037 0.094031 0.094031 0.094031 0.094031
0.094031 0.094031 0.094031 0.094031 0.094031 0.715736 0.094031 0.094031 0.094031 0.094031 0.094031 0.094031 0.094031 0.094031 0.095206 0.094031 1.482826 0.027511 0.038703 0.041593 0.064119 0.094031 0.024599 1.313031 0.023699 0.030165 0.024221 0.030292 0.031781 0.029320 0.029320 0.030349 0.035364 0.043192 0.035445 0.021451 0.029801 0.029352 0.021451 0.029088 0.124591 0.108135 0.094031 0.094031 0.094031 0.094031 0.094031 0.094031 0.094031 0.094031 0.094031 1.522569 0.094031 0.094031 0.094031 0.094031 0.094031 0.094031 0.094031 0.094031 0.094031 0.094031 0.094031
0.094031 1.702173 0.094031 0.094031 0.094031 0.094031 0.094031 0.094031 0.094031 0.094031 0.094031 0.094031 0.094031 0.094031 0.094031 0.094031 0.042234 0.043371 0.022654 0.031750 0.473465 0.047384 0.038818 0.038818 0.023233 0.143265 0.394892 0.030824 0.031978 0.024931 0.043192 0.024557 0.043192 0.041674 0.019948 0.047092 0.021829 0.032093 0.036998 0.041956 0.363005 0.094031 1.552037 0.094031 0.094031 0.094031 0.094031 1.620234 0.094031 0.094031 0.094031 0.094031 0.094031 0.094031 0.094031 0.094031 0.094031 0.094031 0.094031 0.094031 0.094031 0.094031 0.061826
0.094031 0.094031 0.094031 1.631889 0.094031 0.094031 1.505733 0.094031 0.094031 0.094031 0.094031 0.094031 0.094031 0.094031 1.615930 0.094031 0.094031 0.094031 0.094031 0.024944 0.030669 0.032329 0.047384 0.035368 0.036709 0.029894 0.028076 0.038972 0.028695 0.028775 0.019549 0.031950 0.020637 0.041529 0.041752 0.025811 0.043192 0.036183 0.027124 0.035454 0.415114 1.598370 1.598370 1.689388 0.094031 0.094031 0.094031 0.094031 0.094031 0.094031 0.094031 0.094031 0.094031 0.094031 0.094031 0.094031 0.094031 0.094031 0.094031 0.094031 0.094031 0.094031 0.094031
0.094031 0.094031 0.094031 0.103434 0.094031 0.094031 0.103434 0.103434 0.094031 0.094031 0.094031 0.094031 0.094031 0.094031 0.094031 0.094031 0.094031 0.742083 0.039758 0.026963 0.012888 0.029842 0.047384 0.021451 0.038703 0.094031 0.023290 0.023724 0.031246 0.028775 0.035364 0.029117 0.027301 0.040182 0.026313 0.026313 0.041299 0.028725 0.015977 0.042940 0.042656 1.092314 1.505733 0.094031 0.094031 0.094031 0.094031 0.094031 0.094031 0.094031 0.094031 0.094031 0.094031 0.094031 0.094031 0.094031 1.497057 0.125766 0.094031 0.094031 0.094031 0.094031 0.094031
0.094031 0.094031 0.094031 0.094031 0.094031 0.094031 1.522569 0.094031 0.094031 0.094031 1.637099 1.323326 0.094031 0.094031 0.094031 0.094031 0.094031 0.125766 0.034031 0.019760 0.037185 0.042111 0.026077 0.029193 0.031336 0.495758 0.027567 0.027567 0.031694 0.026885 0.043192 0.024099 0.025005 0.024878 0.035488 0.028586 0.025819 0.026816 0.029117 0.044054 0.058271 0.781947 0.094031 0.103434 0.094031 0.094031 0.094031 0.094031 0.094031 0.094031 0.094031 0.094031 0.094031 1.522569 0.094031 0.094031 0.094031 0.094031 1.552037 0.094031 0.094031 0.094031 0.094031
0.094031 0.094031 0.094031 1.522569 1.696384 0.094031 0.094031 0.094031 0.094031 0.094031 0.104609 0.094031 0.094031 0.094031 0.094031 0.094031 0.094031 0.094031 0.075903 0.158677 1.387941 0.043192 0.056243 0.021451 0.019672 0.027540 0.027629 0.026426 0.030519 0.048936 0.094031 0.094031 0.024874 0.027098 0.040325 0.043192 0.034995 0.025600 0.023724 0.060136 0.040530 0.023048 0.094031 0.094031 0.094031 0.094031 0.094031 0.094031 0.094031 0.094031 0.094031 0.094031 0.116363 0.094031 0.094031 0.094031 0.094031 0.094031 0.103434 0.094031 0.094031 0.094031 0.094031
0.094031 0.094031 0.119889 0.094031 0.094031 1.552037 0.094031 1.706006 0.188750 0.094031 0.094031 0.094031 1.633270 1.552037 1.552037 1.615930 1.552037 0.094031 0.094031 0.907914 0.077025 0.021360 0.024456 0.018232 0.023223 0.048157 0.027629 0.023380 0.027521 1.056497 0.094031 0.094031 0.026427 0.027098 0.020665 0.032212 0.024460 0.018379 0.025748 0.025748 0.018079 0.134514 0.042822 0.112516 0.094031 0.094031 0.094031 0.094031 0.103434 0.094031 0.094031 0.094031 0.094031 0.094031 0.094031 0.094031 1.220535 0.094031 0.094031 0.094031 0.094031 0.094031 0.094031
0.094031 0.094031 0.094031 0.094031 0.094031 0.094031 1.522569 0.094031 0.094031 0.094031 0.828402 0.094031 1.633270 0.094031 0.094031 0.094031 0.103434 0.094031 0.094031 0.907914 0.023688 0.026305 0.042782 0.042354 0.094031 0.094031 0.094031 0.094031 0.094031 0.094031 0.094031 0.094031 0.094031 0.024581 0.094031 0.019526 0.035942 0.034995 0.030122 0.025949 0.040772 0.021451 0.053858 0.027970 0.094031 0.094031 0.094031 0.094031 0.094031 0.094031 0.094031 1.543333 0.094031 0.115188 0.132819 0.094031 0.094031 0.094031 0.094031 0.094031 0.094031 0.094031 0.094031
0.094031 0.094031 0.106960 0.484652 0.094031 0.094031 0.094031 0.094031 0.094031 0.094031 0.094031 0.094031 0.094031 0.094031 0.094031 0.094031 0.094031 0.094031 0.094031 0.094031 1.657398 0.051274 0.049917 0.094031 0.094031 0.094031 0.094031 0.094031 0.094031 0.094031 0.094031 0.094031 0.094031 0.094031 0.094031 0.094031 0.025138 0.023380 0.024142 0.024874 0.023088 0.024581 0.094031 0.043673 0.029454 1.208405 1.358798 0.094031 0.034470 0.094031 0.094031 0.094031 0.022459 1.561582 1.082228 0.029254 0.048218 0.094031 0.094031 0.045297 1.284277 0.094031 0.027567
0.094031 0.094031 1.694019 0.094031 0.094031 0.094031 0.094031 0.094031 0.103434 1.552037 0.094031 1.706006 0.094031 0.094031 0.094031 0.094031 0.094031 0.094031 0.094031 1.607220 0.094031 0.094031 0.094031 0.094031 0.094031 0.094031 0.094031 0.094031 0.094031 0.094031 0.094031 0.094031 0.094031 0.094031 0.028028 0.094031 0.035752 0.023380 0.068616 0.021451 0.047378 0.024581 0.030339 0.030339 0.028146 0.022993 0.022723 0.039669 0.028146 0.024581 0.037200 0.039669 0.036513 0.034899 0.024828 0.032829 0.028000 1.665275 0.042968 0.023551 0.027991 0.022785 0.024373
1.703668 0.094031 0.035457 0.094031 0.094031 1.517536 0.094031 0.094031 0.094031 0.094031 0.128117 0.119889 0.094031 0.094031 0.119889 0.094031 0.094031 0.094031 0.103434 0.094031 0.094031 0.094031 0.094031 0.094031 0.094031 0.094031 0.094031 0.094031 0.094031 0.094031 0.094031 0.047456 0.068356 0.164948 0.043073 0.042738 0.042738 0.029756 0.096974 0.032338 0.026368 0.035472 0.024581 0.022993 0.032028 0.019386 0.028146 0.028146 0.024581 0.024581 0.031751 0.028146 0.028231 0.026194 0.038541 0.026295 0.028025 0.031573 0.017023 0.028909 0.023366 0.034614 0.021164
0.094031 1.472439 1.040704 0.031750 1.475940 1.437872 0.165729 0.094031 0.094031 0.094031 0.094031 1.522569 0.094031 0.094031 0.094031 0.159852 0.094031 0.094031 0.094031 0.094031 0.094031 0.094031 0.094031 0.094031 0.094031 0.094031 0.094031 0.094031 0.094031 0.094031 0.094031 0.094031 0.075308 0.032261 0.023048 0.023048 0.023048 0.050759 0.023048 0.058646 0.023815 0.035752 0.028146 0.028361 0.037367 0.031751 0.029060 0.027897 0.024581 0.023486 0.026427 0.029541 0.026427 0.026298 0.032644 0.032644 0.021365 0.023701 0.036579 0.028694 0.023345 0.020160 0.037286
0.094031 0.848693 0.031665 0.044492 0.027288 0.667092 0.201629 0.094031 1.199797 0.094031 0.094031 0.094031 1.523885 0.094031 0.094031 0.094031 0.094031 0.094031 0.094031 0.094031 0.094031 0.094031 0.094031 0.094031 0.094031 0.130468 0.856665 0.029032 0.042890 0.075660 0.094031 0.094031 0.029422 0.032183 0.023048 0.063037 0.023048 0.023048 0.338437 0.040364 0.023048 0.035752 0.030119 0.024581 0.028231 0.024581 0.023369 0.024581 0.024581 0.024581 0.028231 0.026427 0.028864 0.026427 0.021365 0.021365 0.022146 0.028097 0.023012 0.021125 0.020160 0.034896 0.027402
1.691437 0.031709 0.027687 0.026659 0.034337 0.060569 1.707190 0.094031 0.094031 0.094031 0.149274 0.094031 0.094031 0.118714 0.094031 0.094031 0.094031 0.094031 0.094031 0.094031 0.094031 0.094031 0.094031 0.094031 0.094031 0.094031 1.558522 0.029032 0.030824 0.043803 0.094031 1.563280 0.057468 0.032025 0.043027 0.094031 0.201629 0.030907 0.096697 0.028288 0.028288 0.043987 0.028751 0.029986 0.024581 0.024581 0.024581 0.028146 0.024581 0.024581 0.028556 0.025404 0.026427 0.024747 0.035041 0.022252 0.022750 0.019948 0.023471 0.023735 0.025609 0.028694 0.022361
0.103434 0.039481 0.032041 0.090613 0.024883 0.024883 0.106595 0.094031 0.094031 0.094031 0.094031 0.096382 0.123415 0.118714 0.027512 0.781947 0.094031 0.094031 0.094031 0.094031 0.094031 0.094031 0.094031 0.094031 0.094031 0.094031 0.094031 0.043042 0.042892 0.059179 0.164948 0.022568 0.022568 0.064657 0.022568 0.038119 0.189843 0.042774 1.082228 0.137520 0.027479 0.028972 0.029117 0.030065 0.025260 0.024456 0.024917 0.024581 0.024581 0.024581 0.030119 0.026542 0.024465 0.024644 0.021365 0.020573 0.021931 0.015669 0.022748 0.023735 0.026544 0.022535 0.026079
0.094031 0.094031 0.102587 0.049220 0.053858 0.090613 1.346313 0.144572 0.094031 0.094031 0.094031 0.094031 1.676829 1.265345 0.091843 0.074717 0.133994 0.094031 0.094031 0.094031 0.094031 0.094031 0.094031 0.094031 0.094031 0.094031 0.094031 1.676829 1.092314 1.619854 0.058789 0.253601 0.042724 0.030965 0.032338 0.094031 0.094031 0.094031 1.082228 0.042954 0.090613 0.021451 0.053858 0.068616 0.035752 0.024456 0.021451 0.021451 0.028146 0.035903 0.024398 0.034470 0.034470 0.034504 0.023486 0.037200 0.025644 0.021427 0.025404 0.022151 0.026562 0.021595 0.029593
0.094031 0.042975 0.027634 0.039720 0.067573 0.068616 0.094031 1.479402 0.101083 0.094031 0.119889 0.094031 0.094031 0.116363 0.094031 1.625694 0.094031 0.094031 0.094031 0.094031 0.094031 0.094031 0.094031 0.094031 0.094031 0.094031 0.094031 0.057038 0.695832 1.535226 0.032444 0.253601 0.153048 0.023434 0.042940 1.575638 0.094031 0.068356 1.576644 0.065309 0.124293 0.068616 0.069689 0.058085 0.058085 0.028972 0.030577 0.039961 0.021451 0.024581 0.031187 0.036513 0.037200 0.030119 0.021597 0.020861 0.022063 0.028962 0.024574 0.021314 0.028864 0.028025 0.023843
0.807595 0.035819 0.015355 0.039720 0.069650 0.126870 1.159601 0.094031 0.094031 0.094031 0.094031 0.094031 0.094031 0.094031 0.094031 0.094031 0.094031 0.094031 0.094031 0.094031 0.094031 0.094031 0.094031 0.094031 0.094031 1.339893 0.042904 1.535226 1.588640 0.094031 0.094031 0.094031 0.083299 1.216894 1.689388 0.094031 0.094031 0.075641 0.071917 0.059019 0.042890 0.028596 0.027157 0.028668 0.029012 0.069689 0.021451 0.028031 0.035752 0.028146 0.028146 0.021351 0.031751 0.021451 0.043020 0.023996 0.021389 0.029168 0.021365 0.015669 0.023735 0.026427 0.027174
0.695832 0.695832 0.026899 0.026659 0.049891 0.201629 1.468901 0.107799 0.094031 0.094031 0.094031 0.094031 0.094031 0.094031 0.094031 0.094031 0.094031 0.094031 0.105785 1.437872 0.161028 1.575638 0.746864 0.119889 0.094031 0.094031 0.075660 1.535226 0.094031 0.094031 1.628828 0.094031 0.044336 0.026745 0.094031 0.094031 0.828402 0.187653 0.042656 0.060292 0.028596 0.043653 0.027157 0.029631 0.044179 0.021451 0.028909 0.029320 0.029078 0.028146 0.035752 0.021451 0.020693 0.035752 0.043020 0.024581 0.024581 0.021451 0.033677 0.021283 0.037618 0.026427 0.028097
0.094031 0.105615 0.038204 0.041155 0.046663 0.053858 1.468901 0.026659 0.027002 0.094031 0.094031 1.632388 0.094031 1.421001 0.117539 0.094031 0.094031 0.094031 0.058164 0.715736 0.715736 0.895290 1.370810 0.129292 0.094031 0.094031 1.150343 0.094031 0.094031 0.271380 0.106838 0.028416 0.042992 0.103357 0.068598 0.094031 0.409134 0.024518 0.047251 0.060767 1.367851 0.037631 0.021451 0.031238 0.044179 0.049357 0.035942 0.030119 0.024581 0.024581 0.029986 0.056759 0.028909 0.021451 0.028146 0.018932 0.033922 0.021451 0.024581 0.033723 0.035752 0.035903 0.015580
0.094031 0.686334 1.261470 0.331563 1.489561 0.104118 0.068616 0.026659 0.069966 1.302470 0.094031 0.048157 0.045924 0.045924 1.419011 1.117010 1.056497 0.094031 0.951980 0.637610 1.092314 0.895290 0.039758 0.094031 1.535226 0.028451 1.336639 0.094031 0.094031 0.046075 0.039774 0.028917 0.046375 0.066785 0.828402 1.387941 0.409134 0.057146 0.065459 0.087214 0.061782 0.061782 0.068616 0.024316 0.048936 0.031238 0.023213 0.025375 0.031751 0.034995 0.028601 0.042992 0.056759 0.029220 0.024581 0.037254 0.026374 0.028146 0.028448 0.030119 0.026245 0.028097 0.022987
0.094031 0.094031 0.047692 0.032124 1.659626 1.659626 0.094031 0.025005 0.094031 0.094031 0.110486 0.066521 0.068616 0.023521 0.096974 0.108038 0.131643 0.094031 0.042419 0.253601 0.023048 0.430696 0.028596 0.039189 0.069907 0.026658 0.029422 0.068616 1.482826 0.049891 0.023306 0.046033 0.028586 0.028586 0.045381 0.170761 0.047800 0.094031 0.094031 0.581632 0.094031 0.026127 0.102070 0.030229 0.036479 0.031934 0.023213 0.025195 0.030065 0.028810 0.038510 0.028288 0.032025 0.029220 0.017395 0.028361 0.026209 0.025648 0.029025 0.035359 0.026245 0.023233 0.027875
0.094031 1.690065 0.094031 0.033282 0.815979 1.385160 0.094031 1.364863 0.094031 0.094031 0.022298 0.051892 0.043177 0.068616 1.204116 0.078383 0.068616 0.028728 1.092314 0.070975 0.030907 0.106595 0.501279 0.064769 0.029429 0.028596 0.041965 0.028725 0.027037 0.057468 0.068356 0.844676 0.028028 0.094031 0.094031 0.094031 0.045463 0.064119 0.094031 0.581632 0.185448 0.094031 0.094031 0.094031 0.094031 1.481333 0.048230 0.094031 0.026659 0.094160 0.093009 1.535226 0.057023 0.057023 0.090613 0.026156 0.027174 0.028025 0.028025 0.028025 0.027388 0.027388 0.028025
