Example_Watersheds/WA_MashelWatershed/DataInputs/o_3_ChemistryPools/Mashel_1990_Pools/NO3_Pool_1.asc
ncols         923
nrows         455
xllcorner     550005.67551598
yllcorner     5180549.8134422
cellsize      30
NODATA_value  -9999
[rows 196 to 223 of 455, columns 0 to 62 of 923]
0.924506 0.116200 3.280684 0.310726 0.222381 1.557510 0.160987 4.582024 0.661242 0.343542 0.537473 6.656670 6.733333 6.418428 0.670609 0.394476 0.611437 6.378140 2.680184 6.838035 0.591713 0.483233 5.470995 6.495829 0.242323 0.177565 1.222773 0.104940 0.442573 0.442573 0.126231 0.070925 0.178000 0.273757 0.158807 0.211815 0.157751 1.171498 0.177681 0.098697 0.108742 0.065426 0.207783 0.394476 0.394476 0.394476 0.394476 0.394476 0.394476 0.394476 0.394476 0.394476 0.394476 0.394476 0.394476 0.394476 0.394476 0.394476 7.136999 0.077123 0.171651 0.177371 0.240991
0.924506 0.116200 0.284771 1.679554 0.247958 0.621074 0.374017 3.924736 0.390566 6.675466 0.636092 6.656670 6.093786 4.561090 0.636092 0.394476 0.685401 0.631161 0.394476 0.458578 0.670609 0.670609 0.394476 5.735908 5.833751 0.339862 0.177565 0.136345 0.241235 0.274282 0.268238 0.237828 0.113503 0.160987 0.107364 0.176918 0.261270 0.177164 0.098697 0.098697 0.121500 0.173515 0.631161 6.730975 0.394476 0.394476 0.394476 0.394476 0.394476 0.394476 0.394476 0.394476 0.394476 0.394476 0.502956 0.394476 0.394476 0.394476 0.095577 0.160858 0.105102 0.109132 0.068232
0.310726 5.727726 0.244495 5.702804 5.702804 3.875571 3.875571 0.661242 4.277700 6.206084 0.665678 0.821100 6.212203 6.212203 3.369790 0.532542 6.506249 2.181182 0.626230 0.394476 0.502956 4.963048 0.394476 0.483233 2.403736 0.305491 0.177565 0.307788 0.118023 0.156056 0.237331 0.098697 0.098697 0.160987 0.098697 0.131039 0.170352 0.263477 0.130409 0.110337 0.121500 0.103997 0.743368 6.212203 0.394476 0.394476 0.394476 0.394476 0.394476 0.394476 0.394476 0.394476 0.394476 0.394476 0.517749 0.394476 0.394476 5.470995 0.394476 0.113847 7.005857 0.113333 0.181344
0.284771 0.237828 0.238249 4.344953 3.875571 0.311635 0.311635 0.307788 4.277700 6.062604 6.429963 1.713179 7.143221 5.380645 1.001613 3.640462 7.110673 1.601875 0.670609 0.394476 0.636092 0.443785 0.394476 7.139355 5.690158 0.286271 0.241440 0.104569 0.177806 0.137247 0.098697 0.098697 0.098697 0.098697 0.215202 0.098697 0.189479 0.066321 0.075396 0.054912 0.138961 1.192111 6.116539 6.627212 0.394476 0.394476 0.394476 0.394476 0.394476 0.394476 0.394476 0.394476 0.394476 0.517749 0.394476 0.394476 0.394476 0.394476 0.394476 0.430092 4.900138 4.900138 0.394476
0.374017 5.877657 1.688012 0.094851 0.390566 3.875571 4.918969 0.816649 0.304326 4.784556 0.532542 0.458578 0.738659 5.764181 6.694116 7.118642 6.161604 0.498025 6.336005 7.075603 0.394476 0.557197 5.833751 3.096015 0.631161 1.352045 1.352045 0.394136 0.394476 0.132674 0.160987 0.098697 0.098697 0.098697 0.236411 0.789625 0.107163 0.147804 0.177547 0.118529 0.071767 0.160554 0.394476 0.394476 6.441339 0.394476 0.394476 0.394476 0.394476 0.394476 0.394476 0.394476 0.394476 0.394476 0.394476 0.581852 0.591713 3.530665 3.280684 0.394476 0.411475 0.394476 0.073561
0.265691 6.345873 0.091996 0.816649 0.729195 2.554401 0.398843 4.277700 0.177635 1.713179 6.418428 0.567059 5.949731 5.764181 5.833751 6.627212 0.636092 6.506249 6.506249 7.050321 0.394476 0.404337 6.872549 3.058049 0.089337 0.126933 1.352045 0.394476 0.394476 0.109536 0.160987 0.098697 0.098697 0.098697 0.120984 0.143523 0.112287 0.147804 0.095792 0.091057 0.082862 0.082862 0.168214 0.631161 6.441339 0.395319 5.909288 0.394476 0.394476 0.394476 0.394476 0.394476 0.394476 0.394476 0.478302 1.831206 0.394476 0.507887 0.394476 0.394476 0.457405 3.530665 0.154410
6.345873 0.440531 1.754434 1.996939 3.924736 1.232924 0.186928 1.802799 3.924736 0.243410 0.243410 0.176536 5.269609 0.237088 0.591713 6.694116 0.650885 6.240211 0.591713 0.483233 0.236213 6.796313 6.694116 3.058049 0.288895 1.352045 5.877657 0.394476 0.074389 0.233640 0.098697 0.098697 0.168641 0.082862 0.115497 0.144851 0.093527 0.087625 0.101073 0.304326 0.117495 0.394476 0.093102 0.082862 0.304326 0.099755 0.184897 0.394476 0.394476 0.394476 0.394476 0.394476 0.394476 0.394476 0.448716 0.394476 0.394476 0.394476 0.394476 0.176597 0.409212 4.813009 0.114660
0.661242 0.261536 0.261536 3.473875 0.177681 0.245796 0.957759 0.398843 0.114833 0.247742 0.636092 2.902736 6.506249 6.047841 6.536553 5.981830 4.045482 0.478302 6.139145 0.502956 5.764181 6.197960 6.124355 5.833751 1.926427 6.755579 0.284617 0.394476 0.432210 5.152513 5.152513 0.097556 0.177676 0.132907 0.305856 0.228063 0.144851 0.095358 0.289958 0.394476 0.409268 0.292199 0.304326 0.129895 0.097991 0.082862 0.116807 0.161938 0.130770 5.269609 0.394476 0.394476 0.394476 0.394476 3.944513 0.394476 0.394476 0.394476 0.394476 0.394476 6.666568 0.119795 0.411475
0.101241 0.192004 0.326828 0.098433 0.245796 0.174851 0.238249 0.260169 0.564255 0.274610 5.844913 0.670609 4.371961 2.596673 0.256876 5.764181 6.659016 0.394476 0.522680 6.452556 0.557197 5.909288 5.909288 5.909288 0.180886 0.478323 0.104855 0.121050 0.394476 0.425810 0.660747 3.524755 5.954192 2.315748 0.305856 0.092877 1.001613 1.352045 6.727374 0.394476 0.803205 0.292199 0.304326 0.113333 0.082862 0.082862 0.133732 0.123789 0.130770 0.155392 0.155392 0.394476 0.394476 0.394476 0.394476 0.394476 0.394476 0.394476 0.394476 6.826439 0.177396 6.666568 0.394476
0.244495 1.409740 5.919584 3.829000 0.244495 0.242975 0.291019 0.263780 1.438120 0.338015 6.832371 2.315748 7.136999 7.086762 7.086762 0.298082 0.670609 0.483233 6.293284 3.369790 6.197960 6.980548 0.118815 6.226287 0.098697 0.119448 0.111913 0.121050 0.394476 0.394476 2.112736 0.532542 3.829000 0.829956 0.195167 1.696436 0.107730 1.557510 0.113272 0.099435 0.334306 0.107730 0.394476 0.374017 0.156056 0.394476 0.115018 0.144851 0.122216 0.098124 0.114814 0.292199 0.394476 0.394476 0.394476 0.502956 0.394476 0.394476 0.394476 5.114597 0.105715 0.394476 0.394476
0.153187 0.240800 0.107442 0.174851 3.656647 0.478323 0.291019 0.671132 0.595475 0.431153 0.093419 0.394476 0.394476 0.394476 7.146134 0.636092 0.394476 6.666568 5.396013 6.838035 0.292199 5.485620 0.253598 0.244278 0.098697 0.163993 0.169352 0.233640 0.394476 0.394476 0.233640 6.651304 0.798694 0.394476 0.394476 0.120553 0.143000 0.117145 0.176890 0.195210 0.129895 0.107324 0.902165 0.096266 0.179417 0.114767 0.144851 0.144851 0.144851 0.115497 0.081625 0.101469 0.172442 1.466190 0.394476 0.394476 0.394476 0.394476 0.394476 5.114597 0.117846 6.618863 6.618863
0.165387 0.197293 0.177493 0.242975 0.442573 0.253609 0.267911 0.174851 2.533136 3.133638 0.537473 0.394476 0.394476 0.394476 6.767248 0.394476 0.483233 6.228104 0.394476 0.522680 0.238249 0.251323 1.802799 0.132754 0.163993 0.229971 0.174533 0.174533 0.394476 0.394476 0.406935 0.093238 1.696436 0.394476 0.394476 0.402334 0.123952 0.253609 0.176890 0.111804 0.444600 0.675539 0.161938 0.177111 0.129111 0.114767 0.081166 0.100501 0.100550 0.251840 0.080295 0.065426 0.172442 0.117706 0.117706 0.394476 0.394476 0.394476 0.394476 0.394476 0.124864 0.126280 2.823014
0.106290 0.180654 0.600625 0.263477 0.272370 0.242975 0.295064 0.176430 0.176890 1.409740 6.643433 0.522680 1.409740 5.735908 7.101792 0.478302 0.394476 0.631161 0.498025 0.498025 1.878988 0.113333 0.128496 0.270137 0.177117 0.091996 0.169352 0.220477 0.394476 0.394476 0.394476 0.093238 0.281369 0.188966 0.096266 6.183557 0.473371 0.129737 0.132163 0.155458 0.163565 0.104940 0.092907 0.394476 0.107730 0.082244 0.156056 0.147398 0.066137 0.075396 0.099782 0.088942 0.081166 0.119610 0.085381 0.167404 0.394476 0.394476 0.140495 0.169828 0.129225 0.184327 0.183759
0.170944 0.177541 0.263477 0.242975 0.244712 0.242975 0.199026 0.177518 3.607833 0.902165 6.643433 7.075603 0.532542 0.394476 6.618639 0.522680 0.557197 6.228104 5.833751 0.174797 0.125607 0.101742 0.106857 0.111817 0.229971 1.293106 6.832371 0.394476 0.394476 0.437439 0.170175 0.106328 0.160858 0.129111 0.812183 0.394476 6.727374 6.480913 0.246878 0.130917 0.103141 0.190140 0.138384 0.092281 0.328705 0.177565 0.239492 0.156056 0.117126 0.081166 0.100059 0.093645 0.081166 0.117126 0.113333 0.129111 0.394476 5.811055 0.216203 0.115311 0.175569 0.187245 0.130409
0.166024 0.177541 0.196584 0.196584 0.478323 0.098697 0.440531 0.098697 0.316770 1.438120 5.365154 0.636092 5.735908 0.631161 0.394476 0.645954 6.565423 5.833751 0.394476 0.128762 0.156056 0.097027 0.129671 0.101073 0.182555 0.235336 0.394476 0.394476 0.281369 0.132791 0.179748 0.179748 0.118292 0.139541 0.237246 0.108637 0.394476 3.280684 6.506249 0.160589 0.083777 0.287046 0.138384 0.122767 0.194845 0.161302 0.328705 0.118240 0.134272 0.081166 0.166695 0.080295 0.068710 0.096882 0.071767 0.164673 0.394476 0.394476 0.093527 0.093527 0.118613 0.076755 0.115002
0.255782 0.247310 0.123022 0.171965 0.098697 0.098697 0.177369 0.098697 0.234459 1.786816 7.069681 0.483233 0.394476 0.636092 0.394476 6.452556 4.963048 6.197960 0.156340 0.156056 0.239710 2.403736 0.282294 0.282294 4.823578 0.394476 0.394476 0.394476 0.394476 0.071961 0.120305 0.127164 0.183335 0.190140 0.176638 0.108637 6.989212 6.659016 0.167109 0.184933 0.119477 0.132004 0.175485 0.110411 0.205953 0.252509 0.214720 0.096781 0.114532 0.144851 0.166695 0.166695 0.119448 0.102265 0.123056 0.279109 0.394476 0.394476 0.177565 0.127797 0.159261 0.105102 0.132163
0.314872 0.176918 0.478323 3.262605 0.098697 0.177726 0.098697 3.624191 0.757405 6.765746 0.394476 0.537473 0.478302 0.394476 0.394476 0.394476 5.866866 0.636092 0.394476 0.174774 0.156056 0.304326 0.132152 0.621074 0.107730 0.119785 0.169587 0.091696 0.074922 0.109097 0.099524 0.131072 0.170234 0.170352 0.176486 0.405790 6.651304 0.190024 0.089396 0.103141 0.114509 0.058293 0.127797 0.127797 0.124793 0.152557 0.066846 0.108777 0.109097 0.067244 0.205675 0.090723 0.126580 0.085217 0.156056 5.811055 0.394476 0.132674 0.229918 0.092907 0.129924 0.179447 0.158456
0.314872 0.234239 0.177369 0.098697 0.271253 0.160987 0.316770 3.624191 0.234239 0.160987 6.765746 7.092000 0.522680 0.478302 0.641023 0.394476 6.429963 0.394476 0.127797 0.082862 0.082862 0.156056 0.437439 0.394476 0.394476 0.095077 0.086278 0.202972 0.173484 0.100021 0.163509 0.203858 0.131645 0.238182 6.813367 6.813367 1.023332 6.024649 7.021590 0.116374 0.156056 0.175761 0.176920 0.105322 0.120553 0.122134 0.066846 0.059905 0.084291 0.144851 0.284617 0.080295 0.081625 0.085217 0.085217 0.123636 0.175485 0.176350 0.121388 0.218566 0.129924 0.134959 0.148767
1.263171 0.766686 2.135638 0.176744 3.924736 1.409740 2.181182 0.176744 0.112716 4.582024 0.394476 0.414199 0.557197 0.478302 0.394476 0.394476 0.394476 0.394476 0.103271 0.082862 0.108887 0.269023 0.394476 0.094126 0.118693 0.237828 0.118274 0.119394 0.119394 0.108220 0.167404 0.157100 0.161099 0.305856 0.394476 0.394476 5.203439 0.188052 0.270137 0.116374 0.115434 0.179746 0.076939 0.169037 0.156056 0.106618 0.165824 0.151709 0.120171 0.131120 0.177164 0.120163 0.075396 0.154879 0.158728 0.158728 0.117126 0.107810 0.100206 1.352045 0.163993 0.154395 0.183294
0.316770 0.605761 3.019737 0.154186 0.121557 0.121557 0.117262 1.557510 5.269609 0.488164 0.394476 0.394476 0.394476 0.394476 0.394476 0.502956 0.394476 0.502956 0.103271 0.111892 0.111892 0.235649 0.207783 0.177580 0.183335 0.170234 0.100061 0.107855 0.146443 0.166596 0.194170 1.628079 0.155172 5.866866 1.232924 0.409268 0.114429 0.122170 0.134272 0.156056 1.202366 0.177295 0.133023 0.214720 0.067587 0.177547 0.167364 0.119628 0.151709 0.195430 0.202262 0.172442 0.096966 0.081625 0.081166 0.096606 0.096781 0.201819 0.117926 0.102899 0.119498 0.133076 0.114700
3.813762 6.463613 0.194259 0.165387 0.121557 0.170687 5.844913 5.333800 0.092332 0.394476 0.394476 0.394476 0.394476 0.394476 0.394476 0.394476 0.394476 0.394476 0.092954 0.107189 0.108742 0.281369 0.119971 0.199381 0.214720 0.201819 0.183000 0.111788 0.113426 0.163966 0.118529 0.417064 0.843126 0.123636 1.645375 0.173576 0.073827 0.099774 0.103524 0.164673 0.433264 0.161938 0.127797 0.129347 0.123962 0.092045 0.077546 0.427959 0.729195 0.177164 0.202262 0.092522 0.092182 0.117126 0.264583 0.104283 0.162689 0.201819 0.100382 0.127806 0.121388 0.144173 0.176350
0.661242 0.112317 5.930414 0.196598 0.196598 5.930414 0.104569 2.248852 0.094457 0.177877 0.394476 0.394476 0.394476 0.433923 0.394476 0.394476 0.394476 0.086069 0.082862 0.129894 0.214815 0.202522 0.156340 0.137331 0.102722 0.129276 0.137331 0.113426 0.109906 0.093779 0.107364 0.452556 0.452556 0.109906 0.121172 0.177002 0.125948 0.073463 0.123351 0.217333 0.106133 0.328705 0.107560 0.129347 0.131080 0.089286 0.130349 0.144851 0.094712 0.107364 0.117448 0.107148 0.081166 0.107810 0.054912 0.157437 0.127620 0.229918 0.106629 0.106629 0.115636 0.168619 0.277982
0.267127 0.144286 0.081902 6.240211 0.099211 0.175345 0.098938 0.237307 0.631161 0.394476 0.394476 0.394476 0.394476 0.394476 0.394476 0.502956 0.075288 0.173669 0.100876 0.179393 0.111349 0.120796 0.156340 0.108210 0.108210 0.105211 0.100217 0.114429 0.277040 0.209869 0.118815 0.122767 1.352045 0.212015 0.160901 0.205675 0.129061 0.162969 0.122091 0.104298 0.132360 0.165824 0.117099 0.099782 0.089286 0.118609 0.099782 0.100501 0.085217 0.089798 0.177164 0.128659 0.128659 0.191321 0.115573 0.144851 0.115997 0.183000 0.142004 0.099081 0.181885 0.187177 0.094137
0.170991 0.118693 0.131565 0.182555 0.131323 1.679554 1.662534 7.149572 0.631161 0.394476 0.394476 0.394476 0.394476 0.394476 0.394476 0.502956 0.394476 0.121891 0.130770 0.179393 0.088636 0.183335 0.144851 0.113218 0.120928 0.153844 0.098943 0.161092 0.161389 0.119339 0.180654 0.160589 0.225222 0.314765 0.261270 0.307788 0.172616 0.281369 0.107730 0.134213 0.125790 0.203637 0.121727 0.119112 0.273757 0.089286 0.092045 0.103091 0.075396 0.144851 0.117126 0.144851 0.144851 0.144851 0.115573 0.161183 0.099445 0.125555 0.139314 0.111682 0.113485 0.187177 0.121388
0.319272 0.118693 0.251323 0.135151 0.177084 0.295064 4.116446 4.069261 6.240211 0.236213 0.394476 0.394476 0.394476 0.394476 0.394476 0.394476 0.156056 0.177029 0.162182 0.068893 0.183335 0.110880 0.115028 0.108220 0.097315 0.116675 0.180654 0.170234 0.139541 0.118257 0.167404 0.093058 0.289958 0.160901 0.461778 0.101447 0.101447 0.107730 0.129924 0.141283 0.152875 0.102832 0.100400 0.160987 0.118609 0.139314 0.112283 0.103091 0.144851 0.144851 0.144851 0.075396 0.144851 0.092705 0.123699 0.218566 0.115496 0.116200 0.097275 0.107562 0.145857 0.155520 0.117581
0.281369 0.281369 0.176475 0.248174 0.091357 0.244712 0.762053 0.272370 0.439504 0.286271 0.394476 0.394476 0.394476 0.394476 0.394476 0.132556 0.098745 0.131323 0.179393 0.104203 0.144851 0.182555 0.170234 0.167404 0.178789 0.130303 0.180654 0.151606 0.151606 0.118553 0.209869 0.167404 0.160589 0.175985 0.176291 0.171713 0.156056 0.394476 0.113374 0.097252 0.108864 0.184897 0.159795 0.168288 0.171468 0.116200 0.115209 0.090398 0.112315 0.307788 0.307788 0.109629 0.100550 0.108559 0.090398 0.159795 0.159795 0.112287 0.116200 0.089286 0.138722 0.141192 0.061861
0.174337 0.174337 0.167404 0.104940 0.177541 0.244712 0.392950 0.103633 0.392950 6.765746 0.394476 0.394476 0.394476 0.394476 0.132556 0.117126 0.179393 0.179393 0.096321 0.104203 0.144851 0.144851 0.170234 0.108220 0.108220 0.108220 0.149913 0.118867 0.123931 0.170234 0.167404 0.130303 0.160589 0.176920 0.089972 0.100876 0.179393 0.394476 0.126933 0.075396 0.144851 0.123033 1.222773 0.168288 0.115209 0.129070 0.092045 0.108864 0.113515 0.417064 0.177726 0.075396 0.085217 0.204122 0.231783 0.095324 0.170352 0.170352 0.116200 0.145944 0.229918 0.122784 0.115450
0.174337 0.187959 0.312750 0.126087 0.163381 0.244712 0.255782 0.096090 1.161139 0.394476 0.394476 0.394476 0.394476 0.394476 0.394476 0.120881 0.179398 0.122185 0.126873 0.108864 0.084297 0.113426 0.147621 0.174748 0.183000 0.108220 0.120881 0.106990 0.093779 0.129131 0.183000 0.155392 0.102571 0.128306 0.152710 0.167109 0.131323 0.394476 0.149317 0.111143 0.081166 0.093527 0.098530 0.104931 0.108597 0.125555 1.161139 0.099782 0.112477 0.177164 0.156761 0.075396 0.134928 0.107364 0.120543 0.095324 0.115277 0.314765 0.118609 0.122767 0.138384 0.067977 0.171651
