Example_Watersheds/WA_MashelWatershed/DataInputs/o_3_ChemistryPools/Mashel_1990_Pools/NO3_Pool_4.asc
ncols         923
nrows         455
xllcorner     550005.67551598
yllcorner     5180549.8134422
cellsize      30
NODATA_value  -9999
[rows 308 to 335 of 455, columns 63 to 125 of 923]
0.002299 0.000167 0.000022 0.000117 0.000029 0.000029 0.000058 0.000029 0.000285 0.002299 0.006849 0.000553 0.000590 0.000420 0.000189 0.000446 0.012781 0.000405 0.000163 0.011833 0.008724 0.006379 0.003129 0.000195 0.000282 0.000303 0.000298 0.000170 0.000173 0.000275 0.000269 0.000282 0.000334 0.000146 0.000107 0.000137 0.000137 0.000277 0.000078 0.000774 0.000774 0.000058 0.000188 0.000162 0.000120 0.000166 0.000195 0.000138 0.000105 0.000148 0.000280 0.000257 0.000296 0.003881 0.000425 0.000164 0.000331 0.000246 0.000497 0.010140 0.000967 0.004792 0.000457
0.000322 0.000322 0.000058 0.000313 0.000029 0.000029 0.001216 0.000172 0.000195 0.000700 0.008034 0.012288 0.000590 0.000383 0.002299 0.000764 0.000774 0.012006 0.002049 0.000536 0.000810 0.003033 0.000304 0.000140 0.000186 0.000179 0.000354 0.000194 0.000354 0.000354 0.000382 0.000256 0.000197 0.001889 0.004672 0.005065 0.000133 0.000268 0.000103 0.000774 0.000529 0.000189 0.000166 0.000376 0.000195 0.000126 0.000140 0.000180 0.000284 0.000222 0.000218 0.000181 0.000276 0.000445 0.000557 0.000480 0.000480 0.000451 0.000183 0.000671 0.000742 0.000887 0.006540
0.000222 0.000312 0.000172 0.000029 0.000023 0.000029 0.000172 0.000127 0.000161 0.012327 0.012098 0.001132 0.000515 0.000515 0.007369 0.001403 0.002852 0.006969 0.002049 0.000587 0.010082 0.010082 0.001437 0.000211 0.000332 0.000491 0.000127 0.000313 0.000563 0.000176 0.000304 0.000209 0.001122 0.000564 0.000287 0.001170 0.000223 0.000390 0.000774 0.000774 0.000313 0.000181 0.000185 0.000144 0.000195 0.000126 0.000103 0.000196 0.000158 0.000283 0.000846 0.000222 0.000205 0.000597 0.009207 0.003967 0.009207 0.000241 0.000184 0.006444 0.002429 0.006540 0.010788
0.000186 0.000336 0.000283 0.000035 0.000023 0.000029 0.000506 0.000305 0.000262 0.000764 0.013474 0.013033 0.000432 0.005065 0.010718 0.000475 0.008724 0.000442 0.008724 0.000425 0.009872 0.009902 0.000371 0.000211 0.000308 0.000332 0.000276 0.000310 0.000351 0.000181 0.000304 0.000298 0.000157 0.000162 0.000155 0.001521 0.000292 0.000390 0.000774 0.000774 0.000648 0.000415 0.000363 0.000166 0.000122 0.000083 0.000139 0.000147 0.000189 0.000287 0.000379 0.000711 0.000796 0.011560 0.007056 0.011560 0.000725 0.000456 0.000456 0.000457 0.000231 0.006758 0.009382
0.000506 0.000498 0.000313 0.000313 0.000058 0.000058 0.000203 0.000302 0.000193 0.000054 0.000269 0.012846 0.013527 0.004712 0.001412 0.001170 0.008724 0.000297 0.006379 0.004304 0.012533 0.002627 0.000490 0.000286 0.000453 0.002318 0.000194 0.006909 0.000312 0.000181 0.000124 0.000815 0.002502 0.002502 0.001829 0.000702 0.000534 0.000296 0.000180 0.000774 0.000774 0.000158 0.000136 0.000274 0.000125 0.000134 0.000219 0.000188 0.000179 0.000312 0.001342 0.000519 0.009746 0.011560 0.010363 0.000442 0.009207 0.000457 0.000457 0.000540 0.009902 0.009902 0.000430
0.000223 0.000529 0.000313 0.000313 0.000281 0.000269 0.000800 0.002715 0.000204 0.000138 0.012720 0.007343 0.006969 0.008119 0.011833 0.000304 0.000290 0.011833 0.004949 0.011833 0.000774 0.002715 0.000548 0.000463 0.000498 0.000498 0.003707 0.003707 0.002318 0.000202 0.000181 0.000451 0.003574 0.000109 0.000215 0.013455 0.000311 0.000217 0.000774 0.000774 0.000774 0.000492 0.006347 0.000287 0.000105 0.000214 0.000127 0.000175 0.000179 0.000187 0.000277 0.006939 0.001808 0.001808 0.003485 0.007056 0.007056 0.009902 0.000887 0.009902 0.010390 0.010390 0.005065
0.000398 0.000172 0.000058 0.000180 0.000162 0.000494 0.000263 0.000723 0.000211 0.000269 0.000439 0.000774 0.000774 0.000313 0.000439 0.011833 0.000439 0.000424 0.000424 0.011833 0.011833 0.009829 0.000425 0.000729 0.000148 0.000571 0.000471 0.003707 0.001579 0.000278 0.000237 0.001403 0.000494 0.002520 0.000215 0.001412 0.011086 0.002502 0.000774 0.000774 0.000774 0.000492 0.000152 0.000308 0.000136 0.000300 0.000194 0.000127 0.000175 0.000238 0.000293 0.000469 0.007230 0.007686 0.011560 0.000461 0.010788 0.000887 0.000275 0.010788 0.010390 0.010390 0.000967
0.000311 0.000284 0.000313 0.000297 0.000287 0.000379 0.000455 0.000451 0.000262 0.000192 0.000301 0.011781 0.000822 0.000774 0.007114 0.006379 0.003113 0.011833 0.011833 0.006379 0.011833 0.011465 0.000540 0.000181 0.002127 0.000143 0.000564 0.000316 0.000313 0.000308 0.000527 0.000425 0.000494 0.000456 0.001412 0.000687 0.000274 0.000274 0.000131 0.000774 0.000774 0.000774 0.000174 0.000170 0.000201 0.000155 0.000130 0.000103 0.000110 0.000158 0.000684 0.000786 0.007230 0.000411 0.000621 0.003967 0.010226 0.000367 0.007731 0.005256 0.011125 0.010390 0.002318
0.000452 0.000447 0.000447 0.003837 0.000188 0.000170 0.000190 0.000188 0.000187 0.000449 0.011833 0.008696 0.000774 0.000480 0.011833 0.001412 0.011833 0.011472 0.000471 0.000325 0.002767 0.007906 0.000508 0.000164 0.000141 0.000328 0.000664 0.000677 0.000482 0.001437 0.001437 0.000987 0.011443 0.000736 0.006181 0.006728 0.001412 0.000319 0.000203 0.000774 0.000774 0.000774 0.000216 0.000227 0.000122 0.000197 0.000086 0.000140 0.000313 0.009841 0.000534 0.002538 0.007230 0.000711 0.000430 0.010390 0.001225 0.001225 0.000297 0.007686 0.000222 0.000316 0.000541
0.000292 0.004304 0.000429 0.000434 0.001151 0.000176 0.000698 0.000313 0.000171 0.000437 0.001197 0.012892 0.000774 0.000744 0.001705 0.011833 0.001197 0.000159 0.011833 0.006379 0.000439 0.000587 0.000587 0.000307 0.000170 0.000383 0.000428 0.001307 0.000614 0.002610 0.011163 0.000987 0.000658 0.006314 0.011086 0.000658 0.006728 0.000311 0.000203 0.000285 0.000774 0.000774 0.000638 0.000166 0.000136 0.000197 0.000074 0.000116 0.000452 0.005838 0.000474 0.000187 0.001307 0.000295 0.000302 0.000291 0.011551 0.011551 0.003663 0.000326 0.000281 0.000648 0.000482
0.000187 0.000194 0.000215 0.005218 0.000749 0.000349 0.000280 0.000301 0.000445 0.002852 0.000519 0.011637 0.000438 0.000590 0.000484 0.001197 0.011833 0.006379 0.011833 0.000320 0.000700 0.002919 0.000293 0.000774 0.000170 0.000258 0.000549 0.004871 0.000551 0.001545 0.010878 0.010878 0.003160 0.001504 0.001170 0.000433 0.003252 0.006728 0.000347 0.000774 0.000774 0.000774 0.000103 0.000287 0.000140 0.000125 0.000219 0.000128 0.000224 0.000313 0.000128 0.006281 0.002336 0.000909 0.000774 0.012841 0.000774 0.000774 0.001305 0.000504 0.000295 0.000967 0.000281
0.010718 0.000280 0.011833 0.005218 0.001705 0.000166 0.000166 0.000161 0.000256 0.000273 0.000282 0.006281 0.012502 0.012098 0.000313 0.011833 0.011833 0.000494 0.011833 0.011833 0.011833 0.012660 0.013317 0.011465 0.000774 0.010765 0.011443 0.011443 0.000244 0.000494 0.000490 0.009650 0.007906 0.002336 0.002336 0.001234 0.000702 0.003252 0.001170 0.000434 0.006635 0.000774 0.000774 0.000361 0.000140 0.000162 0.000127 0.000159 0.000238 0.000435 0.001537 0.000430 0.010718 0.000774 0.000774 0.000774 0.000774 0.000774 0.000774 0.000774 0.008420 0.008420 0.000393
0.010546 0.011845 0.000222 0.000551 0.000427 0.000336 0.011833 0.000690 0.000439 0.000664 0.000342 0.007992 0.001209 0.009063 0.001412 0.002538 0.001197 0.002538 0.004469 0.000447 0.000709 0.000573 0.012781 0.000468 0.006728 0.000207 0.000207 0.006476 0.003049 0.000313 0.011728 0.000223 0.003357 0.007906 0.005661 0.001234 0.004672 0.000533 0.000426 0.000312 0.000425 0.000774 0.000774 0.000287 0.000281 0.000131 0.000197 0.000143 0.000271 0.000435 0.000927 0.009746 0.011560 0.000774 0.000774 0.000774 0.000774 0.000774 0.001344 0.000774 0.000774 0.000774 0.000774
0.011781 0.011781 0.000438 0.004137 0.012720 0.001253 0.000664 0.002448 0.003252 0.001386 0.001910 0.011047 0.010390 0.003049 0.000340 0.006379 0.011833 0.006379 0.001197 0.004469 0.007906 0.004469 0.000303 0.013411 0.011926 0.006281 0.000336 0.001188 0.003049 0.003485 0.000749 0.002280 0.009650 0.011728 0.011086 0.001889 0.001234 0.000427 0.000304 0.000313 0.000774 0.000774 0.000774 0.000168 0.001601 0.000131 0.000190 0.000197 0.000106 0.000313 0.000172 0.000246 0.000552 0.000774 0.000774 0.000774 0.013386 0.011721 0.000774 0.000774 0.000774 0.000986 0.000774
0.002784 0.012906 0.000707 0.004137 0.000700 0.000429 0.002166 0.002448 0.000570 0.000523 0.000664 0.004792 0.000720 0.010856 0.000309 0.002520 0.000378 0.000289 0.001446 0.000434 0.002538 0.004304 0.000342 0.009416 0.012816 0.000838 0.008077 0.000467 0.001243 0.002835 0.000897 0.008915 0.004510 0.007056 0.001504 0.002392 0.000819 0.002502 0.002502 0.006148 0.000358 0.010521 0.000774 0.000774 0.000182 0.000443 0.000104 0.000254 0.000280 0.000483 0.000456 0.000927 0.011807 0.001035 0.000774 0.000774 0.012841 0.000319 0.000774 0.000774 0.000774 0.012277 0.000774
0.002784 0.000755 0.000471 0.000471 0.012906 0.001454 0.001075 0.000159 0.000184 0.000175 0.000376 0.001705 0.000967 0.000861 0.006444 0.012846 0.013538 0.011637 0.000774 0.011728 0.011833 0.010709 0.000542 0.000482 0.005516 0.000671 0.000468 0.006697 0.000792 0.000778 0.002852 0.002852 0.001262 0.008915 0.000987 0.000727 0.000555 0.006012 0.002502 0.006148 0.005293 0.000116 0.000774 0.000774 0.000273 0.000166 0.000104 0.000166 0.000404 0.000324 0.001228 0.001132 0.009872 0.001035 0.000774 0.007552 0.000445 0.000124 0.000124 0.000621 0.000774 0.000774 0.000774
0.000311 0.000184 0.000700 0.011833 0.012906 0.000664 0.000494 0.000437 0.010921 0.006697 0.001705 0.011006 0.000774 0.000774 0.008915 0.000429 0.003707 0.000518 0.000471 0.000829 0.000334 0.000471 0.000403 0.000403 0.000700 0.000190 0.000664 0.000340 0.002336 0.000778 0.003160 0.000778 0.001262 0.000425 0.009026 0.000594 0.000276 0.000180 0.006148 0.011508 0.000394 0.000145 0.000774 0.000168 0.000169 0.000182 0.000138 0.000195 0.000232 0.001849 0.000312 0.001296 0.013571 0.012436 0.005873 0.000223 0.012470 0.005256 0.003574 0.000774 0.000774 0.009312 0.006012
0.000407 0.001910 0.002767 0.006347 0.000281 0.002610 0.000439 0.001579 0.000720 0.001869 0.002715 0.011006 0.000829 0.000774 0.007230 0.007992 0.002663 0.000445 0.000471 0.000519 0.004871 0.000519 0.000196 0.000471 0.006379 0.000273 0.000834 0.000846 0.002280 0.002852 0.009650 0.000433 0.002835 0.006508 0.010646 0.001276 0.001910 0.012315 0.000171 0.004221 0.000315 0.000774 0.000774 0.000774 0.000138 0.000153 0.000132 0.000206 0.000177 0.000297 0.000544 0.003485 0.000774 0.000548 0.000774 0.001344 0.000294 0.000774 0.000774 0.000774 0.000774 0.000774 0.000790
0.012906 0.000690 0.001351 0.002610 0.000281 0.000438 0.002869 0.002869 0.003252 0.000720 0.000813 0.009450 0.003485 0.000390 0.011067 0.003485 0.011560 0.000325 0.000349 0.002750 0.000313 0.001197 0.001643 0.000314 0.001663 0.000534 0.000782 0.000571 0.002538 0.002088 0.006181 0.002280 0.013455 0.011086 0.006758 0.006758 0.000185 0.000189 0.010417 0.003017 0.000184 0.000237 0.000197 0.000774 0.000167 0.000188 0.000173 0.000131 0.000195 0.000378 0.000544 0.000223 0.000266 0.000180 0.013033 0.013214 0.000303 0.000774 0.000774 0.000774 0.000774 0.001044 0.001044
0.012124 0.003033 0.000817 0.001869 0.000439 0.003033 0.008724 0.006347 0.000158 0.006379 0.006697 0.000289 0.000205 0.012846 0.009902 0.011106 0.001298 0.000517 0.001188 0.000188 0.000645 0.005838 0.001262 0.000714 0.000729 0.002127 0.000231 0.000231 0.000437 0.010646 0.009650 0.006603 0.000529 0.010878 0.000580 0.003707 0.000185 0.000645 0.000813 0.000183 0.000139 0.000453 0.000121 0.000774 0.000173 0.000819 0.000173 0.000199 0.000143 0.000187 0.000188 0.000228 0.000441 0.000774 0.001247 0.001247 0.008975 0.012621 0.000957 0.003144 0.000774 0.001354 0.000812
0.006635 0.002767 0.008724 0.000740 0.003033 0.000433 0.003033 0.011833 0.000498 0.000435 0.001869 0.000761 0.000351 0.012846 0.003707 0.011106 0.000166 0.000313 0.000313 0.000471 0.000519 0.000243 0.001463 0.001141 0.000645 0.000625 0.009207 0.012418 0.002336 0.001463 0.005516 0.011443 0.002088 0.003176 0.009746 0.005142 0.000551 0.001305 0.000192 0.000149 0.000132 0.000297 0.000313 0.000774 0.000365 0.000449 0.000108 0.000196 0.000143 0.000195 0.000184 0.000195 0.000313 0.002502 0.005838 0.000519 0.013328 0.000774 0.001537 0.000628 0.000563 0.012564 0.000774
0.008077 0.002767 0.000284 0.001351 0.000446 0.000846 0.000927 0.000808 0.000498 0.000527 0.001315 0.000282 0.001197 0.000338 0.013022 0.000917 0.010390 0.000271 0.000302 0.012832 0.011763 0.000802 0.000494 0.012164 0.000480 0.000389 0.000445 0.010646 0.002336 0.006758 0.006758 0.009650 0.005661 0.000312 0.000544 0.000821 0.000522 0.001296 0.000254 0.000254 0.000184 0.000132 0.000112 0.000774 0.000774 0.000155 0.000274 0.000196 0.000237 0.000170 0.000197 0.000514 0.001504 0.011926 0.005838 0.011106 0.013065 0.000986 0.011934 0.000441 0.011884 0.012564 0.011551
0.002223 0.000289 0.006697 0.006572 0.006572 0.012871 0.011833 0.000434 0.012906 0.002049 0.000504 0.004137 0.012227 0.013563 0.006412 0.012707 0.002732 0.001307 0.000664 0.011560 0.006969 0.012900 0.010336 0.011382 0.003298 0.006572 0.004871 0.012418 0.012853 0.003485 0.000363 0.006603 0.006603 0.004387 0.003252 0.011106 0.004469 0.011721 0.012841 0.013571 0.000184 0.000195 0.000191 0.001228 0.000774 0.000126 0.000155 0.000171 0.000221 0.000170 0.000407 0.000220 0.000774 0.000331 0.007608 0.001262 0.011106 0.013184 0.000774 0.000774 0.000468 0.000774 0.000774
0.008408 0.000273 0.000815 0.000534 0.011833 0.001579 0.006379 0.000417 0.006412 0.008408 0.000205 0.000276 0.000645 0.012006 0.013022 0.012593 0.002049 0.001513 0.000479 0.011560 0.011589 0.011377 0.012579 0.012720 0.012720 0.013399 0.000467 0.013184 0.007608 0.008367 0.009207 0.011909 0.010621 0.006540 0.000774 0.009778 0.012841 0.007876 0.012841 0.000261 0.000200 0.000329 0.001360 0.000071 0.000774 0.000202 0.000115 0.000103 0.000290 0.000222 0.000172 0.000383 0.000181 0.001562 0.001726 0.012816 0.000774 0.000774 0.000774 0.000774 0.000774 0.008686 0.011617
0.000295 0.001705 0.011833 0.013570 0.012288 0.001579 0.000396 0.000700 0.011833 0.012124 0.000651 0.000553 0.000645 0.001829 0.000360 0.000445 0.007949 0.001910 0.002049 0.006969 0.000841 0.000774 0.000793 0.001102 0.012124 0.013126 0.013094 0.012660 0.011106 0.001122 0.003001 0.012201 0.001073 0.000890 0.000774 0.000774 0.007876 0.000437 0.003837 0.000114 0.000175 0.000313 0.000212 0.000115 0.000774 0.000774 0.000107 0.000193 0.000191 0.000725 0.000178 0.000383 0.003574 0.000358 0.001102 0.000774 0.000774 0.000774 0.000774 0.012824 0.001180 0.000774 0.000996
0.000395 0.000471 0.005331 0.007415 0.012007 0.001446 0.000313 0.013549 0.013549 0.010709 0.013539 0.012098 0.001705 0.000170 0.006635 0.006969 0.006758 0.001910 0.009714 0.013086 0.012742 0.001373 0.000774 0.000774 0.012327 0.000948 0.012383 0.003967 0.012383 0.006822 0.010140 0.000996 0.000948 0.000890 0.000774 0.000580 0.000580 0.000374 0.000181 0.003176 0.000169 0.000164 0.000313 0.000317 0.000774 0.000432 0.000774 0.000774 0.000439 0.001808 0.000334 0.000645 0.001351 0.007199 0.000319 0.000774 0.000774 0.000790 0.001218 0.011560 0.000997 0.006819 0.012697
0.000431 0.000431 0.008448 0.000485 0.000312 0.000664 0.004469 0.001479 0.000489 0.011833 0.007085 0.000181 0.000194 0.000214 0.012470 0.000734 0.012098 0.013483 0.012564 0.013237 0.000720 0.000504 0.012742 0.000774 0.000774 0.000774 0.001083 0.008528 0.008528 0.001093 0.000880 0.001093 0.001383 0.012824 0.009933 0.013527 0.005588 0.001064 0.000235 0.000187 0.000189 0.000283 0.000183 0.000425 0.000774 0.000774 0.000774 0.000774 0.000312 0.011560 0.000292 0.000772 0.003574 0.013064 0.000774 0.000774 0.000774 0.000774 0.000774 0.000774 0.010788 0.004387 0.010788
0.006379 0.004672 0.000281 0.007415 0.011833 0.000439 0.000645 0.006379 0.000371 0.011833 0.000471 0.004949 0.000297 0.000189 0.012906 0.007992 0.012098 0.000427 0.001064 0.012697 0.000774 0.012781 0.012053 0.010964 0.006379 0.003033 0.000774 0.012248 0.001112 0.001083 0.000519 0.008568 0.010521 0.011200 0.000774 0.003097 0.000774 0.006181 0.000134 0.000124 0.000110 0.000191 0.000302 0.000774 0.000597 0.000774 0.000774 0.000158 0.000182 0.000489 0.011560 0.010646 0.007230 0.011560 0.012352 0.000774 0.000774 0.000774 0.000774 0.013520 0.003967 0.009902 0.010788
