Example_Watersheds/WA_MashelWatershed/DataInputs/o_3_ChemistryPools/Mashel_1990_Pools/NO3_Pool_3.asc
ncols         923
nrows         455
xllcorner     550005.67551598
yllcorner     5180549.8134422
cellsize      30
NODATA_value  -9999
[rows 140 to 167 of 455, columns 693 to 755 of 923]
0.398767 0.400902 0.383550 0.168574 0.023304 0.039117 0.035788 0.327850 0.399786 0.022194 0.400575 0.010594 0.055066 0.089483 0.012199 0.123743 0.034360 0.011536 0.011536 0.024036 0.321911 0.371181 0.127524 0.366575 0.146955 0.006476 0.006350 0.021666 0.009416 0.006333 0.010129 0.005781 0.005867 0.029659 0.012628 0.005242 0.008749 0.007376 0.009978 0.015508 0.017670 0.014012 0.007934 0.006676 0.024569 0.024569 0.024569 0.006775 0.005242 0.006676 0.050711 0.006756 0.006676 0.072650 0.007612 0.011256 0.013887 0.007733 0.013887 0.007733 0.009229 0.004941 0.007391
0.389898 0.395354 0.383550 0.343226 0.034955 0.022194 0.036620 0.031071 0.024691 0.025523 0.400927 0.183276 0.027742 0.025690 0.272784 0.257090 0.172719 0.014023 0.118635 0.227023 0.089483 0.240036 0.376557 0.042586 0.013725 0.005474 0.005242 0.006896 0.007132 0.009439 0.009809 0.006579 0.016928 0.018009 0.006579 0.006350 0.006350 0.007376 0.072650 0.010770 0.072650 0.009256 0.009981 0.005364 0.013887 0.015066 0.024569 0.005705 0.009978 0.028450 0.007103 0.009601 0.011640 0.012571 0.006811 0.011256 0.008074 0.004124 0.013887 0.038019 0.382219 0.004935 0.007391
0.200637 0.400814 0.385238 0.379928 0.183125 0.343226 0.395354 0.337355 0.360180 0.383550 0.378590 0.036897 0.394610 0.363603 0.398738 0.029358 0.077044 0.019464 0.396803 0.321285 0.083403 0.102845 0.024452 0.168422 0.013413 0.008461 0.009554 0.010069 0.005983 0.006991 0.006991 0.024569 0.006579 0.072650 0.013887 0.006743 0.024569 0.024569 0.011226 0.013763 0.125008 0.009256 0.015955 0.038843 0.006350 0.009508 0.006350 0.024569 0.009978 0.015508 0.009601 0.007376 0.072650 0.016407 0.007665 0.011306 0.010419 0.006829 0.006829 0.009823 0.152773 0.390147 0.007968
0.376197 0.400814 0.394162 0.397391 0.385238 0.029962 0.392395 0.377573 0.400814 0.355502 0.359308 0.389898 0.029962 0.363603 0.329684 0.046659 0.187151 0.037188 0.336441 0.028753 0.083403 0.211442 0.211442 0.366018 0.007168 0.005293 0.009495 0.005293 0.014023 0.008783 0.005242 0.013787 0.006211 0.005242 0.006350 0.006737 0.006350 0.050711 0.013626 0.072650 0.013750 0.014592 0.014628 0.165148 0.039388 0.005705 0.024569 0.024569 0.009601 0.015508 0.015508 0.010244 0.006375 0.023794 0.023794 0.010309 0.010374 0.009683 0.013887 0.013887 0.072650 0.360609 0.240036
0.010038 0.392395 0.379396 0.321285 0.006371 0.366575 0.392395 0.380181 0.388246 0.355193 0.039117 0.028297 0.399608 0.381701 0.400227 0.400227 0.083403 0.074312 0.025196 0.363703 0.389360 0.011425 0.046659 0.013924 0.005922 0.013238 0.015691 0.019873 0.014628 0.011182 0.011005 0.046659 0.005781 0.024569 0.008749 0.006350 0.072650 0.050711 0.295618 0.007363 0.014628 0.006019 0.009879 0.029659 0.040735 0.006350 0.012574 0.004790 0.072650 0.028450 0.028450 0.050711 0.039388 0.025363 0.005885 0.157341 0.010021 0.009644 0.006862 0.013887 0.024569 0.009601 0.238766
0.356601 0.045410 0.062900 0.094810 0.400665 0.392850 0.350757 0.362492 0.400814 0.383550 0.023304 0.028297 0.029129 0.028297 0.380886 0.228355 0.005861 0.016583 0.010021 0.359963 0.329684 0.028753 0.364879 0.033205 0.008563 0.009209 0.013700 0.013750 0.036067 0.016385 0.085461 0.018632 0.005242 0.072650 0.072650 0.091933 0.017855 0.072650 0.156206 0.084949 0.012199 0.072650 0.318465 0.017191 0.007201 0.006350 0.005242 0.091933 0.007767 0.015508 0.017498 0.024569 0.039388 0.009940 0.038843 0.081839 0.016860 0.017035 0.072650 0.014528 0.006068 0.005769 0.005769
0.385238 0.142213 0.242556 0.400814 0.330282 0.172719 0.341789 0.389898 0.266225 0.022194 0.022194 0.400227 0.205963 0.364879 0.398237 0.033785 0.037188 0.016583 0.304402 0.312492 0.395354 0.149296 0.010303 0.010024 0.008563 0.016914 0.006557 0.006557 0.034073 0.022983 0.034647 0.005707 0.009156 0.007512 0.024569 0.296528 0.005354 0.013388 0.316277 0.016914 0.006236 0.008985 0.007343 0.010186 0.010028 0.006350 0.039929 0.011592 0.038569 0.008660 0.039388 0.010343 0.007544 0.024569 0.024569 0.305242 0.098994 0.005143 0.005575 0.006771 0.008962 0.011123 0.005709
0.379116 0.187151 0.390935 0.400814 0.382656 0.367122 0.390935 0.390935 0.349467 0.022749 0.022194 0.327850 0.341953 0.027742 0.144593 0.065244 0.021272 0.022467 0.320590 0.320590 0.359963 0.327850 0.049450 0.043625 0.036629 0.064076 0.040735 0.010047 0.005950 0.009993 0.024569 0.006954 0.010341 0.016583 0.013750 0.010071 0.091933 0.290966 0.282156 0.160716 0.017670 0.072092 0.014142 0.027533 0.024569 0.072650 0.007103 0.015238 0.011838 0.006954 0.006515 0.007645 0.005705 0.091933 0.072650 0.114752 0.018526 0.006038 0.006279 0.005795 0.013572 0.101697 0.399931
0.349986 0.379928 0.363703 0.368190 0.008874 0.301840 0.377908 0.336441 0.360609 0.400586 0.030794 0.267335 0.027742 0.025800 0.363603 0.392395 0.374263 0.098537 0.399764 0.290015 0.377584 0.355901 0.368190 0.072650 0.395354 0.010034 0.023916 0.005885 0.016325 0.009809 0.006944 0.006350 0.009977 0.010094 0.011978 0.160716 0.016205 0.206126 0.016914 0.206126 0.017670 0.191101 0.017588 0.009693 0.018632 0.006350 0.011313 0.007324 0.025196 0.006954 0.004280 0.006944 0.028450 0.005700 0.006350 0.308534 0.018526 0.034933 0.013887 0.010419 0.072650 0.374263 0.027465
0.022194 0.022194 0.353113 0.353113 0.022194 0.327850 0.208806 0.400902 0.022194 0.360609 0.395354 0.400586 0.034400 0.022194 0.327850 0.031071 0.374263 0.100804 0.186152 0.284163 0.381312 0.355901 0.168574 0.184139 0.009863 0.025473 0.318465 0.006991 0.016325 0.015840 0.009969 0.009969 0.367661 0.005679 0.008433 0.029659 0.350757 0.009171 0.362492 0.271709 0.012199 0.007460 0.006424 0.006350 0.004280 0.010175 0.015238 0.118635 0.013750 0.006152 0.012571 0.042847 0.024096 0.005755 0.009103 0.281143 0.013376 0.321911 0.321911 0.006098 0.014528 0.091933 0.343499
0.340672 0.211442 0.379396 0.022194 0.400814 0.390935 0.400902 0.400902 0.390147 0.398738 0.400227 0.393304 0.394572 0.382574 0.327850 0.380181 0.022749 0.033846 0.248733 0.151619 0.100804 0.391434 0.319889 0.319889 0.014319 0.009570 0.012571 0.183125 0.029659 0.046659 0.010256 0.015955 0.011379 0.006978 0.091933 0.134955 0.095283 0.046659 0.019258 0.271709 0.006991 0.009984 0.006954 0.008578 0.006350 0.038569 0.014011 0.006579 0.005705 0.006551 0.014781 0.014781 0.013750 0.012867 0.085461 0.085461 0.024036 0.009789 0.088489 0.005669 0.013887 0.072650 0.214035
0.340672 0.399417 0.372106 0.372106 0.022194 0.350757 0.387081 0.386479 0.390147 0.392395 0.327850 0.281143 0.375450 0.339382 0.022194 0.022194 0.321911 0.278596 0.389898 0.390935 0.336441 0.334270 0.400751 0.195929 0.272784 0.055680 0.040735 0.017989 0.146955 0.005811 0.046659 0.013862 0.011144 0.036909 0.240036 0.372106 0.191101 0.037188 0.304402 0.228355 0.072092 0.006954 0.039388 0.044139 0.007645 0.006944 0.012681 0.008854 0.005810 0.006579 0.011466 0.016583 0.013538 0.012867 0.005484 0.005959 0.013763 0.006755 0.014691 0.013174 0.013887 0.024569 0.302701
0.350691 0.022194 0.344491 0.361330 0.022194 0.398738 0.396803 0.370224 0.387369 0.356684 0.372106 0.025800 0.022194 0.330828 0.039117 0.022194 0.024691 0.022194 0.037452 0.294702 0.088489 0.013974 0.308534 0.398738 0.381511 0.055680 0.006864 0.008954 0.119919 0.007461 0.005393 0.020679 0.011144 0.013576 0.400925 0.400925 0.005293 0.088489 0.016583 0.296528 0.271709 0.072092 0.013326 0.081839 0.025196 0.024627 0.008794 0.005705 0.005810 0.004280 0.005252 0.009587 0.065826 0.010479 0.005384 0.009279 0.010034 0.010169 0.008603 0.008461 0.006409 0.024393 0.018632
0.022194 0.022471 0.022194 0.022194 0.400742 0.022194 0.313263 0.400902 0.343226 0.398494 0.025800 0.025800 0.022194 0.022194 0.022194 0.022194 0.039117 0.349986 0.037452 0.025363 0.137394 0.016325 0.013359 0.394610 0.382656 0.028753 0.013388 0.013388 0.010419 0.014628 0.005443 0.119919 0.017035 0.009755 0.006343 0.296528 0.021075 0.007070 0.017268 0.316277 0.005242 0.005242 0.125008 0.024216 0.017210 0.333721 0.091447 0.006991 0.007840 0.010881 0.007324 0.025196 0.262851 0.005950 0.005008 0.005008 0.006718 0.156206 0.009607 0.321911 0.009120 0.005134 0.091933
0.022194 0.388303 0.022194 0.022194 0.400742 0.348235 0.400902 0.343226 0.229412 0.375064 0.363603 0.040199 0.400898 0.378590 0.022194 0.022194 0.026918 0.356601 0.076502 0.314027 0.314027 0.013924 0.091933 0.367661 0.397428 0.400902 0.017152 0.010419 0.009382 0.005959 0.004794 0.022401 0.006944 0.396084 0.081839 0.040199 0.017782 0.006794 0.016536 0.006909 0.014023 0.010948 0.271709 0.322653 0.006272 0.014257 0.006780 0.010049 0.013961 0.013837 0.009993 0.324654 0.101251 0.009736 0.006350 0.014195 0.234914 0.156206 0.072650 0.009979 0.009092 0.006713 0.004280
0.245468 0.399931 0.027465 0.035510 0.022194 0.400807 0.400356 0.343226 0.023300 0.384517 0.330828 0.253623 0.341953 0.400902 0.022194 0.022194 0.022194 0.022194 0.389360 0.302701 0.022070 0.170580 0.364879 0.385238 0.400902 0.128775 0.005242 0.015098 0.005705 0.005959 0.083403 0.093380 0.343499 0.010860 0.353750 0.014753 0.017782 0.005659 0.009601 0.083403 0.014380 0.068703 0.015699 0.314027 0.009926 0.065826 0.065826 0.074312 0.024216 0.010019 0.022791 0.009847 0.009097 0.005631 0.011705 0.010070 0.074312 0.024569 0.050711 0.011048 0.006940 0.004280 0.004280
0.366951 0.341953 0.400104 0.175883 0.175883 0.022194 0.330828 0.377573 0.382055 0.022194 0.024691 0.039117 0.022194 0.295668 0.344491 0.022194 0.337355 0.374263 0.017498 0.106857 0.033205 0.014753 0.364879 0.351519 0.376557 0.005283 0.006350 0.004794 0.009477 0.012745 0.007512 0.032623 0.032623 0.008519 0.149296 0.032915 0.009683 0.282156 0.023424 0.011182 0.188146 0.159596 0.029659 0.019464 0.313263 0.011347 0.083403 0.006375 0.024216 0.184139 0.006828 0.008671 0.004134 0.005242 0.013488 0.009778 0.007930 0.024569 0.005484 0.005484 0.116051 0.006605 0.008461
0.388809 0.029684 0.036620 0.334141 0.022194 0.395725 0.397084 0.397968 0.382055 0.369141 0.022194 0.022194 0.022194 0.022194 0.354311 0.033846 0.378530 0.372106 0.020878 0.005354 0.065826 0.336441 0.336441 0.018841 0.018841 0.009969 0.010044 0.012805 0.007923 0.010053 0.159596 0.013949 0.007968 0.287090 0.035788 0.098537 0.007525 0.343499 0.008894 0.334270 0.017840 0.278060 0.011592 0.188146 0.397686 0.006128 0.024569 0.006144 0.024216 0.009993 0.008671 0.006310 0.006310 0.006375 0.078660 0.065826 0.009416 0.004134 0.085461 0.023794 0.273854 0.006605 0.007477
0.339155 0.391056 0.296528 0.399187 0.022194 0.321911 0.354311 0.378590 0.400814 0.400356 0.022194 0.022194 0.022194 0.022194 0.022194 0.214889 0.381883 0.082363 0.281143 0.013750 0.119919 0.019567 0.372555 0.029129 0.022662 0.016407 0.355901 0.334270 0.016362 0.382519 0.389898 0.341953 0.370705 0.176939 0.383013 0.375450 0.022194 0.391056 0.358645 0.160716 0.017840 0.006221 0.353015 0.023111 0.016144 0.041534 0.013426 0.005242 0.091933 0.009993 0.012574 0.015656 0.055066 0.017727 0.065826 0.008733 0.044139 0.013424 0.006220 0.005242 0.006551 0.006210 0.006350
0.164048 0.400244 0.022194 0.022194 0.198316 0.030239 0.245468 0.339155 0.385476 0.372365 0.395725 0.022194 0.030239 0.399608 0.340672 0.022194 0.380886 0.013787 0.085461 0.013750 0.245468 0.022194 0.022194 0.270187 0.336441 0.143406 0.355901 0.360609 0.372106 0.339155 0.397122 0.101697 0.025084 0.176939 0.379396 0.034360 0.034360 0.345999 0.398494 0.005764 0.006071 0.010419 0.023916 0.224337 0.014909 0.021174 0.013270 0.024569 0.044395 0.009993 0.317743 0.010218 0.013365 0.281143 0.091933 0.007541 0.006257 0.005484 0.005593 0.006652 0.004280 0.012623 0.013113
0.022194 0.022194 0.335464 0.374263 0.382374 0.398525 0.304331 0.204316 0.400371 0.378590 0.372106 0.357858 0.030239 0.385238 0.025363 0.381883 0.025028 0.013726 0.014011 0.398738 0.022194 0.374473 0.030239 0.394572 0.392395 0.010500 0.034360 0.021075 0.021075 0.025800 0.376557 0.300972 0.284163 0.029056 0.247511 0.316277 0.290966 0.382519 0.070406 0.091933 0.012441 0.050711 0.224337 0.014271 0.020178 0.008851 0.008563 0.013750 0.016583 0.009993 0.017727 0.078660 0.006310 0.012867 0.005484 0.009892 0.009892 0.005484 0.005242 0.005242 0.011466 0.004280 0.007376
0.037188 0.379396 0.360609 0.400859 0.378590 0.378590 0.114752 0.375515 0.363603 0.396763 0.375064 0.381701 0.327850 0.125008 0.381883 0.010023 0.022070 0.012467 0.390935 0.400751 0.025800 0.025800 0.383279 0.398738 0.377908 0.383279 0.399417 0.366951 0.343226 0.400814 0.381883 0.010049 0.040199 0.308534 0.022070 0.013326 0.385238 0.385238 0.023794 0.010004 0.050711 0.005484 0.006350 0.006764 0.020178 0.009809 0.008563 0.074312 0.016583 0.259415 0.011313 0.091933 0.012574 0.006592 0.085461 0.013538 0.008874 0.006683 0.010343 0.006211 0.009758 0.005611 0.006198
0.400927 0.024914 0.017783 0.399951 0.385238 0.364295 0.045410 0.045661 0.245468 0.373850 0.336778 0.379116 0.023672 0.207024 0.098537 0.320590 0.083403 0.023855 0.238766 0.337355 0.400902 0.399392 0.372106 0.398738 0.011369 0.400244 0.026633 0.289057 0.372106 0.009495 0.381883 0.342648 0.009589 0.302701 0.008733 0.381883 0.385238 0.385238 0.018632 0.009601 0.009601 0.006350 0.006350 0.009638 0.005781 0.006350 0.010049 0.008563 0.017721 0.007324 0.009993 0.019873 0.251155 0.010110 0.015656 0.013538 0.010803 0.006954 0.005242 0.006422 0.006821 0.009638 0.038569
0.029959 0.098078 0.017783 0.371299 0.034123 0.034123 0.190754 0.017556 0.013829 0.381103 0.229681 0.387369 0.035501 0.388246 0.327225 0.400807 0.083403 0.008034 0.334270 0.336441 0.336441 0.380181 0.348235 0.336778 0.379396 0.349207 0.318465 0.009993 0.400575 0.268439 0.015465 0.013588 0.370220 0.370220 0.010033 0.012841 0.091933 0.013538 0.009716 0.005781 0.007376 0.006579 0.008874 0.010030 0.006579 0.004165 0.005922 0.010077 0.010065 0.007324 0.011592 0.353015 0.019873 0.100804 0.007495 0.022203 0.010044 0.006579 0.004280 0.008749 0.008749 0.004280 0.013551
0.396084 0.377584 0.393304 0.376557 0.392850 0.385238 0.385238 0.033205 0.387670 0.287120 0.343499 0.357972 0.345999 0.332602 0.208806 0.016342 0.327225 0.378827 0.390935 0.400902 0.294702 0.038839 0.400227 0.033291 0.280122 0.280122 0.014134 0.013469 0.329684 0.062900 0.009053 0.221623 0.354476 0.281143 0.198768 0.014528 0.014782 0.015160 0.010531 0.006627 0.009716 0.005293 0.379396 0.004270 0.005323 0.009809 0.011066 0.009993 0.010065 0.024627 0.014566 0.007535 0.006310 0.083403 0.021734 0.016623 0.017323 0.014895 0.004280 0.006579 0.006350 0.006482 0.013551
0.400371 0.335464 0.363603 0.336778 0.400902 0.378590 0.035233 0.398525 0.385238 0.355502 0.331456 0.099903 0.210568 0.380660 0.073760 0.344342 0.367661 0.024914 0.168422 0.400227 0.213175 0.351519 0.394572 0.183276 0.176939 0.010060 0.009518 0.013469 0.355193 0.014628 0.018526 0.114752 0.198768 0.013488 0.198768 0.006507 0.010531 0.004407 0.009416 0.009325 0.010419 0.005293 0.353015 0.050711 0.013675 0.073206 0.009843 0.011066 0.281143 0.298326 0.010049 0.016471 0.007834 0.006310 0.011301 0.009646 0.017989 0.005631 0.006579 0.010006 0.013613 0.013825 0.073206
0.400371 0.078660 0.023174 0.022194 0.397122 0.390147 0.035233 0.400371 0.398002 0.398002 0.364727 0.362470 0.304331 0.381103 0.348418 0.342648 0.344342 0.068703 0.141015 0.358645 0.213175 0.351519 0.398002 0.353113 0.379928 0.015533 0.013104 0.024685 0.360609 0.375064 0.022335 0.354476 0.162942 0.022791 0.016804 0.009809 0.007402 0.007402 0.010574 0.017152 0.013638 0.010057 0.006350 0.072650 0.379396 0.011625 0.017855 0.017268 0.013750 0.127524 0.014442 0.012574 0.006970 0.006912 0.058722 0.038569 0.006350 0.007388 0.006742 0.062900 0.013763 0.023916 0.021272
0.375064 0.075411 0.075411 0.035233 0.334141 0.029129 0.343226 0.394572 0.338084 0.036342 0.355502 0.400575 0.306902 0.400104 0.356684 0.306075 0.069840 0.341789 0.013738 0.372106 0.284163 0.272784 0.380886 0.394572 0.395725 0.213175 0.012999 0.380425 0.342648 0.342648 0.065244 0.073206 0.016863 0.068703 0.034647 0.009174 0.024569 0.023549 0.006333 0.006333 0.010236 0.011458 0.006749 0.009923 0.007495 0.015656 0.206126 0.331456 0.285155 0.310138 0.014036 0.006193 0.006970 0.006310 0.017588 0.055680 0.006152 0.006152 0.006954 0.062900 0.017613 0.011718 0.017389
