Example_Watersheds/WA_MashelWatershed/DataInputs/o_3_ChemistryPools/Mashel_1990_Pools/NO3_Pool_4.asc
ncols         923
nrows         455
xllcorner     550005.67551598
yllcorner     5180549.8134422
cellsize      30
NODATA_value  -9999
[rows 280 to 307 of 455, columns 63 to 125 of 923]
0.000645 0.000327 0.000181 0.000313 0.000948 0.001046 0.000162 0.000440 0.000218 0.000139 0.002520 0.000727 0.000312 0.000222 0.000298 0.000523 0.000195 0.000727 0.000180 0.007642 0.009809 0.000286 0.000897 0.000366 0.000897 0.000772 0.001188 0.000413 0.000790 0.000336 0.000312 0.000136 0.000320 0.000186 0.000259 0.000194 0.000171 0.000461 0.011679 0.000774 0.000383 0.000212 0.000168 0.000106 0.000219 0.000138 0.000074 0.000169 0.000161 0.000194 0.000194 0.000160 0.002610 0.000165 0.000092 0.008528 0.012781 0.012781 0.012593 0.000272 0.000272 0.000313 0.000161
0.000189 0.000120 0.000403 0.000282 0.000172 0.000170 0.000335 0.000761 0.000249 0.000166 0.000312 0.000285 0.000158 0.000439 0.000182 0.000325 0.000299 0.001188 0.000794 0.000168 0.005661 0.008608 0.001188 0.000239 0.000228 0.000228 0.000313 0.000460 0.000430 0.000138 0.000121 0.000132 0.000238 0.000297 0.008952 0.000487 0.000171 0.000774 0.000774 0.000996 0.000208 0.000133 0.000195 0.000106 0.000135 0.000185 0.000177 0.000175 0.000122 0.000259 0.000194 0.000186 0.000186 0.000175 0.010788 0.000434 0.000557 0.011465 0.001189 0.004263 0.000276 0.000177 0.000314
0.000398 0.000201 0.000222 0.000280 0.001234 0.000442 0.000175 0.000172 0.000601 0.009416 0.002592 0.000559 0.001197 0.000173 0.001197 0.000298 0.000298 0.000298 0.004221 0.000388 0.000313 0.000426 0.006347 0.000180 0.000559 0.000790 0.000140 0.000757 0.000185 0.000138 0.000187 0.000116 0.000171 0.000553 0.000590 0.000188 0.000559 0.000774 0.000897 0.000107 0.004831 0.000197 0.000129 0.000134 0.000151 0.000151 0.000135 0.000176 0.000187 0.000139 0.000112 0.000336 0.000172 0.000178 0.013254 0.001412 0.012781 0.012846 0.000774 0.001383 0.002663 0.010082 0.000314
0.000258 0.000293 0.000197 0.000427 0.000436 0.000175 0.000271 0.000162 0.000601 0.000796 0.011679 0.001065 0.000755 0.000342 0.001188 0.000467 0.000312 0.001970 0.000367 0.000500 0.000228 0.001197 0.000285 0.000180 0.000313 0.000313 0.000310 0.000061 0.000084 0.000212 0.000166 0.000141 0.000217 0.000312 0.004551 0.002698 0.000774 0.000877 0.000774 0.000774 0.000774 0.000774 0.000194 0.000124 0.000126 0.000142 0.000133 0.000144 0.000134 0.000116 0.000205 0.000200 0.000222 0.009450 0.002185 0.011845 0.012277 0.012697 0.000948 0.001199 0.000907 0.010082 0.000184
0.000395 0.000293 0.000378 0.000181 0.000358 0.000312 0.000329 0.000172 0.000166 0.000821 0.000645 0.000500 0.000354 0.000454 0.000564 0.000354 0.006148 0.000407 0.000461 0.000284 0.000618 0.000181 0.000441 0.000897 0.000286 0.000286 0.000367 0.000294 0.000173 0.000173 0.000187 0.000194 0.000249 0.000131 0.000223 0.000442 0.000313 0.000774 0.000774 0.000774 0.000774 0.000774 0.000220 0.000169 0.000118 0.000074 0.000214 0.000144 0.000120 0.000091 0.000275 0.003033 0.000329 0.001084 0.002185 0.012906 0.000439 0.000439 0.000774 0.001015 0.000774 0.000734 0.012418
0.000445 0.000195 0.000195 0.000222 0.000299 0.000398 0.000291 0.000177 0.000180 0.000338 0.000280 0.000709 0.000313 0.000454 0.000498 0.000427 0.000398 0.000286 0.000312 0.000534 0.000159 0.000159 0.013490 0.000221 0.000176 0.000209 0.001188 0.000313 0.000336 0.000237 0.000181 0.000285 0.000177 0.000131 0.000263 0.000195 0.000278 0.000774 0.000774 0.012164 0.000774 0.010571 0.000190 0.000183 0.000597 0.000085 0.000166 0.000134 0.000150 0.000150 0.000067 0.000182 0.000417 0.007608 0.000838 0.007323 0.011781 0.012593 0.001141 0.001247 0.004988 0.005479 0.006969
0.002869 0.000334 0.000154 0.000193 0.000256 0.000819 0.000170 0.000174 0.000180 0.001437 0.000280 0.000569 0.000313 0.000450 0.000450 0.000832 0.000370 0.001579 0.000313 0.000313 0.002801 0.007775 0.001684 0.000169 0.000307 0.000313 0.000336 0.000314 0.000313 0.000179 0.000141 0.000197 0.000184 0.000136 0.000351 0.000307 0.000317 0.000774 0.000774 0.000774 0.000774 0.000182 0.000309 0.000139 0.000223 0.000393 0.000134 0.000187 0.000195 0.000093 0.000111 0.000316 0.000471 0.007608 0.007876 0.011926 0.000425 0.001180 0.013220 0.000774 0.013044 0.000569 0.012288
0.000429 0.000258 0.000174 0.000220 0.000302 0.000819 0.000782 0.000313 0.000411 0.000088 0.000576 0.000331 0.000225 0.000336 0.000280 0.000168 0.000230 0.000313 0.000500 0.000313 0.000407 0.000774 0.000313 0.000221 0.001188 0.000336 0.000336 0.000426 0.000136 0.000269 0.000269 0.000194 0.000197 0.000200 0.000208 0.001454 0.000313 0.000774 0.000774 0.000774 0.000468 0.000139 0.000597 0.000116 0.000223 0.000116 0.000152 0.000145 0.000271 0.000062 0.000131 0.000316 0.000429 0.011833 0.012772 0.012227 0.010120 0.011781 0.013220 0.012781 0.011531 0.011531 0.010120
0.000313 0.000364 0.000333 0.000349 0.000564 0.000302 0.000281 0.000287 0.000181 0.000283 0.000500 0.000523 0.000336 0.000336 0.000313 0.000221 0.000180 0.000302 0.000301 0.000301 0.008034 0.006114 0.000195 0.001188 0.000321 0.000506 0.000506 0.000165 0.000187 0.000120 0.000285 0.000198 0.000113 0.000186 0.000441 0.000468 0.013332 0.000774 0.000774 0.000774 0.000269 0.000129 0.000181 0.000169 0.000187 0.000126 0.000151 0.000142 0.000095 0.000191 0.000156 0.000608 0.000813 0.000813 0.000271 0.003113 0.000344 0.006728 0.002049 0.000812 0.007277 0.006969 0.012660
0.000282 0.000258 0.000256 0.000282 0.000500 0.000312 0.000540 0.000197 0.000188 0.000184 0.000336 0.000313 0.000336 0.000362 0.000280 0.000222 0.000180 0.000298 0.000298 0.000727 0.000428 0.000796 0.001910 0.001188 0.000175 0.002592 0.000471 0.000105 0.001188 0.000166 0.000193 0.000105 0.000385 0.000289 0.001849 0.000517 0.000425 0.000774 0.000774 0.000774 0.000174 0.000142 0.000139 0.000169 0.000305 0.000094 0.000094 0.000179 0.000163 0.000116 0.000134 0.000156 0.000166 0.000223 0.000193 0.001064 0.000774 0.000452 0.013474 0.002146 0.007992 0.000436 0.000774
0.000802 0.000947 0.000256 0.000280 0.000500 0.000681 0.000687 0.000213 0.000177 0.000184 0.000197 0.001188 0.000313 0.000336 0.000336 0.000313 0.000221 0.000559 0.000645 0.006476 0.002801 0.008686 0.000312 0.000432 0.002952 0.000727 0.000441 0.000133 0.000304 0.000105 0.000193 0.000280 0.000115 0.000292 0.000181 0.000390 0.010765 0.000774 0.000774 0.000774 0.000774 0.000207 0.000138 0.000107 0.000171 0.000281 0.000104 0.000116 0.000163 0.000145 0.000226 0.001075 0.000551 0.000159 0.000498 0.001064 0.000774 0.000774 0.008367 0.009063 0.000289 0.006248 0.000774
0.000435 0.000413 0.003191 0.000471 0.000222 0.000282 0.002299 0.000294 0.000246 0.000181 0.000383 0.000221 0.000313 0.000336 0.000307 0.000313 0.000376 0.000997 0.011531 0.000244 0.000312 0.000228 0.000327 0.000305 0.000559 0.000727 0.000313 0.000169 0.000312 0.000193 0.000193 0.000304 0.000172 0.000178 0.000169 0.000349 0.000812 0.000774 0.000774 0.000774 0.000433 0.000207 0.000116 0.000219 0.000126 0.000195 0.000189 0.000133 0.000113 0.000127 0.000243 0.000190 0.000948 0.012124 0.000407 0.000774 0.000774 0.000774 0.000774 0.000774 0.000774 0.012201 0.000774
0.000517 0.000231 0.000467 0.000519 0.000299 0.000700 0.006998 0.000430 0.000177 0.000086 0.001377 0.000313 0.000413 0.000336 0.001188 0.000313 0.002299 0.000500 0.000534 0.000298 0.000312 0.000471 0.000471 0.000354 0.000336 0.000176 0.000379 0.000292 0.000410 0.000313 0.000165 0.000185 0.000437 0.000174 0.000463 0.000313 0.006635 0.000774 0.000774 0.000774 0.000201 0.000118 0.000106 0.000150 0.000238 0.000248 0.000170 0.000162 0.000175 0.000118 0.000118 0.000175 0.000349 0.004632 0.009257 0.000774 0.000774 0.000774 0.000774 0.000774 0.000774 0.000774 0.000774
0.001705 0.000207 0.010521 0.000256 0.000645 0.000302 0.006998 0.000281 0.000124 0.000075 0.000250 0.000313 0.000336 0.000336 0.000313 0.000313 0.000180 0.000790 0.000325 0.000313 0.000280 0.000254 0.000432 0.001188 0.001579 0.003328 0.000302 0.000279 0.000157 0.000299 0.000197 0.000172 0.000313 0.000192 0.000169 0.000208 0.000774 0.000774 0.000774 0.000774 0.000157 0.000203 0.000121 0.000215 0.000155 0.000302 0.006444 0.000337 0.000176 0.000238 0.000186 0.000259 0.000349 0.000774 0.000774 0.000774 0.000774 0.000774 0.000774 0.000774 0.000774 0.000774 0.000774
0.013570 0.000222 0.011833 0.000409 0.000664 0.000284 0.001420 0.006635 0.000485 0.000172 0.000300 0.000296 0.001188 0.000385 0.000221 0.000336 0.000428 0.000727 0.000444 0.000334 0.003065 0.000897 0.000321 0.000304 0.000267 0.000519 0.002299 0.000029 0.000236 0.000329 0.000258 0.000189 0.000227 0.000182 0.000444 0.000668 0.000306 0.000774 0.000774 0.000774 0.000210 0.000136 0.000166 0.000083 0.000194 0.000302 0.000133 0.000813 0.000195 0.000181 0.000181 0.000489 0.000774 0.000774 0.000774 0.000774 0.000774 0.000774 0.000774 0.000774 0.000774 0.000774 0.000774
0.006379 0.000325 0.001197 0.000198 0.000856 0.000282 0.000187 0.009829 0.000774 0.000191 0.000223 0.000168 0.000221 0.000413 0.000313 0.000313 0.001747 0.000310 0.000388 0.000313 0.001579 0.000188 0.000313 0.000173 0.000267 0.000727 0.002299 0.002299 0.000162 0.002127 0.000249 0.000176 0.000197 0.000193 0.000481 0.001463 0.000434 0.000774 0.000774 0.000774 0.000193 0.000191 0.000208 0.000153 0.000127 0.000711 0.000195 0.000238 0.000120 0.000279 0.000349 0.000238 0.000152 0.000774 0.000774 0.000774 0.000774 0.000774 0.000861 0.000774 0.000774 0.000774 0.000774
0.000655 0.011833 0.000175 0.000198 0.000376 0.001463 0.001643 0.000948 0.000191 0.000451 0.000223 0.000354 0.000433 0.000433 0.000312 0.000180 0.000506 0.000310 0.000298 0.000298 0.000275 0.000327 0.000313 0.000336 0.000500 0.000468 0.000559 0.000266 0.001094 0.000829 0.002715 0.000162 0.000178 0.000294 0.006697 0.000313 0.006635 0.000774 0.000774 0.000774 0.000166 0.000170 0.000261 0.000197 0.000295 0.000437 0.000195 0.000195 0.000313 0.000181 0.000181 0.000261 0.000238 0.000300 0.000774 0.000774 0.000774 0.000774 0.000774 0.001035 0.012201 0.010169 0.000774
0.000351 0.000226 0.000260 0.000790 0.000313 0.000221 0.000286 0.008696 0.000774 0.000393 0.000189 0.000303 0.000282 0.002592 0.000498 0.000402 0.000276 0.002645 0.000195 0.000313 0.000500 0.000221 0.001179 0.001007 0.000504 0.000559 0.002068 0.004712 0.001094 0.000351 0.000183 0.000313 0.000294 0.000181 0.000625 0.000132 0.000774 0.000774 0.000774 0.000774 0.000774 0.000097 0.000194 0.000170 0.000130 0.000222 0.000167 0.000238 0.000534 0.000181 0.000261 0.000261 0.000149 0.009682 0.000774 0.000774 0.000774 0.000774 0.000774 0.000774 0.000774 0.000774 0.000774
0.000157 0.000134 0.000212 0.000221 0.000221 0.000790 0.000213 0.008696 0.011884 0.000774 0.000282 0.000183 0.000313 0.000470 0.000270 0.000272 0.000139 0.000645 0.000313 0.000313 0.000564 0.000313 0.000313 0.000727 0.004469 0.006379 0.000700 0.000947 0.001094 0.000594 0.000195 0.000195 0.000192 0.000227 0.000227 0.000594 0.000212 0.000071 0.000774 0.000774 0.000774 0.000166 0.000195 0.000133 0.000169 0.000294 0.000159 0.000395 0.000566 0.000199 0.000245 0.000212 0.001073 0.000774 0.000774 0.000774 0.000774 0.000774 0.000774 0.000774 0.000774 0.000774 0.000774
0.000271 0.000204 0.000186 0.000336 0.012720 0.000453 0.000727 0.008696 0.012846 0.013455 0.001513 0.000312 0.000272 0.000580 0.000270 0.000261 0.002068 0.000325 0.002299 0.000222 0.000564 0.000313 0.000298 0.000298 0.002852 0.000700 0.000590 0.000521 0.013455 0.000282 0.002127 0.000194 0.000168 0.000463 0.000172 0.000306 0.000139 0.000774 0.000774 0.000774 0.000163 0.000128 0.000196 0.000134 0.000224 0.000259 0.000105 0.000312 0.005256 0.000178 0.000260 0.000260 0.000202 0.000128 0.000774 0.000774 0.000774 0.000774 0.000774 0.000774 0.000774 0.000774 0.000774
0.000271 0.000313 0.001188 0.000298 0.001083 0.013346 0.000336 0.000897 0.009682 0.010363 0.000425 0.000306 0.000345 0.000296 0.000312 0.000564 0.000564 0.000433 0.000340 0.000408 0.001188 0.000336 0.000319 0.000813 0.000443 0.006046 0.000136 0.000470 0.000832 0.000430 0.000187 0.000398 0.000192 0.000302 0.000193 0.000390 0.000774 0.000774 0.000774 0.000774 0.000157 0.000084 0.000125 0.000134 0.000185 0.000177 0.000212 0.000297 0.000489 0.000195 0.000238 0.000167 0.000324 0.000128 0.000774 0.000774 0.000774 0.000774 0.000774 0.000774 0.000774 0.000774 0.000774
0.000313 0.000312 0.000449 0.000482 0.000195 0.000435 0.000336 0.000523 0.000700 0.013570 0.006603 0.000535 0.000184 0.000566 0.001188 0.000427 0.000280 0.000313 0.000201 0.000290 0.000388 0.000778 0.000222 0.000790 0.000430 0.000774 0.000170 0.000727 0.000181 0.000427 0.000286 0.000254 0.000192 0.000197 0.000169 0.000169 0.000295 0.000774 0.000774 0.000774 0.000774 0.000041 0.000084 0.000173 0.000137 0.000166 0.000227 0.000227 0.000334 0.000195 0.000189 0.000086 0.000181 0.000774 0.011163 0.000774 0.000774 0.000774 0.000774 0.000774 0.000774 0.000774 0.000774
0.000226 0.001368 0.000221 0.001307 0.000500 0.000128 0.000313 0.000427 0.008327 0.000313 0.007686 0.000535 0.000280 0.000222 0.000313 0.002835 0.000445 0.000645 0.000201 0.001188 0.000313 0.000313 0.000790 0.001705 0.007369 0.000774 0.000424 0.000222 0.000222 0.000161 0.000282 0.000171 0.000283 0.000264 0.000332 0.000218 0.012579 0.000774 0.000774 0.000774 0.000611 0.000041 0.000137 0.000166 0.000137 0.000173 0.000227 0.000195 0.000160 0.000186 0.000209 0.000227 0.000181 0.004221 0.001344 0.001344 0.000774 0.009902 0.013453 0.000774 0.000774 0.007552 0.000774
0.000298 0.000313 0.000336 0.000298 0.000500 0.000298 0.000336 0.007085 0.008696 0.007343 0.001216 0.000460 0.000181 0.000187 0.000221 0.000313 0.000490 0.000298 0.000221 0.000313 0.000313 0.000313 0.000400 0.000432 0.007369 0.011833 0.000182 0.000354 0.000559 0.000369 0.000310 0.000563 0.000315 0.000098 0.000259 0.000528 0.000193 0.000774 0.000774 0.000774 0.000559 0.000058 0.000041 0.000084 0.000400 0.000182 0.000167 0.000189 0.000189 0.000186 0.000084 0.000136 0.000120 0.000472 0.000188 0.000774 0.000774 0.009902 0.001122 0.002680 0.012673 0.000723 0.012708
0.000221 0.000222 0.000313 0.000329 0.000228 0.000222 0.000917 0.000569 0.010596 0.000174 0.001132 0.001545 0.000734 0.000313 0.000239 0.000313 0.000313 0.000221 0.000221 0.000790 0.000313 0.000298 0.006728 0.000320 0.011833 0.000496 0.000176 0.000790 0.000222 0.000427 0.000166 0.000227 0.000304 0.000318 0.000313 0.000339 0.000193 0.000120 0.000774 0.000774 0.000774 0.003033 0.000098 0.000195 0.000197 0.000089 0.000166 0.000118 0.000164 0.000084 0.000166 0.000181 0.000181 0.000174 0.011125 0.010390 0.010390 0.000631 0.000312 0.000464 0.000471 0.000711 0.000312
0.000671 0.000232 0.000105 0.000197 0.000313 0.000298 0.000298 0.000790 0.005625 0.006281 0.001257 0.010140 0.000157 0.000286 0.000187 0.000313 0.000285 0.000221 0.000221 0.000645 0.000727 0.001705 0.006728 0.000324 0.000312 0.012781 0.000221 0.000313 0.000312 0.000427 0.000195 0.000177 0.000177 0.000290 0.000259 0.000194 0.000235 0.002885 0.000195 0.000774 0.000228 0.000157 0.000177 0.000154 0.000130 0.000240 0.000189 0.000132 0.000166 0.000167 0.000189 0.000189 0.000181 0.000434 0.010788 0.006215 0.000457 0.000460 0.000498 0.005256 0.005256 0.000967 0.004387
0.002166 0.001197 0.000068 0.000022 0.000293 0.000313 0.000336 0.000281 0.005625 0.007992 0.000494 0.010646 0.000402 0.000192 0.000221 0.000175 0.011833 0.000304 0.002299 0.000162 0.000325 0.000275 0.000838 0.012772 0.012772 0.000709 0.000313 0.000248 0.000329 0.000162 0.000304 0.000302 0.000384 0.000176 0.000163 0.001403 0.000183 0.000301 0.000774 0.000774 0.000143 0.000166 0.000191 0.000166 0.000167 0.000173 0.000218 0.000143 0.000133 0.000132 0.000317 0.000702 0.000702 0.000482 0.011982 0.000780 0.000445 0.011982 0.000323 0.002429 0.011125 0.000967 0.000498
0.006572 0.000158 0.000221 0.000336 0.000313 0.000145 0.000313 0.000058 0.000443 0.006969 0.000304 0.007027 0.008367 0.000281 0.000400 0.000727 0.012053 0.012053 0.000181 0.011833 0.006379 0.000197 0.000254 0.000434 0.000181 0.000187 0.000298 0.000362 0.000224 0.000181 0.000207 0.000235 0.000313 0.000146 0.000245 0.000481 0.000196 0.000256 0.000774 0.000774 0.000143 0.000157 0.000090 0.000137 0.000120 0.000135 0.000130 0.000139 0.000196 0.000354 0.000358 0.000282 0.000430 0.000806 0.000967 0.000283 0.007597 0.000276 0.000273 0.000485 0.000967 0.007056 0.000461
