Example_Watersheds/WA_MashelWatershed/DataInputs/o_3_ChemistryPools/Mashel_1990_Pools/NO3_Pool_4.asc
ncols         923
nrows         455
xllcorner     550005.67551598
yllcorner     5180549.8134422
cellsize      30
NODATA_value  -9999
[rows 336 to 363 of 455, columns 504 to 566 of 923]
0.000125 0.002392 0.000511 0.000287 0.000189 0.000313 0.003343 0.001234 0.000812 0.000443 0.000237 0.000237 0.000214 0.000184 0.000124 0.000085 0.000107 0.000105 0.000098 0.000102 0.000155 0.000051 0.000062 0.000118 0.000178 0.000289 0.000169 0.000086 0.000168 0.000333 0.000293 0.000191 0.000172 0.000194 0.000194 0.000180 0.000363 0.000194 0.000223 0.000376 0.000444 0.000410 0.000604 0.011508 0.000774 0.000191 0.000927 0.000245 0.000185 0.000139 0.000160 0.000121 0.000033 0.000048 0.000125 0.000110 0.000188 0.000170 0.000069 0.000156 0.000132 0.000140 0.000163
0.000154 0.000431 0.000443 0.000287 0.000287 0.005293 0.000311 0.000444 0.000460 0.001471 0.000273 0.000209 0.000196 0.000097 0.000110 0.000115 0.000078 0.000105 0.000044 0.000044 0.000087 0.000128 0.000127 0.000186 0.000178 0.000140 0.000174 0.000194 0.000039 0.000127 0.000270 0.000270 0.000184 0.000135 0.000221 0.000175 0.000195 0.000187 0.000223 0.000182 0.000251 0.009872 0.000502 0.000460 0.011009 0.011679 0.000334 0.000157 0.000251 0.000255 0.000055 0.000069 0.000166 0.000282 0.000183 0.000139 0.000260 0.000173 0.000173 0.000164 0.000086 0.000066 0.000095
0.000515 0.000194 0.000443 0.000282 0.000443 0.000313 0.000369 0.000384 0.001262 0.003298 0.000273 0.000118 0.000178 0.000100 0.000078 0.000084 0.000090 0.000105 0.000069 0.000047 0.000104 0.000174 0.000186 0.000186 0.000203 0.000112 0.000140 0.000161 0.000039 0.000200 0.000205 0.000163 0.000128 0.000121 0.000164 0.000194 0.000179 0.000195 0.000222 0.000101 0.000188 0.000899 0.000774 0.000481 0.000181 0.000846 0.000223 0.000422 0.000188 0.000222 0.000185 0.000185 0.000125 0.000029 0.000194 0.000194 0.000277 0.000185 0.000110 0.000038 0.000140 0.000132 0.000088
0.000774 0.010309 0.000461 0.000376 0.000443 0.002818 0.006148 0.010169 0.012248 0.000677 0.000241 0.000139 0.000093 0.000099 0.000104 0.000113 0.000113 0.000077 0.000220 0.000118 0.000137 0.000140 0.000119 0.000133 0.000169 0.000204 0.000127 0.000089 0.000160 0.000140 0.000171 0.000169 0.000061 0.000091 0.000095 0.000195 0.000214 0.000201 0.000174 0.000164 0.000404 0.000460 0.000774 0.000996 0.007230 0.000220 0.000312 0.000211 0.000190 0.000323 0.000245 0.000128 0.000139 0.000179 0.000162 0.000139 0.000277 0.000069 0.000050 0.000104 0.000140 0.000132 0.000163
0.010140 0.012426 0.000222 0.000273 0.000185 0.000798 0.006879 0.008915 0.008915 0.000897 0.005873 0.000611 0.000102 0.000105 0.000277 0.000184 0.000139 0.000284 0.000145 0.000160 0.000169 0.000140 0.000186 0.000095 0.000222 0.000143 0.000211 0.000145 0.000160 0.000189 0.000133 0.000102 0.000110 0.000219 0.000168 0.000168 0.000186 0.000260 0.000220 0.000181 0.010053 0.000774 0.006758 0.000774 0.000220 0.012781 0.000183 0.000197 0.000196 0.000163 0.000200 0.000139 0.000139 0.000158 0.000204 0.000199 0.000160 0.000094 0.000132 0.000117 0.000086 0.000066 0.000038
0.000516 0.001324 0.002968 0.000158 0.000263 0.000317 0.000798 0.003033 0.000496 0.001075 0.000433 0.000130 0.000164 0.000181 0.000277 0.000209 0.000304 0.000162 0.000188 0.000196 0.000278 0.000071 0.000118 0.000136 0.000143 0.000074 0.000073 0.000182 0.000182 0.000088 0.000077 0.000211 0.000120 0.000080 0.000163 0.000074 0.000105 0.000181 0.000194 0.010053 0.000225 0.010053 0.000774 0.000404 0.000465 0.012731 0.000223 0.000275 0.000181 0.000181 0.000226 0.000088 0.000315 0.000179 0.000195 0.000195 0.000233 0.000139 0.000139 0.000223 0.000065 0.000057 0.000106
0.000516 0.000269 0.000200 0.000186 0.000171 0.000349 0.000798 0.002818 0.000171 0.000253 0.000294 0.000226 0.000186 0.000118 0.000164 0.000201 0.000168 0.000109 0.000051 0.000147 0.000147 0.000129 0.000215 0.000148 0.000296 0.000131 0.000172 0.000255 0.000195 0.000191 0.000097 0.000102 0.000227 0.000110 0.000132 0.000127 0.000316 0.000172 0.000344 0.002592 0.003065 0.009682 0.000774 0.000218 0.002538 0.000310 0.000223 0.003313 0.000294 0.000997 0.000182 0.000223 0.000179 0.000245 0.000166 0.000156 0.000130 0.000135 0.000125 0.000137 0.000065 0.000102 0.000106
0.000369 0.000184 0.000195 0.000317 0.000461 0.000275 0.000508 0.000271 0.000443 0.000191 0.000194 0.000222 0.000222 0.000304 0.000078 0.000087 0.000196 0.000142 0.000170 0.000175 0.000189 0.000068 0.000193 0.000261 0.000191 0.000131 0.000197 0.000174 0.000144 0.000183 0.000115 0.000124 0.000227 0.000183 0.000227 0.000135 0.000288 0.000169 0.000172 0.002592 0.000641 0.000774 0.000166 0.000308 0.000404 0.009872 0.000433 0.006012 0.000465 0.000192 0.000185 0.000199 0.000197 0.000278 0.000189 0.000157 0.000251 0.000162 0.000194 0.000159 0.000069 0.000103 0.000127
0.005814 0.000288 0.000349 0.000133 0.000133 0.000195 0.000328 0.001170 0.000304 0.000443 0.000443 0.000258 0.000164 0.000102 0.000151 0.000145 0.000148 0.000284 0.000170 0.000140 0.000413 0.000195 0.000167 0.000175 0.000175 0.000186 0.000172 0.000211 0.000261 0.000168 0.000135 0.000139 0.000139 0.000166 0.000167 0.000219 0.000117 0.000093 0.000171 0.000213 0.000774 0.000774 0.000193 0.000283 0.000774 0.001064 0.012639 0.000283 0.000181 0.001075 0.000361 0.000279 0.000299 0.000205 0.000280 0.000195 0.000196 0.000162 0.000139 0.000139 0.000110 0.000036 0.000135
0.013539 0.008327 0.000383 0.000170 0.000133 0.000307 0.000328 0.000328 0.000304 0.000184 0.000120 0.000122 0.000044 0.000047 0.000151 0.000196 0.000169 0.000185 0.000169 0.000175 0.000108 0.000225 0.000177 0.000326 0.000326 0.000132 0.000174 0.000091 0.000273 0.000103 0.000169 0.000195 0.000113 0.000227 0.000282 0.000132 0.000088 0.000189 0.000222 0.000185 0.000774 0.000774 0.000774 0.000500 0.001238 0.006635 0.000774 0.000209 0.000180 0.000163 0.000361 0.000152 0.000152 0.000233 0.000128 0.000181 0.000224 0.000141 0.000055 0.000086 0.000069 0.000139 0.000051
0.013565 0.000183 0.000288 0.000305 0.000307 0.000571 0.000511 0.000446 0.000774 0.000333 0.000155 0.000071 0.000116 0.000133 0.000123 0.000299 0.000299 0.000248 0.000191 0.000292 0.000133 0.000196 0.000222 0.000237 0.000109 0.000196 0.000193 0.000194 0.000114 0.000103 0.000103 0.000170 0.000157 0.000200 0.000139 0.000115 0.000088 0.000132 0.000238 0.000774 0.000774 0.000774 0.000442 0.000500 0.000170 0.000566 0.000774 0.000313 0.000152 0.000252 0.000186 0.000183 0.000168 0.000108 0.000218 0.000160 0.000188 0.000171 0.000306 0.000185 0.000105 0.000115 0.000138
0.000552 0.005873 0.000337 0.000290 0.000193 0.000425 0.000190 0.001504 0.000202 0.000202 0.000189 0.000043 0.000143 0.000168 0.000171 0.000185 0.000188 0.000226 0.000118 0.000335 0.000189 0.000183 0.000222 0.000185 0.000191 0.000255 0.000171 0.000200 0.000194 0.000073 0.000095 0.000160 0.000110 0.000222 0.000183 0.000091 0.000091 0.000181 0.000162 0.000174 0.000774 0.000774 0.000774 0.000474 0.000160 0.000774 0.000957 0.000222 0.000160 0.000774 0.000191 0.000196 0.000313 0.000184 0.000138 0.000322 0.000194 0.000152 0.000193 0.000171 0.000066 0.000097 0.000105
0.000306 0.000306 0.000337 0.000363 0.000363 0.000285 0.000339 0.000360 0.012327 0.000297 0.000194 0.000196 0.000161 0.000274 0.000128 0.000171 0.000263 0.000222 0.000128 0.000098 0.000190 0.000285 0.000297 0.000102 0.000227 0.000322 0.000173 0.000305 0.000305 0.000156 0.000185 0.000178 0.000222 0.000093 0.000196 0.000171 0.000183 0.000174 0.000365 0.000276 0.000774 0.000774 0.000774 0.000170 0.000279 0.000293 0.001889 0.000209 0.000230 0.000258 0.000160 0.000337 0.000284 0.000136 0.000138 0.000312 0.000312 0.000194 0.000063 0.000159 0.000132 0.000039 0.000039
0.000170 0.000237 0.000342 0.000517 0.000173 0.000434 0.001463 0.000219 0.001537 0.000345 0.000269 0.000332 0.000140 0.000136 0.000142 0.000130 0.000190 0.000137 0.000135 0.000102 0.000173 0.000173 0.000310 0.000135 0.000188 0.000246 0.000180 0.000174 0.000191 0.000196 0.000133 0.000151 0.000218 0.010390 0.000135 0.000255 0.000245 0.000260 0.000313 0.000305 0.000774 0.000313 0.000195 0.000275 0.000565 0.000774 0.000220 0.000209 0.000774 0.000168 0.000280 0.000231 0.000305 0.000163 0.000086 0.000156 0.000190 0.000140 0.000117 0.000069 0.000120 0.000039 0.000044
0.000165 0.000491 0.004831 0.004831 0.000784 0.000806 0.000322 0.000216 0.000163 0.011472 0.000182 0.000187 0.000143 0.000143 0.000173 0.000193 0.000218 0.000109 0.000176 0.000049 0.000137 0.000166 0.000161 0.000192 0.000289 0.000192 0.000180 0.000190 0.000222 0.000163 0.000313 0.000195 0.010281 0.010390 0.000169 0.000287 0.000200 0.000181 0.000195 0.000163 0.000163 0.000344 0.000774 0.000147 0.000533 0.000774 0.000774 0.000957 0.000774 0.000442 0.000169 0.000185 0.000196 0.000196 0.000139 0.000139 0.000086 0.000022 0.000057 0.000057 0.000042 0.000039 0.000044
0.001622 0.000342 0.004831 0.000385 0.000169 0.000169 0.000162 0.000363 0.000223 0.009242 0.000774 0.000154 0.000151 0.000128 0.000129 0.000178 0.000161 0.000285 0.000327 0.000170 0.000774 0.000206 0.000137 0.000176 0.000113 0.000126 0.002280 0.000774 0.000222 0.000434 0.010694 0.000761 0.000774 0.000774 0.000774 0.000774 0.000169 0.000297 0.000312 0.000774 0.000363 0.000153 0.000194 0.000184 0.000445 0.009347 0.000774 0.001006 0.000774 0.000313 0.000184 0.000163 0.000185 0.000329 0.000135 0.000132 0.000068 0.000157 0.000057 0.000042 0.000042 0.000045 0.000044
0.000740 0.001225 0.001537 0.000191 0.000312 0.000214 0.000784 0.000188 0.000508 0.001189 0.000774 0.000167 0.000129 0.000168 0.000203 0.000196 0.000774 0.000277 0.000774 0.009809 0.000774 0.000178 0.000172 0.000774 0.000312 0.000312 0.000641 0.000774 0.000774 0.012639 0.000774 0.000774 0.000774 0.000774 0.000774 0.000761 0.000757 0.000169 0.000774 0.000774 0.000774 0.000194 0.000152 0.000917 0.000445 0.000194 0.000774 0.005768 0.000157 0.000191 0.000315 0.000163 0.000277 0.000329 0.000258 0.000132 0.000066 0.000069 0.000069 0.000041 0.000055 0.000078 0.000078
0.000508 0.001315 0.000185 0.000291 0.000684 0.000193 0.000443 0.001454 0.000286 0.007415 0.000774 0.000774 0.000141 0.000774 0.000774 0.001131 0.000774 0.000774 0.000774 0.000774 0.000774 0.000774 0.000774 0.000774 0.000774 0.000774 0.000774 0.000774 0.010694 0.000460 0.000774 0.000774 0.000774 0.000774 0.000774 0.000774 0.010694 0.000169 0.000291 0.000181 0.000182 0.000194 0.000181 0.000195 0.000115 0.000132 0.000184 0.000530 0.000305 0.000153 0.000196 0.000287 0.000312 0.000125 0.000139 0.000200 0.000021 0.000154 0.000086 0.000097 0.000055 0.000087 0.000021
0.000441 0.010878 0.000185 0.000344 0.000347 0.000342 0.000293 0.000276 0.000165 0.007415 0.012781 0.000774 0.000774 0.000774 0.000774 0.000774 0.000774 0.000774 0.000774 0.000774 0.000774 0.000774 0.000774 0.000774 0.000774 0.000774 0.000774 0.000774 0.000774 0.000774 0.000774 0.000774 0.000774 0.000774 0.000774 0.000774 0.000774 0.000774 0.000774 0.000759 0.000194 0.000327 0.000136 0.000207 0.000194 0.000197 0.000336 0.000306 0.000268 0.000179 0.000169 0.000312 0.000139 0.000139 0.000134 0.000052 0.000075 0.000068 0.000068 0.000139 0.000139 0.000185 0.000021
0.012697 0.012697 0.012697 0.000353 0.001910 0.000344 0.000204 0.000213 0.000295 0.000259 0.012121 0.000957 0.000774 0.000774 0.000774 0.000774 0.000774 0.000774 0.000774 0.000774 0.000774 0.000774 0.000774 0.000774 0.000774 0.000774 0.000774 0.000774 0.000774 0.000774 0.000774 0.000774 0.000774 0.000774 0.000774 0.000774 0.000774 0.000774 0.000759 0.000241 0.000222 0.000774 0.010670 0.000194 0.000194 0.000218 0.000241 0.000186 0.000268 0.000163 0.000163 0.000163 0.000162 0.000139 0.000088 0.000052 0.000104 0.000104 0.000068 0.000057 0.000163 0.000118 0.000084
0.008647 0.000179 0.000559 0.000220 0.000445 0.000380 0.000432 0.000223 0.000363 0.000324 0.000774 0.000273 0.000774 0.000774 0.000774 0.000774 0.000774 0.000774 0.000774 0.000774 0.000774 0.000774 0.000774 0.000774 0.000774 0.000774 0.000774 0.000774 0.000774 0.000774 0.000774 0.000774 0.000774 0.000774 0.000774 0.000774 0.000774 0.000774 0.000774 0.010336 0.000757 0.000774 0.000774 0.000176 0.000136 0.000201 0.000223 0.000160 0.000317 0.000197 0.000187 0.000301 0.000169 0.000179 0.000171 0.000134 0.000020 0.000103 0.000099 0.000053 0.000093 0.000094 0.000210
0.000812 0.000440 0.000559 0.000298 0.000164 0.000432 0.000432 0.000313 0.000156 0.000447 0.007731 0.000193 0.000774 0.000774 0.007461 0.000774 0.000774 0.000774 0.000774 0.000774 0.000774 0.000774 0.000774 0.000774 0.000774 0.000774 0.000774 0.000774 0.000774 0.000700 0.000774 0.000774 0.000774 0.000774 0.000774 0.000774 0.000774 0.000774 0.000774 0.000774 0.000774 0.000774 0.000774 0.000774 0.010621 0.000469 0.000184 0.000175 0.000351 0.000251 0.000298 0.000313 0.000188 0.000196 0.000233 0.000121 0.000074 0.000063 0.000106 0.000120 0.000126 0.000197 0.000051
0.000159 0.000279 0.000337 0.000209 0.000307 0.000254 0.000254 0.000313 0.000313 0.000295 0.000330 0.000168 0.000280 0.000257 0.000774 0.005908 0.000774 0.000774 0.000774 0.000774 0.000774 0.000774 0.000774 0.000774 0.000774 0.000774 0.000774 0.000774 0.000774 0.000774 0.000774 0.000774 0.000774 0.000774 0.000774 0.000774 0.000774 0.000774 0.000774 0.000774 0.000774 0.000774 0.000774 0.000774 0.000321 0.000133 0.000369 0.000182 0.000193 0.000305 0.000641 0.000279 0.000188 0.000183 0.000118 0.000125 0.000132 0.000151 0.000094 0.000120 0.000124 0.000124 0.000087
0.000306 0.000159 0.000321 0.000287 0.000527 0.000251 0.000388 0.000167 0.000202 0.000161 0.000167 0.000479 0.000774 0.000774 0.000312 0.000309 0.000774 0.000774 0.000774 0.000774 0.000774 0.000774 0.000774 0.000774 0.000774 0.000774 0.000774 0.000774 0.000486 0.000774 0.000774 0.000774 0.000774 0.000774 0.000774 0.000774 0.000774 0.000774 0.000774 0.000774 0.000774 0.000774 0.000774 0.000774 0.000311 0.000133 0.000266 0.000185 0.000229 0.000170 0.000344 0.000363 0.000184 0.000190 0.000323 0.000139 0.000110 0.000144 0.000068 0.000154 0.000136 0.000094 0.000104
0.010281 0.000278 0.000445 0.000280 0.000345 0.000295 0.000223 0.000551 0.000312 0.000165 0.000133 0.000184 0.000162 0.008952 0.011934 0.000774 0.000774 0.000774 0.000774 0.000774 0.000774 0.000774 0.000774 0.012846 0.000774 0.000774 0.000774 0.000774 0.000774 0.000774 0.000774 0.000774 0.000774 0.000774 0.000774 0.000774 0.000774 0.000774 0.000774 0.010670 0.000774 0.000774 0.000774 0.000774 0.000223 0.000171 0.000237 0.000114 0.000192 0.000087 0.000243 0.000173 0.000313 0.000194 0.000333 0.000278 0.000139 0.000200 0.000129 0.000126 0.000177 0.000058 0.000104
0.000458 0.000262 0.000342 0.000280 0.000173 0.000178 0.000255 0.000313 0.000188 0.000168 0.000168 0.000170 0.000299 0.000468 0.000774 0.000774 0.000774 0.000774 0.000774 0.000774 0.000774 0.000774 0.000899 0.000736 0.000736 0.000774 0.000774 0.000774 0.000774 0.000774 0.000774 0.000774 0.000774 0.000774 0.000774 0.000774 0.000774 0.010670 0.010670 0.000774 0.010694 0.000774 0.000774 0.000774 0.000281 0.000074 0.000184 0.000253 0.000230 0.000139 0.000104 0.000136 0.000740 0.000194 0.000180 0.000332 0.000139 0.000137 0.000105 0.000124 0.000131 0.000085 0.000094
0.000312 0.000541 0.000191 0.000191 0.000687 0.000265 0.000199 0.000440 0.000179 0.001446 0.000287 0.000283 0.000222 0.000365 0.000774 0.000774 0.000774 0.000774 0.000631 0.000774 0.000774 0.000774 0.000774 0.000774 0.000774 0.000774 0.000774 0.000774 0.000774 0.000774 0.000774 0.000774 0.000774 0.000774 0.000774 0.000774 0.000774 0.000774 0.010694 0.000774 0.000774 0.000774 0.000774 0.000196 0.000086 0.000061 0.000104 0.000104 0.000184 0.000139 0.000088 0.000088 0.000209 0.000218 0.000305 0.000300 0.000162 0.000157 0.000157 0.000110 0.000086 0.000185 0.000145
0.005873 0.000222 0.000440 0.000471 0.000342 0.000363 0.000440 0.000440 0.000440 0.000279 0.000299 0.000247 0.000238 0.000464 0.000369 0.000774 0.002146 0.000774 0.000772 0.000774 0.000774 0.000774 0.000774 0.000774 0.000774 0.000774 0.000774 0.000774 0.000774 0.000774 0.000774 0.000774 0.000774 0.000774 0.000774 0.000774 0.000774 0.000774 0.010670 0.000774 0.000774 0.000774 0.000299 0.000153 0.000175 0.000202 0.000110 0.000200 0.000184 0.000111 0.000125 0.000183 0.000314 0.000183 0.000183 0.000144 0.000292 0.000181 0.000192 0.000139 0.000154 0.000139 0.000022
