Example_Watersheds/WA_MashelWatershed/DataInputs/o_3_ChemistryPools/Mashel_1990_Pools/NO3_Pool_2.asc
ncols         923
nrows         455
xllcorner     550005.67551598
yllcorner     5180549.8134422
cellsize      30
NODATA_value  -9999
[rows 56 to 83 of 455, columns 126 to 188 of 923]
0.094031 0.094031 0.094031 0.094031 0.094031 0.094031 0.094031 0.094031 0.094031 0.025612 0.015251 0.031690 0.027754 0.025607 0.043008 0.027339 0.025843 0.038079 0.068309 0.094031 0.028909 0.038243 0.038243 0.024588 0.045655 0.028416 0.028785 0.102070 0.041828 0.055967 0.045142 0.077929 0.058287 0.222179 0.399002 1.276793 0.158677 1.664107 0.107560 0.059736 0.094031 0.094031 0.094031 0.094031 0.094031 0.094031 0.094031 0.094031 0.094031 0.028225 0.028225 0.189843 0.094031 0.094031 0.094031 0.056769 1.396108 0.029012 0.064230 0.094031 0.094031 0.094031 0.094031
0.094031 0.094031 0.094031 0.094031 0.094031 0.094031 0.114012 0.042284 0.029655 0.033492 0.060014 0.031690 0.025607 0.015251 0.015251 0.018876 0.029759 0.049891 0.199519 0.043922 0.041496 0.042742 0.026745 0.044129 0.038243 0.039720 0.107079 0.031904 0.026925 0.094031 0.041828 0.030413 0.113839 0.222179 0.308111 1.613942 0.094031 1.664107 0.094031 0.094031 0.094031 0.094031 0.094031 0.094031 0.094031 0.094031 0.094031 0.094031 0.094031 0.094031 0.094031 0.189843 0.094031 0.094031 0.094031 0.042555 0.015894 0.222179 0.033167 0.094031 0.094031 0.094031 0.094031
0.094031 0.094031 0.094031 0.094031 0.094031 0.094031 0.746864 0.746864 0.036451 0.029655 0.021801 0.017930 0.046278 0.022916 0.060014 0.026660 0.305720 0.044129 0.029302 0.053910 0.028383 0.041099 0.033744 0.044129 0.078836 0.107079 0.737551 0.094031 0.029593 0.043073 0.041828 0.044638 0.084178 0.042738 0.024024 0.024024 1.632848 0.114012 0.094031 0.094031 0.094031 0.094031 0.094031 0.094031 0.094031 0.094031 0.094031 0.094031 0.125766 0.094031 0.094031 0.094031 0.043181 0.094031 0.094031 0.028225 0.023901 0.074254 0.094031 0.094031 0.094031 0.094031 0.094031
0.094031 0.094031 0.094031 0.746864 0.094031 0.103434 0.094031 0.041878 0.056716 0.029655 0.034593 0.037689 0.022861 0.037618 0.028972 0.035740 0.305720 0.038243 0.053910 0.045069 0.024037 0.029655 0.021837 0.041862 0.028416 0.025680 0.069966 0.094031 0.094031 0.112516 0.028891 0.020188 0.028193 0.058699 0.024024 0.076451 1.676246 0.094031 0.094031 0.094031 0.094031 0.094031 0.094031 0.094031 0.094031 0.094031 0.094031 0.094031 0.094031 0.094031 0.094031 0.094031 1.112130 0.040838 0.040838 0.278875 0.057246 0.142026 0.070244 0.094031 0.094031 0.094031 0.094031
0.094031 0.094031 0.094031 0.094031 0.094031 1.673012 0.094031 0.045543 0.046806 0.107079 0.042940 0.024142 0.073605 0.025043 0.029426 1.406583 0.094031 0.031872 0.031690 0.031690 0.037618 0.031456 0.028193 0.617543 0.032329 0.031894 0.058539 0.094031 0.098347 0.042555 0.029655 0.021056 0.044638 0.058287 0.024024 0.222179 0.114012 0.094031 0.094031 0.094031 0.094031 0.094031 0.094031 0.094031 0.094031 0.094031 0.094031 0.094031 0.094031 0.094031 0.094031 0.094031 0.094031 0.026427 0.024861 0.278875 0.056769 0.029864 1.306020 0.094031 0.094031 0.094031 0.094031
0.094031 0.094031 0.094031 0.094031 0.094031 0.094031 0.042535 0.035460 0.107079 0.046663 0.122240 0.122240 0.026292 0.094031 0.102587 0.094031 0.039961 0.094031 0.042430 0.042774 0.037618 0.032603 0.059552 0.073323 0.027788 0.028400 0.506781 0.094031 0.032173 0.036858 0.039255 0.027052 0.087643 0.042954 0.024024 0.057950 0.094031 0.094031 0.094031 0.094031 0.094031 0.094031 0.094031 0.094031 0.094031 0.094031 0.094031 0.094031 0.094031 1.358798 0.094031 0.094031 0.094031 0.042940 0.026931 0.029012 0.094031 0.094031 0.094031 1.598370 0.094031 0.094031 0.094031
0.094031 0.094031 0.094031 0.094031 0.974860 0.094031 0.020052 0.031361 0.045081 0.790579 0.196326 0.303321 0.022743 0.094031 0.054772 0.059792 0.045655 0.034327 0.041496 0.054130 0.037618 0.027231 0.022436 0.041260 0.098074 0.030179 0.103357 1.632848 1.607080 0.041878 0.024465 0.041878 0.305720 0.025394 0.084178 0.742083 1.597592 0.094031 0.099908 0.099908 0.094031 0.094031 0.094031 0.094031 0.094031 0.094031 0.094031 0.094031 0.094031 0.094031 0.094031 1.331237 1.687936 0.026765 0.031914 0.047771 1.597592 0.076164 0.104620 0.029012 0.094031 0.094031 0.094031
0.094031 0.094031 0.094031 0.094031 1.437872 0.070800 0.020052 0.018171 0.019012 0.059339 0.196326 0.094031 0.094031 0.056716 0.043121 0.019012 0.023070 0.045069 0.073323 0.024917 0.022891 0.071690 0.029260 0.029260 0.045654 0.059552 0.026282 0.067638 0.076164 0.102587 0.030913 0.031013 0.041023 0.046088 0.074254 1.514980 0.043035 0.150449 0.041091 0.041091 0.094031 0.094031 0.094031 0.094031 0.094031 0.094031 0.094031 0.094031 0.094031 0.094031 0.094031 0.094031 0.094031 0.105861 0.027828 0.043104 0.038333 0.028399 0.036189 0.029012 1.450639 0.094031 0.094031
0.094031 0.094031 0.094031 0.094031 0.094031 0.071942 0.022612 0.015251 0.036858 0.026100 0.081528 1.588640 0.095578 0.027766 0.038013 0.038013 0.029302 0.024927 0.022918 0.041952 0.025990 0.054130 0.018290 0.027231 0.031976 0.029260 0.045654 0.094031 0.094031 0.054130 0.033209 0.031013 0.024024 0.026437 0.166118 0.324614 0.094031 0.149274 0.041091 0.038790 0.071079 0.094031 1.479402 1.479402 0.094031 0.094031 0.144572 0.094031 0.094031 0.094031 0.094031 0.099908 0.112837 0.032015 0.024789 0.219506 0.067835 0.018489 0.018489 0.086784 0.094031 0.094031 0.094031
0.094031 0.094031 0.094031 0.029861 0.033026 0.027665 0.023532 0.038243 0.038243 0.038243 0.038243 0.094031 0.094031 0.094031 0.094031 0.034748 0.030100 0.024927 0.043775 0.032183 0.034346 0.038243 0.038243 0.027231 0.031976 0.094031 0.035675 0.039961 0.963485 0.025406 0.032232 0.041674 0.031750 0.031750 0.034755 0.026122 0.024982 1.551098 0.555363 0.382361 0.039797 0.041091 1.479402 0.094031 0.094031 0.094031 0.094031 0.094031 0.094031 0.121065 0.094031 0.039481 0.040838 0.046088 0.024024 0.074254 0.034425 0.023818 0.042803 0.094031 0.094031 0.094031 0.094031
0.094031 0.094031 0.107079 0.107079 0.031690 0.036961 0.033744 0.029179 0.022612 0.029314 0.045654 0.158677 0.094031 0.094031 0.023630 0.023048 0.031354 0.024930 0.027828 0.022151 0.033456 0.074681 0.074681 0.034792 0.031509 0.048089 0.043008 0.043008 0.094031 0.094031 0.025043 0.036899 0.043178 0.048200 0.023033 1.479402 1.415307 0.203724 1.618748 0.094031 0.094031 0.199519 0.094031 0.069412 0.094031 0.094031 0.094031 0.094031 0.094031 0.121065 1.437872 0.039797 0.041852 0.056577 0.049322 0.049322 0.032183 0.021684 0.565932 0.156326 0.094031 0.094031 0.094031
0.094031 0.035980 0.055678 0.022858 0.027009 0.026194 0.028785 0.016894 0.027231 0.027231 0.045654 0.158677 0.094031 0.025258 0.042284 0.041496 0.036335 0.026862 0.029655 0.029655 0.029655 0.034419 0.023818 0.024037 0.025607 0.055678 0.024588 0.040660 1.556085 0.045142 1.578739 0.074254 0.020555 0.024982 0.027649 1.479402 0.094031 0.094031 0.108135 0.094031 0.094031 1.164185 0.094031 0.032877 0.902768 0.111662 0.094031 0.094031 0.094031 0.094031 0.103434 0.094031 1.622945 0.069552 0.026562 0.018489 0.034949 0.027649 0.092719 0.094031 0.094031 0.094031 0.094031
0.094031 0.031013 0.029824 0.017395 0.021801 0.036286 0.018171 0.050836 0.059552 0.022436 0.031072 0.094031 0.094031 0.094031 0.034419 0.032028 0.043637 0.020452 0.107079 0.048089 0.098619 0.034419 0.026427 0.037693 0.043637 0.166118 0.094031 0.059552 1.556085 0.043269 0.026788 0.034425 0.114012 0.150449 0.097801 0.149274 0.094031 0.094031 0.094031 0.146961 0.146961 0.163379 0.094031 0.094031 0.308111 0.070800 0.066256 0.094031 0.094031 0.094031 0.038798 0.045297 0.150449 0.083299 0.256165 0.028399 0.034425 1.617603 0.094031 0.094031 0.094031 0.040852 0.094031
0.094031 0.040712 0.094031 0.034792 0.027231 0.074681 0.030907 0.031735 0.073605 0.022436 0.098619 1.627337 0.319941 0.095578 0.030527 0.030913 0.040454 0.043121 0.029655 1.537967 0.094031 0.098890 0.027788 0.020188 0.024588 1.540669 0.026660 0.027459 0.026224 0.015894 0.094031 0.094031 0.094031 0.099908 0.092136 0.149274 0.144501 0.094031 0.094031 0.159852 0.094031 0.094031 0.103865 0.807595 0.094031 0.043803 1.664107 0.094031 0.094031 0.094031 0.148099 0.024037 0.094031 0.083299 0.022265 0.034425 0.074254 0.094031 0.094031 0.094031 0.094031 0.045381 0.024442
0.094031 0.074171 0.031436 0.094031 0.026252 0.038690 0.021643 0.018831 0.047977 0.033254 0.038243 0.041731 0.027037 0.045654 0.037856 0.031156 0.027443 0.043061 0.103611 0.030742 0.094031 0.022347 0.056716 0.029655 0.029655 0.028826 0.031750 0.032084 0.033282 0.028186 0.015665 0.094031 1.379509 0.026054 0.042342 1.416585 0.098074 0.098619 0.094031 0.159852 0.052827 0.095014 0.094031 0.060014 0.094031 0.112837 1.664107 0.094031 0.094031 0.094031 0.029824 0.024588 0.024588 0.027014 0.047456 0.027899 0.026382 0.094031 0.094031 0.094031 0.030939 0.030078 0.094031
0.021597 0.038326 0.029025 0.022436 0.028193 0.032173 0.022464 0.044129 0.022891 0.044308 0.030346 0.035155 0.022118 0.028891 0.028371 0.054130 0.054130 0.043501 0.022656 0.030492 0.043121 0.024442 0.023694 0.042954 0.039548 0.028826 0.024024 0.043110 0.057246 0.043269 0.094031 0.041862 1.379509 0.101810 0.059126 0.276385 0.022202 0.045543 0.047947 0.056716 0.047663 1.373739 0.149274 0.024458 0.024458 0.037872 0.040187 0.094031 0.094031 0.094031 0.033111 0.030527 0.047456 0.025415 0.058592 0.047494 1.276793 0.319941 0.034734 0.038243 0.027698 0.029260 0.159852
0.029927 0.058352 0.020188 0.027946 0.028193 0.037200 0.049891 0.041102 0.029510 0.029510 0.029177 0.037618 0.039255 0.832501 0.040660 0.049217 0.026949 0.050876 0.094031 0.045142 0.036737 0.032406 0.094031 0.024024 0.024024 0.024024 0.057246 0.023606 0.043269 0.094031 0.094031 0.028451 0.022399 0.094031 1.401405 0.349729 0.073605 0.032927 0.073196 0.026715 0.049498 0.028857 0.022966 0.028972 0.016168 0.083299 0.094031 0.094031 0.038243 0.026186 0.031855 0.094031 0.043024 0.022831 0.027802 0.047456 0.399002 0.319941 0.023898 0.022993 0.028361 0.029204 0.094031
0.094031 0.027231 0.101025 0.044638 0.106107 0.034348 0.027833 0.024594 0.070244 0.025961 0.024037 0.016894 0.033456 0.276385 0.187653 0.037170 0.038013 0.230146 0.037631 0.030369 0.056577 0.027899 0.041952 0.037775 0.042890 0.056769 0.024065 0.061826 0.061826 0.094031 0.094031 0.094031 0.216826 0.094031 0.104609 0.094031 0.148099 0.022787 0.112837 0.025095 0.094031 0.390748 0.026945 0.028972 0.054916 0.042860 0.094031 0.040924 0.024599 0.038243 0.031855 0.098619 0.094031 0.101287 0.094031 0.030413 0.030413 0.057246 0.058287 0.094031 0.017646 0.028826 0.072856
0.041653 0.107079 0.020957 0.025963 0.025415 0.033774 0.024588 0.066667 0.094031 0.094031 0.028847 0.024949 0.022822 0.024148 0.528579 0.052827 0.038460 0.044922 0.028273 0.088498 0.039631 0.039631 0.024802 0.028826 0.023901 0.021326 0.023004 0.045654 0.094031 0.094031 0.094031 0.094031 0.094031 0.094031 0.042738 0.112837 0.148099 0.103865 0.094031 0.040125 0.031084 0.042954 0.028061 0.039158 0.094031 0.094031 0.094031 0.094031 0.094031 0.037367 0.015894 0.235416 0.094031 0.094031 0.023701 0.027009 0.026943 0.027459 0.041496 0.040113 0.024688 0.023630 0.042656
0.094031 0.023131 0.019747 0.032202 0.022732 0.049172 0.041862 0.041011 0.094031 0.090613 0.027339 0.041740 0.072696 0.072696 0.024320 0.024619 0.027935 0.028306 1.465325 0.034734 0.032905 0.024762 0.028826 0.032905 0.031526 0.033494 0.198458 0.022391 0.067213 0.094031 0.026745 0.096419 0.094031 0.094031 0.073323 0.079738 0.095297 0.094031 0.094031 0.094031 0.029951 0.029951 0.052705 0.023180 0.094031 0.957747 0.094031 0.094031 0.094031 0.094031 1.336639 0.066190 0.192019 0.095578 0.024982 0.037286 0.027788 0.032015 0.035368 0.036737 0.024429 0.023630 0.024814
0.094031 0.023131 0.028447 0.033983 0.020189 0.096382 0.072198 0.032546 1.368859 0.777600 0.029198 0.023349 0.041111 0.963485 0.028348 0.026136 0.052903 0.043560 0.056554 0.024759 0.030011 0.020555 0.024814 0.034425 0.020774 0.034425 0.026193 0.027014 0.041339 0.025406 0.044803 0.094031 0.094031 0.049891 0.031573 0.028776 0.037861 0.094031 0.094031 0.094031 0.027472 0.031729 0.028775 0.020188 0.057038 0.136345 0.094031 0.094031 0.071637 0.094031 0.027434 0.015950 0.031734 0.023694 0.024982 0.094031 0.023156 0.032927 0.094031 0.029931 0.029931 0.027157 0.201629
0.094031 0.094031 0.036899 0.042968 0.038897 0.094031 0.104609 0.032367 0.055246 0.041176 0.029931 0.036539 0.175346 0.268865 0.040655 0.040187 1.526777 0.033167 0.036539 0.089347 0.031613 0.033282 0.023033 0.094031 0.104118 0.104118 0.028193 0.031536 0.032183 0.023369 0.028273 0.094031 0.094031 0.049891 0.094031 0.094031 0.887730 0.094031 0.094031 0.070800 0.027472 0.022228 0.036451 1.537967 0.094031 0.029239 1.548548 1.708075 0.083299 0.064230 0.020890 0.021229 0.024688 0.024688 0.024641 0.035389 0.094031 0.032002 0.027730 0.029447 0.026943 1.336639 0.156326
0.060241 0.017838 0.073323 0.046232 0.094031 0.807595 0.165729 0.094031 0.094031 0.094031 0.430696 0.156656 0.175346 0.094031 0.094031 0.094031 0.129292 0.129292 0.951980 0.571186 1.607220 0.028640 0.027687 0.132819 0.094031 0.094031 0.031536 0.036347 0.027828 0.027141 0.028273 0.094031 0.150449 0.094031 0.094031 0.094031 0.094031 0.094031 0.094031 0.094031 0.094031 0.044254 0.014363 0.098074 0.073041 0.073041 0.027037 0.026426 0.040167 0.039961 0.024892 0.032877 0.028938 0.036451 0.038243 0.035180 0.924706 0.029824 0.025520 0.039645 1.707707 0.129433 0.305720
0.048089 0.039118 0.031734 0.755556 0.094031 0.807595 0.126942 0.116363 1.517986 1.492871 0.094031 0.094031 0.094031 0.094031 0.094031 0.094031 0.709924 0.394892 1.607220 1.703330 0.039467 0.033492 0.070975 1.607220 0.094031 0.094031 1.199797 0.029375 0.030197 0.048545 0.041644 0.094031 0.094031 0.278875 0.094031 0.094031 0.094031 0.094031 0.094031 0.042989 0.094031 1.379509 0.043045 0.021286 0.034419 0.025215 0.073445 0.027060 0.028061 0.031583 0.028181 0.032877 0.044405 0.022488 0.028181 0.031807 0.045216 0.045365 0.025520 0.025142 1.523885 1.040704 0.094031
0.043029 0.027141 0.049514 0.094031 0.064230 1.208405 0.094031 0.094031 1.448946 0.094031 0.094031 0.094031 0.094031 0.077025 0.094031 0.094031 0.124591 0.094031 1.703330 1.617603 0.040944 0.312868 1.437872 1.607220 0.094031 0.094031 0.094031 0.069136 0.030711 0.030711 0.027352 0.824282 0.094031 0.094031 0.094031 0.094031 0.094031 0.094031 0.094031 0.094031 0.068875 0.027085 0.027629 0.024641 0.034419 0.041260 0.076629 0.026437 0.019672 0.045924 0.095578 1.439226 0.020890 0.022488 0.023734 0.027009 0.027629 0.027629 0.028840 0.031978 0.044638 0.056662 0.268865
0.032732 0.043110 0.031937 0.047112 0.091451 0.094031 0.094031 0.094031 0.094031 0.807595 0.119889 0.094031 0.094031 1.594126 1.148539 0.094031 0.124591 1.633961 0.082416 0.921101 0.073323 0.094031 0.094031 0.094031 0.094031 0.094031 0.094031 0.094031 0.026862 0.032153 0.199519 0.094031 0.094031 0.094031 0.094031 0.094031 0.094031 0.094031 0.094031 0.094031 1.390693 0.020890 0.024588 0.048089 0.024902 0.046999 0.083299 0.042940 0.196326 0.196326 0.094031 0.094031 0.094031 0.021477 0.022488 0.057819 0.038749 0.026252 0.026600 0.031013 0.484652 0.921101 1.613942
0.026562 0.038013 0.031937 0.054245 0.132819 0.094031 0.094031 0.094031 0.094031 0.807595 0.138695 0.094031 0.129292 1.257566 1.257566 1.331237 0.119889 0.057146 0.059445 0.037947 0.138695 0.351962 1.636772 0.094031 0.094031 0.094031 0.094031 0.094031 0.041705 0.031734 0.095578 0.094031 0.094031 0.094031 0.094031 0.094031 0.094031 0.094031 0.094031 0.094031 0.094031 0.040660 0.040660 0.031509 0.022612 0.038243 0.029260 0.040822 0.025180 0.293642 0.094031 0.094031 0.030084 0.022488 0.024599 0.057819 0.036200 0.028061 0.025043 0.044906 0.036899 0.887730 1.613942
0.075593 0.024588 1.269191 0.101083 0.094031 0.126942 1.437872 0.094031 0.123415 1.542354 0.094031 1.607220 1.331237 0.338437 0.046033 0.071917 0.056931 0.094031 0.094031 0.094031 0.094031 0.094031 1.661354 0.094031 0.094031 0.094031 0.094031 0.094031 0.094031 0.079738 0.103611 0.094031 0.094031 0.094031 0.094031 0.094031 0.094031 0.094031 0.094031 0.094031 0.094031 0.083299 0.037740 0.026186 0.038243 0.040449 0.026353 1.295282 0.025180 0.032440 0.054772 0.351962 0.057038 0.023216 0.029739 0.042738 0.029655 0.094031 0.094031 0.040626 0.044179 0.044179 0.156326
