Example_Watersheds/WA_MashelWatershed/DataInputs/o_3_ChemistryPools/Mashel_1990_Pools/NO3_Pool_2.asc
ncols         923
nrows         455
xllcorner     550005.67551598
yllcorner     5180549.8134422
cellsize      30
NODATA_value  -9999
[rows 308 to 335 of 455, columns 441 to 503 of 923]
0.075660 0.025351 0.028295 0.034734 0.028867 0.044308 0.032435 0.025003 0.040822 0.026437 0.028295 0.029927 0.028295 0.045673 0.045673 0.045673 0.029077 0.076164 0.057565 0.044328 0.025741 0.035583 0.028146 0.024443 0.033217 0.032028 0.019748 0.046230 0.016163 0.053608 0.045381 0.027953 0.020382 0.109215 0.017074 1.632388 0.041722 0.018736 0.026021 0.032143 0.671933 0.043922 1.087286 1.087286 1.520955 0.025741 0.026427 0.045381 0.063262 0.062091 0.063262 1.707955 1.664107 1.684358 0.123415 0.118714 1.575638 0.148099 0.061296 0.094031 0.094031 0.094031 0.764436
0.067573 0.028806 0.059010 0.840638 0.057736 0.044308 0.042656 0.041155 0.041155 0.029927 0.045673 0.057554 0.029927 0.023177 0.045673 0.036539 0.045673 0.040449 0.042926 0.032319 0.026089 0.025507 0.043020 0.027838 0.028864 0.028146 0.027730 0.031129 0.041170 0.045381 0.021125 0.029078 0.048830 0.109679 0.023351 0.068309 0.068309 0.041484 0.033390 0.027498 0.027548 0.023065 0.024681 0.076629 0.227498 0.043922 0.033584 0.041007 0.033492 0.049172 0.095297 1.401405 1.468901 0.102258 0.094031 0.094031 0.208734 0.138695 1.633961 0.094031 1.707190 0.974860 1.212664
0.032454 0.042992 0.106351 0.075660 0.068616 0.042742 0.044929 0.072759 0.046176 0.028295 0.025507 0.026943 0.022243 0.040449 0.043481 0.040449 0.029927 0.045673 0.028295 0.056574 0.029788 0.038972 0.041170 0.027586 0.040626 0.044328 0.028146 0.021125 0.021125 0.024918 0.032094 0.027953 0.021125 0.021125 0.034286 0.042968 0.022708 0.030869 0.071079 0.032300 0.026715 0.065192 0.042758 0.094031 0.227498 0.028577 0.053608 0.047439 0.042798 0.031625 0.094730 1.401405 0.394892 0.315234 0.094031 0.240653 0.123415 0.117539 0.094031 0.069966 1.309540 0.094031 0.105785
0.031937 0.025553 0.043176 0.029281 0.075660 0.049891 0.069412 0.072759 0.029140 0.048937 0.042656 0.065039 0.039481 0.022243 0.022243 0.026943 0.041254 0.028295 0.028295 0.046278 0.045673 0.044403 0.048710 0.045673 0.032251 0.076737 0.045081 0.025992 0.029422 0.049217 0.032094 0.029028 0.028321 0.023797 0.031193 0.028797 0.044346 0.030869 1.707955 1.373739 0.059232 1.336639 0.094031 0.165729 0.094031 0.066939 0.071437 0.037689 0.028879 0.073693 0.031988 0.069076 0.094031 0.091451 1.669161 0.106960 1.461710 0.094031 1.692755 0.248447 1.140967 0.094031 0.026649
0.031072 0.071358 0.035790 0.042251 0.057253 0.022243 0.031403 0.072759 0.023968 0.048937 0.023177 0.042656 0.042656 0.029322 0.022303 0.038112 0.026943 0.028425 0.028295 0.057565 0.036539 0.029592 0.036539 0.045673 0.041838 0.045272 0.028613 0.024518 0.044328 0.031894 0.027658 0.032319 0.028844 0.027725 0.048351 0.041565 0.032294 1.486213 1.592335 1.450639 1.450639 1.561582 0.094031 1.077141 0.842412 0.094031 0.038525 0.024963 0.059445 0.056716 0.042354 0.070163 1.707884 1.624502 0.094031 1.435346 1.396108 0.042724 0.059392 0.032732 0.030080 0.028917 1.159601
0.043244 0.032338 0.035790 0.029220 0.042581 0.042581 0.023688 0.022243 0.025003 0.060569 0.027802 0.065192 0.036939 0.042656 0.040206 0.023177 0.026943 0.029927 0.036899 0.068860 0.062890 0.077111 0.045673 0.040550 0.024178 0.024917 0.032338 0.022787 0.027432 0.037429 0.030972 0.042803 0.042803 0.045081 0.026730 0.032025 0.097526 0.094031 1.537967 1.604070 1.636772 1.625694 1.306020 1.688638 0.245857 0.115159 0.041155 0.028840 0.059445 0.072194 0.059445 0.025460 0.028295 0.037862 1.700018 1.435346 0.023674 0.027359 0.807595 0.024564 0.024564 0.031249 0.028844
0.413129 0.017752 0.029001 0.024615 0.019018 0.041453 0.040449 0.027432 0.043750 0.047251 0.038028 0.107799 0.064769 0.059072 0.041882 0.040287 0.043653 0.029927 0.041254 0.046422 0.042656 0.028295 0.028295 0.034461 0.037429 0.037429 0.032290 0.042153 0.031914 0.057235 0.057565 0.052705 0.047946 0.041689 0.026730 0.378117 1.526777 0.602276 1.195449 0.760006 1.537967 1.625694 1.013791 1.593893 0.091843 1.676246 0.211439 0.069689 0.038013 0.036093 0.028417 0.037425 0.059445 0.018110 0.029281 0.024437 0.023349 0.026715 0.023369 0.040196 0.034217 0.021422 0.019151
0.041838 0.027964 0.043934 0.023982 0.031709 0.040737 0.029136 0.072759 0.025507 0.027802 0.028295 0.065039 0.043653 0.059072 0.058004 0.043009 0.022243 0.029322 0.042572 0.042656 0.064769 0.028295 0.029927 0.042238 0.036539 0.045673 0.036539 0.036539 0.045673 0.030798 0.024148 0.022303 0.028939 0.029102 0.067835 0.096139 1.140967 1.617603 1.706006 1.636772 0.094031 0.094031 0.110486 0.022243 0.022243 0.105615 0.118714 0.777600 0.057629 0.124293 0.022426 0.032232 0.023682 0.024613 0.037147 0.043027 0.037095 0.026715 0.022916 0.018244 0.029377 0.028229 0.022905
0.099964 0.043934 0.041539 0.040737 0.040595 0.040857 0.029136 0.028122 0.056577 0.056577 0.039091 0.022243 0.058859 0.023177 0.043176 0.023773 0.022243 0.023898 0.288753 0.042656 0.042656 0.296074 0.045673 0.038119 0.104118 0.022243 0.045673 0.133249 0.065580 0.032319 0.048710 0.068598 0.037975 0.037170 0.026234 0.033736 0.409134 0.409134 1.684358 0.094031 1.684358 0.094031 1.707955 1.387941 0.042937 1.072025 0.887730 0.146923 0.151838 0.036539 0.026998 0.038013 0.023682 0.027118 0.028273 0.047692 0.028996 0.029527 0.023969 0.018244 0.040265 0.043015 0.025988
0.023828 0.023828 0.037645 0.043274 1.126681 0.030008 0.052229 0.072446 0.067760 0.023177 0.042877 0.029426 0.068309 0.060136 0.045788 0.052229 0.048200 0.060292 0.094160 0.068598 0.069907 0.048710 0.048710 0.088071 0.043054 0.028295 0.028295 0.045673 0.029927 0.029927 0.023898 0.023004 0.028806 0.041852 0.027157 0.025713 0.029322 0.088498 1.684358 1.653408 0.094031 0.094031 1.637099 0.042860 1.401405 1.072025 1.701344 1.602812 0.077111 0.038714 0.025670 0.025670 0.024594 0.071437 0.051306 0.023809 0.028996 0.019603 0.029442 0.033760 0.027479 0.025670 0.016486
0.555363 0.047191 0.043176 0.037137 0.046663 0.043954 0.075023 0.354187 0.022243 0.038749 0.047251 0.128153 0.042656 0.037975 0.026687 0.038112 0.041111 0.060292 0.040841 0.036179 0.068598 0.104118 0.077111 0.048487 0.043172 0.057554 0.040737 0.029927 0.041111 0.045673 0.028295 0.023004 0.042234 0.052229 0.028939 0.045081 0.071690 0.034461 0.101083 0.094031 0.094031 0.094031 1.669161 1.537967 1.657398 1.706247 0.059445 0.810202 0.910163 0.032300 0.032015 0.032232 0.031560 0.028122 0.038607 0.051306 0.027450 0.019603 0.025195 0.024396 0.032106 0.030859 0.037924
0.023688 0.053869 0.029824 0.037137 0.025200 0.083299 0.058699 0.041181 0.042656 0.042742 0.047251 0.098347 0.058572 0.058572 0.045673 0.070419 0.042581 0.048513 0.296074 0.088071 0.023982 0.039487 0.041329 0.058378 0.071183 0.023898 0.094160 0.050836 0.053575 0.296074 0.045673 0.044403 0.042535 0.041653 0.041486 0.043987 0.031914 0.041254 0.266341 0.149274 0.094031 0.094031 1.700927 0.094031 1.701782 1.703668 0.025741 0.094031 0.146961 0.024789 0.030941 0.049172 0.026054 0.038607 0.055178 0.031975 0.027450 0.025657 0.048545 0.029219 0.038013 0.044306 0.037924
0.032215 0.047771 0.029001 0.026292 0.022243 0.031709 0.031709 0.067760 0.033311 0.042656 0.187653 0.041644 0.024518 0.039481 0.045673 0.088071 0.042234 0.088071 0.296074 0.133249 0.094160 0.057950 0.082416 0.200575 0.200575 0.045673 0.037258 0.042076 0.021056 0.296074 0.045673 0.023634 0.045673 0.045673 0.036539 0.037775 0.028032 0.045673 0.041965 0.024272 1.707190 0.136345 1.700927 0.056231 1.479402 0.074171 1.556085 0.078383 0.029646 0.024789 0.029613 0.040196 0.025670 0.030939 0.059019 0.050536 0.027597 0.051306 0.048545 0.031690 0.026993 0.026993 0.020581
0.028447 0.036579 0.047736 0.030913 0.043577 0.052229 0.055441 0.052827 0.031403 0.042656 0.057736 0.039550 0.022243 0.028295 0.022555 0.068860 0.065580 0.065580 0.195255 0.057736 0.094160 0.057950 0.094160 0.064769 0.133249 0.195255 0.039676 0.031181 0.029001 0.048710 0.031965 0.043425 0.029322 0.045673 0.028081 0.037775 0.045673 0.045673 0.050876 0.073323 0.049777 0.105368 0.045297 0.029640 0.031472 0.052229 0.033780 0.042426 0.021086 0.020494 0.022858 0.030801 0.031296 0.069134 0.063262 0.037924 0.031781 0.039867 0.032148 0.040970 0.039970 0.023180 0.020581
0.026862 0.043750 0.038317 0.038790 0.059179 0.032148 0.085486 0.052827 0.036539 0.065580 0.042933 0.024759 0.044921 0.042656 0.022555 0.047520 0.195255 0.195255 0.077111 0.088071 0.068598 0.025530 0.042076 1.253632 0.094160 0.104118 0.047186 0.048710 0.040864 0.033774 0.072446 0.045673 0.042837 0.027124 0.040368 0.032319 0.032319 0.024963 0.023898 0.024963 0.017440 0.046278 0.031543 0.031356 0.029360 0.029360 0.026305 0.042379 0.043728 0.056495 0.045381 0.039487 0.028939 0.032232 0.029801 0.037185 0.039867 0.063262 0.063262 0.041674 0.039970 0.026484 0.021422
0.026862 0.082416 1.578739 0.027742 0.038510 0.063961 0.051215 0.057565 0.034734 0.063309 0.063309 0.028464 0.047251 0.047251 0.189843 0.057023 0.023810 0.039046 0.077111 0.094160 0.095859 0.041852 0.032319 0.161416 0.094160 0.094160 0.022961 0.026643 0.045673 0.025351 0.088071 0.133249 0.026943 0.026165 0.028295 0.028295 0.045220 0.045220 0.045673 0.041111 0.043085 0.028295 0.032183 0.023577 0.040626 0.039631 0.026305 0.056495 0.041868 0.029302 0.042234 0.023434 0.043287 0.032232 0.041408 0.049172 0.024843 0.512261 0.030248 0.062091 0.037095 0.032286 0.030859
0.023940 0.058791 0.058791 0.113839 1.043249 0.565932 0.031914 0.043172 0.037862 0.030939 0.042076 0.057911 0.067760 0.048487 0.074435 0.068860 0.068598 0.029927 0.041254 0.077111 0.238039 0.044403 0.041011 0.094160 0.094160 0.094160 0.044803 0.024272 0.029239 0.048710 0.048710 0.048513 0.043577 0.031985 0.028295 0.028749 0.109910 0.026556 0.045673 0.041111 0.040449 0.024963 0.031414 0.028640 0.039631 0.029314 0.030669 0.025881 0.052229 0.031709 0.066256 0.048351 0.031989 0.038013 0.040655 0.026078 0.041539 0.059605 1.298891 0.042276 0.048351 0.027301 0.024396
0.042822 0.028702 1.326699 0.047800 1.295282 1.700927 0.168447 0.062220 1.280550 1.472439 0.029634 0.057911 0.029732 0.047251 0.033600 0.088071 0.057146 0.296074 0.041254 0.190933 0.038800 0.094160 0.023982 0.296074 0.031914 0.111189 0.367364 0.050196 0.056608 0.067048 0.065039 0.043577 0.045673 0.031403 0.031403 0.029405 0.028081 0.044319 0.044328 0.045673 0.027500 0.030078 0.025478 0.029219 0.022656 0.025990 0.028081 0.069966 0.094031 0.094031 0.025351 0.755556 0.042276 0.031586 0.028186 0.041007 0.071917 0.184340 0.041496 0.203724 0.045673 0.022656 0.024832
0.848693 0.059498 0.056554 0.084615 1.295282 1.707707 1.570987 0.098347 0.768844 1.707707 1.609939 0.067760 0.049777 0.032202 0.032202 0.050876 0.058859 0.349729 0.024917 0.211439 0.069412 0.047946 0.195255 0.070419 0.041056 1.578739 0.042961 1.609939 1.609939 0.048710 0.035460 0.044054 0.023982 0.041882 0.045673 0.033774 0.042662 0.032367 0.046999 0.024963 0.028163 0.019031 0.019031 0.024869 0.043673 0.025351 0.027671 0.622590 0.094031 0.094031 0.025351 0.868469 0.072446 0.048351 0.019093 0.027884 0.077312 0.184340 0.059977 0.101287 0.062091 0.043073 0.028899
0.058271 0.066674 0.039970 0.060291 1.699054 1.690787 1.597592 1.597592 1.470676 1.701782 1.043249 0.723830 0.132819 0.094031 1.623899 0.380243 0.070419 0.044308 0.043121 0.174205 0.479069 0.057361 0.054579 0.079738 0.027057 0.104620 0.026745 0.040655 0.040626 0.048710 0.042076 0.038221 0.029405 0.023306 0.023306 0.042076 0.042766 0.062765 0.026360 0.037689 0.050876 0.041453 0.027874 0.024869 1.482826 0.109910 0.064389 0.081973 0.394892 0.622590 0.868469 0.622590 0.032148 1.306020 0.029281 0.045381 0.053608 0.047112 0.063262 0.076737 0.063262 0.063262 0.062091
0.041828 0.064230 0.057038 0.063693 0.104369 0.046522 1.679857 1.597592 1.620234 1.387941 0.946184 1.600907 1.690787 0.144572 0.158677 0.380243 0.042454 0.031914 0.068598 0.025873 0.057950 0.076146 0.054579 0.049907 1.609939 0.868469 0.069689 0.040924 0.026375 0.462194 0.544711 0.027742 0.059072 0.042238 0.038749 0.031975 0.047692 0.031703 0.027432 0.031821 0.027359 0.048372 0.048545 0.077474 1.349479 0.094031 1.605594 0.094031 0.622590 0.038994 0.059605 0.622590 0.622590 0.336154 0.037358 0.043098 0.043098 0.044668 0.062091 0.062091 0.057629 0.042111 0.063262
0.055967 0.064230 0.071690 0.043110 0.723830 1.496144 1.695837 0.842412 1.620234 0.028018 0.052568 0.060014 0.039970 0.691093 1.368859 1.404009 0.039286 0.024722 0.042572 0.071918 0.039970 0.031709 0.054579 0.043803 0.070163 0.069966 0.326939 0.071358 0.057950 0.034461 0.062091 0.067486 0.057146 0.028295 0.025293 0.031315 0.031703 0.023604 0.027432 0.045272 0.025140 0.049322 0.025741 0.201629 0.071183 0.336154 0.336154 0.124591 0.137520 0.597146 0.074188 0.028141 0.022296 0.026198 0.037358 0.077312 0.032435 0.049172 0.023025 0.059445 0.063262 0.042111 0.063262
0.043045 0.042253 0.030675 0.017975 0.038966 0.159044 1.164185 1.435346 0.072856 1.368859 0.025183 0.025183 0.039720 0.049653 0.194180 0.047805 0.032367 0.031073 0.034346 0.042904 0.026375 0.031914 0.045050 0.043144 1.609939 0.059291 0.059072 0.038798 0.107320 0.041176 0.045272 0.024437 0.035079 0.028295 0.034447 0.049322 0.027802 0.037862 0.037862 0.023996 0.048513 0.046232 0.034191 0.028972 0.108511 0.040206 0.070502 0.124591 1.396108 0.094031 0.170761 0.025952 0.017935 0.035460 0.041809 0.028917 0.016984 0.065459 0.037924 0.018244 0.043073 0.063262 0.062091
0.042771 0.027802 0.047692 0.047692 0.047692 0.059711 0.068860 0.409134 1.177761 0.025859 0.042615 0.027888 0.032829 0.048513 0.071918 0.029225 0.026457 0.041996 0.029405 0.042904 0.041996 0.067486 0.022743 0.048144 0.059291 0.067760 0.059072 0.035457 0.055441 0.041553 0.041539 0.041539 0.073693 0.031694 1.639529 0.028400 0.031975 0.024599 0.022989 0.044193 0.045673 0.039481 0.027802 0.025200 0.023177 0.058378 0.193101 0.097801 0.086784 1.370810 1.523885 0.098619 1.599269 0.039954 0.045381 0.042766 0.062091 0.032280 0.043009 0.054999 0.027479 0.057629 0.032877
0.133994 0.023476 0.047692 0.028996 0.022683 0.059711 0.040043 0.054772 0.030229 0.028326 0.029951 0.044405 0.032829 0.024971 0.042234 0.041056 0.032387 0.032173 0.029405 0.032173 0.027645 0.029405 0.025351 0.041996 0.059291 0.048144 0.044921 0.149407 0.028295 0.026658 0.043150 0.041240 0.040852 0.026165 0.407124 0.178746 0.024599 0.054579 0.054579 0.045272 0.296074 0.041653 0.047186 0.054916 0.032251 0.031751 0.027788 0.642575 0.028273 0.057682 0.057682 0.028909 0.038221 1.612646 1.619854 0.681555 0.066667 0.054999 0.043009 0.033619 0.016031 0.066667 0.032678
0.026745 0.045510 0.041411 0.021080 0.029527 0.031569 0.056905 0.060014 0.039954 0.026054 0.046933 0.044552 0.046232 0.041056 0.026282 0.026282 0.031709 0.079738 0.032044 0.043133 0.024231 0.039355 0.026745 0.139537 0.031855 0.062277 1.706247 0.179872 0.097526 0.028295 0.094031 0.755556 0.047663 1.040704 0.102258 0.125766 0.022347 0.054579 0.042234 0.037862 0.023982 0.023177 0.056243 0.056243 0.023982 0.068584 0.026995 0.052229 0.043987 0.047946 0.017796 0.028909 0.027432 1.502575 0.194180 0.200575 0.109679 0.038013 0.036032 0.023180 0.029377 0.040772 0.076737
0.052049 0.046933 0.032232 0.045510 0.027301 0.040772 0.028273 0.028273 0.038798 0.041952 0.049498 0.032202 0.046232 0.026282 0.031709 0.031709 0.031709 0.055441 0.040462 0.028512 0.044671 0.031914 0.071918 0.139537 0.057146 1.629516 0.186552 0.426850 0.360813 0.102258 0.094031 0.980520 1.657398 1.633961 0.067157 0.067157 1.572342 0.105615 0.764436 0.031929 0.042043 0.022243 0.026943 0.071437 0.044552 0.062765 1.102281 0.041329 0.040462 0.048710 0.032387 0.037056 0.195255 0.059445 1.401405 0.059445 0.130709 0.049712 0.031855 0.019510 0.032069 0.050536 0.034175
0.019093 0.028840 0.108511 0.027687 0.026078 0.045510 0.026078 0.024165 0.405106 0.041952 0.028231 0.043939 0.042581 0.057146 0.022243 0.026282 0.031709 0.024559 0.027515 0.040069 0.031709 0.071918 0.045272 0.059072 1.590507 0.038317 0.069076 0.058164 1.492871 0.439407 1.508853 0.066122 0.039467 0.071917 0.490215 0.031945 0.155151 0.815979 0.029302 0.025607 0.035445 1.072025 0.040712 0.043045 0.035460 0.028939 0.042662 0.031955 0.072696 0.080188 0.045673 0.296074 0.023177 0.031985 0.200575 0.023134 0.018514 0.293642 0.027359 0.039301 0.023674 0.034614 0.034175
