Example_Watersheds/WA_MashelWatershed/DataInputs/m_1_DEM/Mashel_mosaic_mask_flat_exp_8-4-2015_30m.asc
ncols 923
nrows 455
xllcorner 550005.67551598
yllcorner 5180549.8134422
cellsize 30.0
nodata_value -9999.0
[rows 308 to 335 of 455, columns 441 to 503 of 923]
660.9225 653.3487 648.0737 641.6895 636.0549 633.3177 631.7689 628.8086 626.2792 623.286 619.4816 615.6541 611.8615 611.4363 608.9594 604.9454 601.8536 597.9545 595.2668 595.8172 600.2036 604.7673 608.0984 612.0415 615.4816 618.0872 620.1456 621.7511 623.0558 624.4708 625.5622 628.4484 632.4051 636.2773 638.7145 639.5437 641.4216 643.7847 648.4122 654.8299 660.3598 664.5679 667.1508 668.9089 670.2765 671.2469 672.0607 673.0039 675.6434 678.5714 681.928 686.5574 692.1767 697.619 699.4813 689.6879 680.0424 671.174 664.0786 655.5659 642.3348 629.6609 612.7825
668.202 660.0665 653.2973 645.9929 642.3082 640.4848 638.024 634.9534 633.3206 630.4652 626.9418 622.814 618.4099 616.1676 612.9168 609.4496 606.4446 603.726 599.5198 597.0754 596.8135 598.4846 598.9326 601.1489 604.6545 606.551 607.0731 609.7368 615.592 617.5599 618.8248 620.6405 624.0637 628.4063 630.7471 632.123 634.5008 633.298 641.7163 661.6511 666.9749 667.1302 667.3478 668.4329 669.9004 671.7308 673.2064 675.1085 677.6087 679.848 683.2298 687.8774 691.0339 696.7606 702.2497 697.6169 687.3107 677.3795 668.3249 658.4728 645.847 635.8242 622.9573
676.1174 667.5211 658.1807 652.5389 651.5942 648.2526 645.6714 642.6707 640.6571 637.5407 634.3271 628.7898 625.2619 620.7608 617.6118 615.0681 612.1256 607.7601 605.1312 602.4709 600.1154 600.185 600.549 600.4708499999999 600.935175 601.3995 601.5584 603.4745 606.7576 610.0569 612.0148 613.2748 616.9302 620.6613 623.5615 625.4622 625.3036 627.0829 643.0377 659.6003 668.5742 669.4581 668.2343 667.8557 669.8513 673.9924 679.8968 685.0099 686.0823 687.8881 689.5521 690.4209 693.599 699.1468 704.6577 703.5717 693.0098 685.686 678.3589 668.4748 658.7962 647.8262 631.7568
684.1044 672.2849 664.3843 663.2619 661.2004 657.2798 653.6319 650.967 647.8575 643.9867 640.7103 634.7427 631.7641 626.6577 623.258 620.1055 616.5023 612.3896 609.8193 607.2568 605.4158 605.6277 605.5072 603.0409 602.0091 601.5507 601.9744 602.454 603.6849 605.901 607.7139 608.3271 611.8803 615.0056 617.9619 619.8244 619.1154 625.8184 640.921 653.3679 661.2521 663.052 662.4982 662.2028 665.1138 670.3912 677.9295 686.8358 694.0879 694.9747 694.9573 695.5338 696.9376 703.0258 709.2362 706.9898 698.6943 689.3507 684.3799 676.8654 667.7866 655.0369 640.48
690.0722 677.7759 677.5518 677.5803 672.1096 666.8998 662.1875 659.5511 655.3299 650.7839 646.0723 641.3359 637.2345 632.7539 628.4052 624.6057 620.6144 617.5972 614.8255 612.2994 610.931 610.2709 609.1204 607.3299 604.9702 603.5469 603.5657 603.6662 603.9236 604.8481 606.0801 606.5378 608.8076 611.0705 614.0562 615.5582 617.1943 625.1608 636.4533 645.1059 651.1563 652.9777 653.4581 653.3776 658.2778 662.6866 671.1855 683.5703 695.6426 702.8262 703.1296 702.0073 701.9469 705.1057 711.6096 710.8956 704.4155 695.7783 688.8038 680.7202 673.2497 662.9086 650.0081
693.7079 690.7943 696.0294 692.3366 684.5298 676.8837 671.462 667.5541 662.751 657.0534 651.6929 646.6549 642.0989 637.8782 632.8102 629.4427 625.6249 622.8215 619.6658 617.1152 616.251 614.7217 612.5405 609.9088 608.455 607.1035 606.3376 605.8746 604.9506 604.7136 606.0584 606.6008 607.7945 608.6174 610.3984 612.441 616.1658 621.9218 629.1714 635.5882 640.5513 642.61 643.4438 645.4185 648.2807 652.442 662.2349 675.6179 691.6538 704.8682 710.3484 710.2867 708.6083 708.373 711.2305 715.0449 712.1661 705.1282 695.5374 686.6242 679.3536 671.6993 663.0185
707.0318 712.399 715.8912 707.7838 697.1213 687.4796 680.6511 675.0394 668.8922 663.1066 657.2012 652.2751 647.6802 643.2204 637.9167 634.6218 630.7797 627.0164 624.3607 621.5344 620.924 619.173 616.3876 614.0057 612.9512 611.6796 610.096 608.2264 606.6814 606.2196 606.7556 607.2814 608.0511 608.6602 609.5462 610.2715 612.341 617.0528 622.0276 626.8096 630.0443 631.4004 633.0073 637.7683 639.4079 645.0939 654.3405 668.5845 685.2432 700.3707 710.2395 714.029 713.7665 712.6642 713.1617 715.9847 719.7019 714.5375 705.0305 696.1696 686.9926 681.461 677.9469
728.7918 734.6542 735.3627 723.1799 709.2487 697.4244 688.1188 681.8124 676.6034 670.4307 664.1432 658.5559 654.4459 649.3984 644.164 640.4863 636.7977 633.162 631.1915 629.5792 626.4196 623.2653 620.9374 619.1278 618.2171 616.5363 613.934 610.2614 608.4621 607.7644 607.5317 608.5247 609.2924 609.7741 610.1204 610.7933 611.5576 612.8279 615.8347 619.3658 621.5057 624.9451 628.7934 632.2382 636.7302 644.2579 654.002 665.973 679.4568 694.1956 705.9394 712.3739 716.0007 717.6665 718.5927 719.7289 722.8805 723.7684 714.2883 706.2703 700.5538 697.067 689.9713
747.7963 754.1949 749.2747 734.7994 718.1749 704.9757 696.8283 689.8055 684.9695 677.9944 671.6595 665.5719 660.935 656.0883 650.6691 646.6438 643.5304 640.8475 639.1183 637.2219 633.5784 629.1702 626.4036 624.2917 622.4789 620.4282 617.0243 614.2689 612.6388 610.288 609.1609 609.3793 610.3176 610.9728 611.2433 611.7241 612.4363 612.8435 614.4545 616.5411 619.5283 623.8126 626.5805 630.9092 636.5767 643.4045 652.1077 662.4918 674.8469 688.2391 700.7723 710.9006 718.2859 721.4587 722.2802 722.924 724.3505 729.2659 723.5361 713.8543 706.7589 698.653 687.7184
772.2882 772.3181 758.3315 740.4611 725.0029 716.2346 710.74 702.1373 693.7866 685.3098 679.0247 673.9318 667.7641 662.3008 657.2986 654.0331 651.9268 649.4515 646.5197 643.5663 640.9499 637.1722 633.636 630.4109 627.1685 624.6143 621.5797 618.7026 616.5398 613.7778 611.6149 610.6594 611.2003 612.2162 612.7019 612.7556 612.9956 613.4507 614.6272 615.782 617.7086 620.7804 623.9456 629.5298 635.2172 641.4151 648.5768 658.1023 670.9628 684.1365 697.1967 709.9758 718.4095 722.7734 724.6128 726.0923 726.5658 732.3998 731.69 720.4593 709.975 696.6906 683.9885
794.0554 776.9933 758.7298 744.3784 737.0797 735.5692 726.3063 715.0455 703.0685 693.735 688.5834 680.6523 675.4633 671.0005 666.1856 663.3486 661.1974 657.9124 654.072 650.629 647.8136 644.9555 641.6512 637.7278 633.2462 630.8893 628.2098 623.7539 619.3278 616.8607 614.5359 612.7998 612.788 613.7238 614.0817 614.1309 614.0258 614.1954 614.9753 615.7635 616.8414 618.7825 622.0287 627.9572 632.781 637.3376 644.9424 656.0665 668.5214 680.1276 692.9124 705.9642 714.9624 721.3369 724.8648 727.059 728.7377 733.0419 736.7249 727.6584 712.3643 694.9487 682.815
800.6736 779.6209 767.953 762.2385 759.4886 752.3401 739.4943 726.1102 713.0427 704.3278 697.5344 689.2714 688.4758 686.2335 680.3087 674.5695 671.0894 666.2695 662.708 659.6252 655.7756 652.321 648.6171 644.7543 641.6484 639.2878 635.7822 631.292 625.2961 620.4026 618.0144 615.6575 616.1463 616.6063 615.7128 615.4033 615.7953 615.6323 615.8177 616.7556 617.4721 619.1069 621.8366 625.4258 630.9095 638.2427 645.7486 655.0425 665.0188 676.2432 689.312 699.4388 708.3739 718.0908 724.127 726.6028 729.394 732.3513 737.4544 735.5648 716.9703 699.643 682.2372
807.2065 796.8614 795.1499 787.2516 778.9726 766.1915 751.0237 735.8834 723.3679 713.87 709.6839 705.9255 707.5515 703.5215 694.6019 686.6641 680.6416 675.6046 671.6866 667.9791 664.5365 660.7289 657.5588 652.2059 650.3416 647.5848 643.6672 639.8383 636.0118 628.4136 621.9198 619.9058 620.937 620.2012 618.2991 616.8755 617.053 617.4803 617.2241 617.6391 618.0889 619.5258 621.8475 625.1115 631.4227 640.4324 649.1157 658.645 670.9588 678.9209 689.3665 697.879 705.9285 716.2567 723.0011 726.522 729.4558 733.4373 737.5552 740.5364 733.4603 716.6276 694.2499
821.1588 819.8833 824.5646 811.2065 793.8353 777.6155 763.2573 746.7283 732.4709 725.1324 726.7592 727.5976 728.3723 719.4967 707.7477 698.1224 692.0898 686.7355 681.6088 677.8466 674.0239 670.8842 666.3296 661.6689 659.122 656.1835 653.0669 649.5854 646.6517 637.6291 629.8398 626.4447 624.7797 623.2371 620.7676 619.244 618.5917 618.86 618.8463 618.9026 619.5515 620.3981 621.7688 625.9488 633.0765 646.549 657.1611 665.9615 674.2826 682.2954 690.6993 699.129 711.1845 722.9265 725.3567 728.4995 731.5443 736.7007 739.8825 740.0949 734.5035 723.3965 708.9072
833.3774 836.3441 832.8168 823.1307 804.4964 788.8105 772.8263 755.8708 743.5844 739.811 744.9006 750.1328 744.1818 731.2941 718.5439 710.3655 704.1174 698.4562 692.3325 688.9675 684.2971 681.1707 675.7153 672.5212 670.1417 667.1086 664.5068 661.531 655.277 645.2239 637.4613 632.2271 628.0369 625.5721 623.0591 621.3963 620.2909 620.3074 620.6708 620.5583 620.8798 621.3862 622.3667 627.0623 638.5207 653.0235 665.4521 673.5134 681.8521 690.6043 696.5364 705.0474 717.3519 725.7312 727.4158 729.5527 733.4413 737.7172 741.5291 739.0837 734.7061 729.4237 721.4619
830.175 833.7313 833.4393 827.6384 812.9877 796.6785 780.6008 767.9351 759.6808 757.1011 763.657 768.3947 754.7402 740.1723 730.8237 723.6599 716.1419 710.5198 704.3622 699.991 696.4335 693.9017 689.0325 686.0035 684.551 681.3907 679.4766 673.7339 663.2026 652.1053 643.6642 636.9167 632.2286 628.2015 625.5471 623.692 622.5235 622.2557 622.48 622.3812 622.3679 622.5865 623.5024 631.3732 644.4973 658.104 671.8299 683.0364 693.4579 699.7871 703.071 708.2468 717.1068 723.076 726.2628 729.5901 733.088 737.0496 740.1959 736.9001 733.9888 731.7665 726.9284
827.0934 830.8958 833.2647 831.5865 823.2786 810.1394 798.1741 784.9303 776.8241 776.1953 780.5244 777.1661 764.1942 751.7275 744.2984 734.5638 730.5665 724.8369 716.022 711.6968 709.6654 708.3948 705.1708 700.9821 698.6245 696.8896 693.632 683.0806 668.3393 657.4102 649.4565 642.0052 637.4077 632.5976 629.0643 626.8384 624.8175 624.1585 623.8408 624.1226 624.1221 623.9213 626.0906 636.8142 648.0789 662.0466 676.7496 690.2979 700.6242 704.303 706.2704 709.6489 714.1537 718.9807 723.3524 728.1046 730.7515 735.8384 737.1156 734.413 732.9254 732.8608 729.2395
824.4736 827.9667 832.3093 831.2957 827.9455 822.0948 811.9254 800.512 794.4518 792.481 788.845 783.9981 775.2819 765.1494 756.2055 746.842 745.994 736.8257 729.3353 726.8636 722.9969 723.2903 721.7224 714.9525 713.674 714.428 704.5137 689.8117 674.1862 662.3638 655.4291 648.2151 643.0016 637.9003 633.095 630.0161 627.1826 626.5678 625.9948 626.1719 625.8266 625.2963 628.4364 641.4804 653.1865 666.8098 684.6102 698.8964 705.0496 707.008 708.1415 710.4868 712.2969 716.2549 720.4814 725.2189 728.3472 734.1345 733.4116 732.0275 731.7142 732.2999 731.4917
821.8146 825.448 828.1443 828.8655 828.0886 826.4642 819.2832 811.3008 805.8098 800.6547 794.7546 789.0099 783.2208 777.1874 769.2398 764.018 759.6494 749.5071 746.0378 743.5491 739.0662 739.7357 735.8393 728.7845 731.9128 727.7211 712.3019 696.5363 681.7339 669.7184 662.084 653.9058 647.5992 641.7189 636.8173 633.293 629.834 629.7409 628.8198 628.3146 627.5836 626.4269 632.236 648.2604 661.2707 674.2685 688.6733 702.0338 707.0569 708.3577 708.3046 709.1105 710.5908 714.1495 718.94 721.0355 726.434 730.5716 729.0967 728.2194 729.0939 730.5665 731.1126
819.7682 823.2237 825.2571 826.402 827.9222 828.4427 824.627 818.6998 812.6263 806.4288 801.1522 795.3379 788.8831 784.0731 780.5845 778.0228 772.1854 765.4767 764.0417 759.2648 754.6771 754.499 749.8987 745.8369 744.7736 733.4949 717.9767 703.7793 689.2036 676.6614 668.069 659.7072 651.5493 645.3612 640.3488 636.0547 633.0955 633.2134 631.8223 630.6133 629.7717 628.308 637.2957 651.2696 663.2777 673.9749 683.4348 694.1904 702.8307 706.0096 706.5185 705.6838 706.7085 709.9401 713.7813 715.7326 721.4441 726.0394 725.556 723.8701 725.1511 728.9247 730.2579
817.9203 821.537 823.9028 825.3153 828.0438 829.0182 828.0433 822.9312 817.6516 812.1303 805.872 799.5189 794.2718 788.7385 785.269 782.4489 779.7408 776.6908 774.8763 770.3558 765.5398 762.6027 760.2441 757.4363 750.9108 738.6403 722.9827 709.0013 695.9568 682.9976 672.8036 665.2916 655.3585 648.6776 643.2546 639.0123 637.3712 636.403 634.4992 632.9806 631.9077 630.9989 637.4042 649.1641 659.4724 668.0967 675.8134 683.7295 692.196 699.0304 700.1218 698.7222 701.0914 704.5413 708.1462 710.7132 715.7024 721.0665 722.0775 721.6614 723.114 727.8347 730.4124
815.4997 818.7521 821.8664 824.9896 827.7343 828.8152 829.7877 825.9694 820.0319 816.6646 811.1672 804.2181 799.3156 793.6223 789.0457 786.3683 783.7968 781.5393 780.0396 775.6991 772.0844 768.5497 764.7867 761.457 756.2272 744.3163 728.5483 714.238 701.6329 689.2101 678.7576 669.9341 660.1771 652.9092 646.9986 643.4761 641.6495 639.3206 637.4837 635.4718 634.4761 633.2424 635.4728 644.5814 654.0322 661.9775 668.6619 674.5302 680.6024 687.9111 689.4481 689.6839 693.0472 697.8167 701.6662 704.144 708.5637 715.4253 720.0043 721.3965 723.5169 729.0267 730.9435
811.9158 815.653 820.2743 824.5331 826.9924 829.454 830.9305 829.3655 823.1532 820.0842 817.0428 812.407 805.2345 799.479 794.6589 790.4031 788.072 786.7794 784.3336 779.4099 776.6 773.0096 769.0308 764.3802 759.6869 750.1865 734.7401 722.0774 709.107 696.8967 685.7516 675.8262 666.3821 657.8378 651.4912 646.7362 644.6746 642.3846 641.2845 638.6977 637.4481 635.657 635.367 640.2717 648.4761 655.3307 660.7083 666.6281 671.0606 675.7466 678.1383 680.2505 683.7067 688.921 692.3063 695.7203 703.3103 713.7393 722.3897 725.7434 727.593 730.7195 731.5713
808.1289 811.5111 817.3066 822.8574 826.9625 829.7954 832.1523 832.5616 828.3599 823.0578 820.114 817.2634 811.6228 806.2766 800.3958 796.0196 792.4473 789.666 787.3041 783.8046 780.9062 776.6407 772.6381 767.4743 761.9406 755.3432 743.6452 732.4072 719.0609 705.8898 693.7501 682.1305 671.8798 663.1609 655.3841 650.4883 648.8626 645.9312 644.3336 642.3571 640.0994 639.0015 638.3321 638.8516 643.4012 649.7202 653.8937 658.2771 661.6638 665.835 669.425 672.5955 675.3836 679.4515 683.8275 693.1364 703.2346 713.7527 723.5339 730.4196 731.4848 731.6848 732.4261
803.3971 807.9788 813.8709 820.4018 825.33 829.6072 834.282 834.7138 833.1856 828.1004 823.7609 820.5043 816.7606 812.0872 806.3901 801.4294 799.5552 794.6768 790.7369 787.1245 783.2423 780.572 776.2955 771.5327 765.5236 758.7473 751.1558 740.7789 728.7242 715.7951 701.7477 688.76 677.5934 669.0782 661.4067 656.004 653.8344 650.1881 648.2937 645.778 642.6929 642.3632 642.8988 641.8395 642.0563 645.5391 649.1496 652.7107 655.7078 659.4551 662.9617 665.5974 668.5755 674.9374 682.8004 691.0707 700.9064 709.9711 720.5959 728.992 731.7855 732.3309 733.8038
799.5374 803.7972 809.3177 816.2762 822.1468 827.3193 832.7889 835.2498 834.8034 832.4211 827.9359 824.21 821.6923 816.8573 812.2614 806.5023 802.8054 800.8693 796.4542 789.8605 785.4541 782.5897 779.6714 775.3733 768.4393 761.545 754.4308 745.3104 734.9847 723.6349 709.6524 697.5085 686.0183 675.7006 668.6451 663.0651 658.8381 655.9259 652.502 649.3594 646.4722 646.4104 645.814 645.3829 644.6199 645.7618 647.8048 650.913 653.1024 657.114 660.397 662.5317 665.2111 671.6088 680.989 687.1744 696.135 706.0692 716.4921 723.386 729.0616 730.7006 734.5385
795.8611 800.0441 804.9007 811.4521 817.8133 823.4401 828.7286 832.7247 836.2418 836.7203 834.4869 829.5372 825.4549 822.0723 817.4896 811.4324 806.4708 803.5911 800.9694 795.9724 789.9639 785.655 782.6633 778.7332 773.6307 766.722 758.9431 750.0817 741.38 730.5256 717.3173 707.321 697.4282 686.5731 677.1376 670.732 665.0342 661.697 657.5134 653.813 651.7618 650.74 648.5917 648.8221 648.085 649.0505 650.5272 651.3268 653.0989 656.5153 661.7337 665.9636 667.2137 670.0651 677.7068 684.8572 690.9567 701.0068 710.5134 715.9294 723.2464 727.218 733.7543
791.5033 796.3086 800.9999 806.0833 812.5787 818.4679 824.838 831.1237 836.8839 839.8776 838.646 835.8524 830.2275 825.7565 821.8666 816.7327 811.3367 806.6984 803.4471 800.4626 796.2943 791.7403 787.8816 783.7452 778.6213 771.8193 764.1517 756.0857 747.8789 738.2041 726.8698 716.5962 706.3472 696.0533 685.1522 678.1826 671.4691 667.9205 664.2557 660.122 658.0267 655.7109 653.0483 652.1738 650.4454 652.1638 654.4263 656.3281 656.517 656.1398 663.2816 672.6445 675.3605 675.1443 677.1396 682.5509 686.964 694.8395 703.7392 708.9892 716.334 722.8788 730.8179
