Example_Watersheds/WA_MashelWatershed/DataInputs/m_1_DEM/Mashel_mosaic_mask_flat_exp_8-4-2015_30m.asc
ncols 923
nrows 455
xllcorner 550005.67551598
yllcorner 5180549.8134422
cellsize 30.0
nodata_value -9999.0
[rows 56 to 83 of 455, columns 252 to 314 of 923]
302.2482 322.3108 342.9603 353.7422 356.2295 360.1254 366.4191 371.334 371.1832 367.6684 365.38 363.3939 364.5574 366.1948 365.4796 355.809 345.9447 342.3357 343.7786 351.5975 350.1062 346.0397 346.0588 352.4833 360.7005 367.4228 370.3809 372.3566 379.9762 388.2906 394.6601 396.8803 396.8916 396.4047 395.5546 397.342 399.7535 405.6826 411.633 413.168 415.7645 419.1469 418.8796 414.9622 411.6458 410.5671 411.2756 410.6482 407.8171 404.3458 402.0756 400.0806 398.479 394.4961 399.8914 401.4962 403.0093 405.0397 414.7766 427.0977 436.9503 437.628 434.4719
299.6512 317.5341 337.8316 351.6162 355.0363 358.7646 366.0998 366.4317 366.4177 361.7396 358.6074 351.2234 350.7747 356.0623 347.7694 331.963 333.7628933305237 335.7523276186463 336.0286379364411 336.07284758728827 336.0811368968221 336.08297896560737 336.08343948280367 336.0839 344.366 353.9569 363.2653 369.0456 373.7504 381.6877 388.917 391.9626 392.5988 392.3224 390.7693 392.9901 395.3408 398.2792 403.7341 406.9314 408.5498 411.6887 412.1789 409.6448 406.6528 405.2743 405.7443 406.6673 405.3111 403.3478 400.576 397.9432 396.2138 393.1827 398.2408 400.1544 402.442 409.3726 422.5211 432.5923 438.7673 436.169 430.4311
303.1516 323.1293 342.6178 355.1974 357.4408 361.2609 362.3199 361.2202 362.5432 353.3844 341.1768 331.3228 330.5933 337.6434 331.47690231992533 332.82555115996263 334.1742 337.3897966652619 339.35644666526184 344.08136380932314 336.1587811326786 337.4441 341.6225 336.34917117858316 340.09255 338.1644 346.9568 355.4982 364.6483 372.8108 379.9106 385.5765 387.547 387.1014 387.3961 390.1293 391.0939 393.4225 395.8669 398.9699 401.4893 402.1567 403.9761 403.3842 401.5653 399.9407 399.6546 400.8655 401.5716 400.7339 398.248 395.3729 393.4972 392.6389 394.5696 397.3458 401.7121 410.7423 419.2852 426.0347 431.3284 430.4206 423.1451
314.9734 338.8451 352.0671 356.9603 355.0341 355.7059 355.1678 354.9547 354.8152 340.1614 331.8741863874737 329.451458433686 329.912827182765 330.38426805555554 331.5503340277778 332.7164 350.3866 350.6127 341.0167 340.6783 344.95 352.4104 354.2615 338.5375 338.1246 344.1012 347.1958 347.39313333333337 351.11252234375314 360.405 370.9817 377.2154 380.9198 380.9612 383.4407 385.7366 386.9643 388.0962 389.0839 391.0561 393.8174 395.1521 396.0871 396.3417 396.2363 394.9363 394.9551 395.6518 396.3185 395.9865 394.9298 393.0393 391.9255 389.9821 392.5359 394.4549 399.0533 406.1229 412.0455 416.4442 418.6578 417.453 410.1653
324.9187 334.3487 337.4312 342.2572 348.0925 347.5178 348.0359 343.58 336.886 332.67542777777777 334.71344348173204 329.43166023928507 332.2668416230861 331.27214954408333 331.18661866691286 337.9306 344.102 349.5616 358.937 363.3169 363.8572 367.7317 362.742 351.2598 350.8059 350.8099 359.1459 351.3089 347.5022166666667 349.135 365.3932 371.2008 373.8092 375.8848 377.3422 380.0473 381.936 382.6746 382.9574 384.0417 386.726 389.6083 390.3054 390.7057 390.9005 391.249 391.502 391.6894 391.2172 391.5367 391.4518 390.6137 389.9948 389.3819 390.5641 392.0154 394.6712 398.7099 403.5804 406.2171 404.6031 400.4744 394.6999
309.5364 315.3539 314.7287 318.138 323.8748 333.9201 337.7691 325.5903 329.47703171553866 333.5009344853055 329.5797028196719 329.2642193919392 330.2191 332.0964524267717 330.8862052435203 332.9361086241533 332.0557 336.4891 349.5696 360.9843 365.212 364.6865 368.3731 360.0436 356.8036 357.6721 359.2755 358.4571 348.219 347.6113 363.7349 369.8459 371.6284 372.1144 373.2942 375.2293 376.5906 377.8805 378.0205 379.4842 381.601 384.0734 385.7443 386.6169 387.0152 388.1929 388.139 387.6039 387.6507 388.6944 388.7507 388.6833 388.7639 387.6167 388.9694 389.9954 390.558 391.985 394.209 394.9576 392.4586 387.3698 385.2043
283.7138 284.3299 288.6486 293.0509 296.7255 308.1102 312.75 324.2381 328.07892499999997 328.93244166666665 329.14582083333335 329.3592 336.2128 330.46080208913367 331.35142686197855 338.91068844962683 331.12066468389986 331.0878 341.4184 345.625 348.0381 352.2839 362.8493 370.777 362.7008 361.3744 361.8522 361.0197 355.1086 349.3138 352.1512 365.8249 367.7847 360.9449 367.7429 372.8557 373.3099 373.2487 373.9462 377.0781 378.3712 380.055 381.4109 382.5366 383.3705 384.7013 385.4102 385.3087 385.5951 386.6866 387.0103 387.9327 388.4456 385.5418 387.128 388.0942 388.662 388.1999 386.7648 385.5777 383.9796 382.7487 383.0648
281.347 286.73076000000003 290.77496666666667 289.6556232288707 290.1814072486268 292.2653739459862 300.8482 325.009 334.5822 332.4882 330.6718 332.6094 337.9739 336.8164 330.7025041782673 330.79269070598514 330.8828772337029 331.26660313370047 332.9589 337.3788 343.3448 352.8233 362.2464 372.9792 372.7043 372.1398 372.0193 371.8786 367.7854 358.6139 354.2906 352.83795 353.354790291391 356.0461 359.7896 367.0624 369.428 370.9054 372.5746 374.4676 376.9367 377.9329 378.9669 380.3697 381.4628 382.3589 382.9836 382.7853 383.381 384.8213 385.5352 385.8964 386.4283 386.4154 384.0531 385.3975 386.1597 385.9445 385.1328 383.7909 381.041 381.6214 382.0686
295.2848 289.2097 287.2548 292.32416161443535 289.83591903278125 289.9106 311.1997 325.9214 336.2996 345.7605 339.3177 337.7869 340.0068 342.4948 336.7702 333.53130208913365 331.09471434930344 331.97172295320706 332.4653114766036 334.3647447475381 341.2924 355.5538 369.8266 372.6894 374.3873 374.5733 374.8767 374.9088 373.4923 370.9733 365.4088 356.3717 353.5247 354.9989 355.2587 356.495 359.0813 363.4991 369.8747 372.8027 374.5117 377.4719 378.7323 378.3156 377.5673 378.7489 379.2908 380.6358 381.9142 382.7757 383.1188 383.4 383.5819 383.4678 382.889 382.4012 382.4568 382.2509 382.3706 381.1521 380.907 381.1122 381.49734106602625
308.5537 301.0328 294.8084 294.9927 293.9975 300.6501 315.9962 325.519 335.843 354.0328 354.9725 346.4408 342.0237 342.4616 343.7746 342.0793 336.3601 334.61940358732585 332.049586547535 332.0818387043207 335.2034 353.9777 371.5916 371.5774 372.0982 373.1175 374.5658 375.0298 374.9273 374.5201 371.6266 363.2437 358.3728 357.2753 359.0337 358.3633 358.9643 360.3395 363.1637 369.0338 371.0418 373.5907 373.1261 370.5221 369.7132 370.5813 372.7496 375.1829 376.0341 378.1272 379.5141 379.1683 379.3141 379.5219 379.737 379.8408 379.2605 380.3236040415637 381.02581007513993 380.231 380.4409 381.0934 381.3476
318.0119 307.6598 301.9392 301.4099 306.4058 310.8199 315.8491 324.5038 334.1008 346.6179 363.493 361.7013 358.0042 355.9952 352.4656 348.29 344.8949 335.1627 333.44450717465173 333.0035432737675 334.9913 352.5691 365.1026 370.1086 371.386 372.9879 374.8809 375.0276 375.1773 375.3094 374.4958 368.277 361.3911 362.164 362.5955 368.0819 372.0701 369.2182 362.6247 362.6311 363.4919 364.7871 365.9476 367.299 372.0578 373.47929999999997 373.44079999999997 373.75315 374.29402500000003 374.8349 375.9687 375.9995 376.742 376.9414 377.7973 378.2621 378.9608 380.0749 380.0858 381.11885 382.1519 384.0264 384.7343
323.0035 314.6718 309.1777 313.1925 316.8273 318.8348 320.9791 325.7059 333.1754 340.8632 363.0704 366.3987 365.9242 366.4432 365.5369 364.7343 362.63 353.7465 337.7781 339.69497163688374 333.9575 350.0406 357.1176 355.2497 359.9266 370.8118 372.8132 374.1225 374.8106 375.7522 375.1047 373.7336 372.4549 370.6501 371.5427 373.4315 374.4477 373.9273 373.8559 367.8728 364.7595 369.094 374.8701 375.814 376.3823 377.0522 377.2454 376.3003 374.7567 377.75626250000005 375.2827 377.1586 377.0574 380.1893 379.88815 378.2049 380.7725 383.3019 382.4819 381.2322 385.78 387.3261 387.9263
328.8131 321.6429 316.1449 319.0425 321.1687 321.4063 323.2829 329.0226 337.3256 353.5632 365.1935 366.6581 366.4212 367.9789 369.3416 369.9777 370.0096 368.1038 360.7122 346.3864 335.7943 345.1642 346.8958 349.9174 354.3595 364.9306 371.6865 374.5887 374.939 374.1565 374.5356 375.0442 375.5875 375.1323 374.9151 374.7629 374.8861 375.1399 376.2509 375.6494 376.3673 377.6893 378.0198 378.084 377.4454 378.0063 378.7114 378.255 376.6182 378.9167 381.2185 381.0039 380.1412 383.2522 383.6366 382.8349 383.1457 384.1834 386.0089 387.4244 388.1994 388.9403 390.275
330.7268 331.9448 329.3863 324.8714 323.4009 324.7378 329.5866 338.2205 351.7155 364.2323 366.7097 367.4601 367.4036 368.5347 369.6743 370.2643 370.3685 372.2228 371.0616 355.8466 339.1726 341.4528 352.3035 360.7578 354.4395 355.562 365.6995 368.5634 370.0031 374.1591 374.8336 375.0847 375.6108 376.6099 376.5903 375.598 375.4373 376.1223 376.7203 377.9803 378.6809 379.2742 378.9021 379.4729 379.5934 379.316 378.849 379.5767 380.2149 380.7157 381.2589 382.6671 383.987 385.5211 387.6113 386.5058 386.3753 386.7739 387.4139 387.6249 389.2819 390.7757 392.1198
324.6537 337.9158 347.3278 341.952 335.1711 334.6393 341.8235 353.0334 364.3716 365.4217 367.5967 368.2357 369.1128 369.8502 370.7714 371.1209 371.3551 371.7835 371.7845 359.7823 346.9676 346.1605 361.7005 371.5992 362.0096 355.74735 357.2343 359.3008 359.2745 364.4082 370.4989 372.362 374.8967 376.7858 377.2151 376.6013 376.3416 377.0648 377.9176 378.66 378.8669 379.8464 379.6521 380.4406 381.1593 381.2223 380.3606 380.7403 381.7479 382.6489 382.8111 383.8763 385.2878 387.1031 387.6688 387.4295 388.7155 389.159 388.8592 389.1681 389.4913 390.8311 392.4297
320.1165 332.9492 354.9951 357.0993 353.5528 352.6485 355.64 362.9064 365.7661 368.1027 368.5029 368.5549 369.0721 370.2946 370.4295 370.4899 371.5816 372.1094 372.6595 369.6984 365.2112 365.2917 370.7381 373.9894 371.3256 364.6596 357.0552 357.35526666666664 357.4302833333333 357.5053 361.2626 363.2409 366.1764 371.7388 377.5914 377.4171 377.4565 377.4985 378.4178 379.4959 380.1192 380.5876 380.6243 381.2159 381.7353 382.157 382.2801 382.5136 383.1187 383.5131 383.7401 384.3143 385.6421 386.8607 387.1295 387.4613 388.6348 389.2694 390.0253 390.5203 390.472 391.0145 392.0519
321.8773 333.0392 355.0617 357.8263 358.6316 360.6682 361.4493 363.8264 366.9489 369.0208 368.2927 368.5857 368.3882 369.5086 370.1303 370.672 371.7308 372.2033 372.6031 373.6776 374.6232 375.2482 375.0737 374.8116 374.5548 373.5912 368.7072 368.1597 367.5475 367.0237 366.2615 363.6116 363.43285000000003 365.6332 374.2574 376.2847 377.0889 377.6207 378.4857 379.3739 379.7758 380.2856 381.2339 381.4122 381.6446 382.1198 383.124 383.5311 383.4877 383.3404 383.8153 384.3968 384.8222 384.8206 383.6895 385.3218 386.7565 387.1108 388.2046 389.4731 389.1524 390.0989 391.0903
324.5743 338.1114 354.1376 357.757 358.9764 360.0803 361.6015 363.4248 366.9555 367.767 367.9025 368.3427 369.3669 370.2766 370.5532 371.0942 372.0829 372.3571 373.2243 373.8604 374.92 375.7384 375.2355 374.9431 374.6551 374.5143 374.184 374.3196 373.9787 373.1873 373.3429 373.77 365.5636 363.6248 368.7952 372.9297 376.9525 378.1453 378.5748 379.0887 379.723 379.9632 380.0735 376.9724 376.6824 380.3595 380.736 381.8113 382.1098 382.256 382.7768 383.026 382.2917 382.4402 382.7329 383.5034 384.0168 384.6816 384.9743 385.1422 385.6817 386.4556 387.0431
330.8239 342.6748 351.4435 357.8059 359.4424 360.4734 362.0831 363.5182 366.3703 367.1544 368.0467 368.3539 370.3236 371.6482 371.2105 371.7942 372.3265 373.181 374.0847 374.3908 375.4648 375.8102 375.297 374.9802 375.0207 375.3446 375.7793 375.3531 374.9588 375.0888 375.3227 377.3784 368.6982 366.70844999999997 365.053 366.3049 368.5838 372.6933 374.9177 375.1821 378.6746 379.107 377.5439 373.5909 374.5951 377.0278 379.6186 380.5309 379.6037 380.1874 380.6148 380.8616 381.3956 381.9857 382.8921 383.258 383.8601 384.2788 384.0359 384.6617 385.1766 386.2585 386.1513
338.3329 343.7291 350.811 357.6846 358.5682 360.1794 362.2843 364.1481 366.209 367.9757 368.866 369.6478 371.1711 372.3489 371.5433 371.9001 372.5667 373.638 374.3524 374.8491 375.4017 375.1924 375.8027 375.9608 375.8726 375.8369 376.538 376.0982 375.2311 375.7192 376.0715 377.0397 374.3357 369.7921 368.5971 368.6198 368.9061 368.64165 368.8881 370.1653 373.0581 374.267 373.3695 374.4582 375.3865 376.007 377.0255 376.9761 377.28864999999996 377.6012 379.0435 380.5914 380.4762 380.3779 380.9753 382.3018 382.7575 383.4035 383.76525000000004 384.127 385.2269 385.3651 386.8629
337.907 345.8462 351.0079 357.5125 358.1986 360.5687 362.9633 364.2638 365.9921 367.9515 368.7424 370.7867 371.6268 372.3298 371.6495 371.5913 372.9124 373.3143 374.3216 375.143 374.6915 375.0656 376.1055 376.6911 376.6381 376.2245 376.5608 376.4424 375.7256 376.0122 376.5343 376.8749 377.8359 376.5904 375.4824 375.5003 372.5284 371.5073 368.6995 369.4263 371.0254 372.7988 374.0217 376.5213 377.4067 376.4451 376.4685 377.0921 377.6422 378.8348 379.4975 379.5841 379.701 380.6179 381.7849 383.0733 383.0053 384.167 384.8836 385.2094 386.1851 386.5578 387.6089
341.7194 348.8606 354.6638 358.433 359.425 361.0258 362.7833 365.4943 365.8915 367.3432 368.9403 370.3965 371.3642 372.0514 371.7557 372.3954 373.8244 374.0849 375.367 375.1464 374.6251303966169 374.9118 375.5677 376.2538 376.7567 377.0911 376.8569 376.6844 376.1043 376.8864 377.0307 377.6903 377.8065 378.0876 378.1957 377.9104 377.9478 377.8102 375.0797 374.5659 375.0731 375.4893 376.7447 377.1437 377.8493 378.1309 379.3175 380.5573 380.9016 381.0383 382.0473 381.7412 382.4938 382.8818 383.6385 384.0717 383.9648 384.6611 385.217 385.9202 386.8722 387.2606 387.8276
342.3147 349.2697 355.0785 357.8029 359.8539 361.2403 363.2325 365.8499 366.593 367.4535 368.7829 369.8526 371.1567 371.5735 371.4054 372.3425 373.5056 374.5342 375.2494 374.5782 374.7585 374.5985 375.2563 376.0332 376.0587 376.617 376.7838 376.7097 376.2935 377.0906 377.3335 377.7996 378.691 378.5132 378.0422 378.4369 378.1414 378.1739 378.0976 378.3483 378.9253 378.4005 378.2788 376.9578 378.5199 380.6966 381.7802 383.1118 382.6322 382.1634 383.1984 383.4013 383.8702 383.8762 384.2534 384.3885 384.7755 384.8228 384.9381 385.9239 386.7117 387.0878 388.084
341.9062 348.5571 354.2889 357.5053 359.1791 360.7861 362.7808 365.0972 366.3113 366.7158 367.9655 369.3675 370.5227 370.6206 370.7771 372.0907 372.9344 373.8144 374.1541 374.0448 374.5001 374.4585 375.1281 376.0644 376.2339 376.5821 376.7466 376.6096 376.3512 376.8737 377.5563 377.8143 378.7385 379.0551 378.8299 378.3593 378.9263 379.0203 379.1695 379.3472 380.0397 380.0631 378.9814 378.6702 380.1475 382.2566 382.3369 382.4746 383.1448 383.5996 383.3085 383.4193 383.7548 384.2522 384.4958 384.8801 385.1716 385.2588 385.3781 385.74 386.201 386.9729 387.6413
341.9886 349.8303 355.1329 357.2013 358.1599 359.8983 361.6874 363.0791 364.2994 365.3299 367.3304 368.7987 369.4524 369.8376 370.3097 371.1701 371.9797 373.1634 373.7645 373.8546 373.7843 374.4847 375.2556 375.9413 376.6473 376.6048 376.5854 376.7688 376.4437 376.9899 377.7967 378.2143 378.4941 378.6632 378.8365 378.4667 378.671 379.5649 380.088 380.1036 380.3149 380.4477 379.9699 380.4432 381.1464 382.2835 383.0721 383.5202 383.7152 383.9501 383.7242 383.9621 384.1106 384.2529 384.7152 385.0975 385.1656 385.6679 385.7995 385.9123 386.2691 386.7495 387.4941
342.1825 350.2329 354.2074 356.5099 358.7305 359.3394 360.6064 361.5528 363.0999 366.1472 367.8372 368.217 368.869 369.3349 370.2994 370.6218 371.4804 373.005 373.6465 373.3962 373.3697 374.2567 374.9507 375.595 376.1495 376.0845 376.3218 376.7191 376.7011 377.2955 377.8456 378.1193 378.3833 378.45969779156843 378.74209889578424 379.0245 379.1243 380.274 380.8358 380.8501 380.6625 381.145 381.4305 381.8474 382.3901 383.431 384.1983 384.7812 384.7223 384.6883 384.7798 384.9847 384.7506 384.8483 385.0938 385.2159 385.223 385.8307 386.1086 386.2936 386.5142 386.7754 387.4375
341.4757 346.6737 352.3166 356.1302 357.4486 358.5991 359.326 361.5359 364.017 366.498 367.2057 367.9438 368.9059 369.1666 370.0565 370.3986 371.5896 372.8136 373.4931 373.3382 373.5287 373.7809 374.1634 374.7683 375.4242 375.7737 375.9928 376.102 376.7505 377.2262 377.6608 377.7348 378.3158 378.6327 378.9907 379.6849 380.4498 381.2593 381.5177 381.2606 381.3096 382.0569 382.3606 382.7039 383.5011 384.335 385.0966 386.6844 387.1594 386.8242 386.3546 386.1917 385.654 385.7539 385.6193 385.6987 385.8088 385.9666 386.3225 386.7794 386.9502 387.0676 387.3683
339.596 344.5774 346.7654 352.0237 355.4372 358.0178 358.8174 360.0938 362.3099 364.3312 365.3567 366.7974 368.1592 368.2526 369.2995 370.7825 372.1364 373.2531 372.8556 372.8274 373.0452 373.5503 373.6854 374.7504 375.2617 375.612 375.7058 375.9746 376.6752 377.04 377.4003 377.6453 378.36 379.0815 379.9138 380.5912 380.7431 381.2206 381.5386 381.6163 382.226 382.4807 382.982 383.281 384.3055 384.8234 385.4491 387.402 388.8736 389.1643 388.2474 388.083 387.3773 386.2199 385.9522 386.2644 386.2731 386.5569 386.6804 386.9508 387.2578 387.5034 387.825
