Example_Watersheds/WA_MashelWatershed/DataInputs/m_1_DEM/Mashel_mosaic_mask_flat_exp_8-4-2015_30m.asc
ncols 923
nrows 455
xllcorner 550005.67551598
yllcorner 5180549.8134422
cellsize 30.0
nodata_value -9999.0
[rows 196 to 223 of 455, columns 252 to 314 of 923]
379.9683 381.0813 382.804 385.6117 390.0491 396.5692 403.7538 410.2326 419.6008 438.3393 456.1301 462.759 462.8497 458.8701 454.0229 449.1456 445.4542 443.7284 442.7909 440.4238 437.2722 434.5343 432.6705 429.5701 424.454 420.8446 418.2364 418.7263 417.8925 415.7119 419.0097 419.6076 417.8707 415.483 411.2992 407.3206 401.6759 397.6013 397.5091 399.0858 404.8856 411.1644 413.7536 415.6855 417.437 419.3749 421.0585 422.9825 424.5047 425.4648 425.3732 425.5697 425.5969 425.3449 425.1391 424.5684 424.1827 424.1643 425.4289 428.3354 430.3323 431.8299 433.5852
380.6369 382.1555 384.0785 387.2448 392.4783 398.8076 406.01 413.3725 424.8297 442.5662 460.2534 465.2858 463.5584 461.0143 457.7821 453.1662 448.6267 447.0424 445.0428 441.3109 438.492 435.8994 433.6702 429.7061 424.3488 422.9315 423.2983 422.2549 419.3349 418.1947 423.653 426.9702 426.0179 421.4969 416.8044 413.0207 408.319 401.4722 398.0457 399.0951 401.8422 408.9198 412.6442 415.1637 417.2178 419.4915 421.8601 424.0771 425.6764 426.8307 426.8066 427.1696 427.5946 427.5824 427.6736 427.3516 427.366 426.3442 425.6658 426.5945 428.1175 429.713 431.3455
381.115 383.2996 385.5222 388.3836 392.7849 399.054 407.5645 416.1605 428.2536 445.3434 463.3183 469.7708 467.8686 463.953 460.4758 456.4935 452.3691 449.8857 446.1426 442.1468 439.9881 437.1511 433.9879 429.0623 425.5777 428.075 426.4059 424.573 419.4374 421.5783 424.0443 428.7847 431.2231 428.4065 423.0498 417.7195 414.0391 408.3183 400.4865 399.2975 400.884 407.2329 411.3367 414.1849 417.2712 419.5376 422.6791 424.9726 426.2452 427.88 428.1111 428.2789 428.9299 429.1625 429.481 429.1345 429.2838 429.573 428.403 426.817 427.3309 428.789 430.1347
381.0084 383.0543 385.3876 388.6322 393.2171 399.0593 409.1556 420.7944 434.1601 449.0382 467.2212 472.3057 470.9684 466.2355 462.5675 459.6655 455.6414 451.3434 447.8183 443.6101 440.7489 437.9764 433.7603 430.029 431.6341 433.249 430.4175 426.5788 422.659 424.7742 424.2818 427.346 431.4617 431.732 427.6526 421.4077 417.1034 413.6495 403.9934 399.8411 401.2895 406.6176 411.3368 414.0185 417.5878 421.3942 424.4628 426.7097 428.0611 428.7755 429.3071 429.015 429.6062 430.0227 431.0594 430.8509 430.6124 431.6887 430.6656 429.3183 427.9489 428.4898 430.0822
380.9597 382.6076 385.0925 388.7001 393.2523 399.1469 410.9322 426.9456 443.3165 459.6625 470.9237 474.4163 472.0675 467.2544 464.2622 461.6858 457.932 453.6067 450.1235 446.6882 443.0517 439.9121 434.5763 432.5061 435.5862 435.4682 432.7376 428.3856 427.2391 427.2861 425.453 426.2993 429.2484 431.4909 430.3472 425.3387 419.9907 416.7672 407.7002 400.7587 401.3749 407.1 412.3546 415.1284 417.5693 421.4663 425.7866 428.6392 430.4521 430.0251 430.0364 429.806 429.9556 430.5879 431.7173 432.7837 432.557 432.6951 432.1308 431.4606 429.6687 429.0943 430.0109
381.2339 383.0013 385.3071 388.4946 393.4597 399.9942 411.6704 430.0489 448.444 466.7909 473.7289 474.0103 472.0161 468.8282 465.8666 463.0307 459.3388 454.804 451.1669 448.1353 444.7126 439.6475 434.8566 436.7546 437.1226 436.0003 432.9438 430.3495 430.5851 429.8239 427.8949 426.8091 427.9937 429.5619 430.1219 426.9713 422.582 418.5295 410.1992 402.0612 401.3893 407.5934 413.6746 416.0799 418.2208 421.7263 427.1837 431.7353 433.2863 432.1111 431.7667 431.7818 432.3246 432.5442 433.642 435.2532 434.8261 433.8357 432.9583 432.3401 431.2635 430.3832 430.2203
381.8312 383.5365 385.2601 388.848 393.4211 400.081 412.9649 432.0931 452.3142 470.0418 476.0461 473.9717 472.6897 471.3328 467.7567 462.8309 459.7236 456.1293 451.9378 446.7653 444.4932 440.4431 439.5316 441.5515 438.8118 435.1177 432.2449 434.3357 434.1472 432.9877 430.7737 428.8771 428.3149 428.2983 428.6479 427.138 423.6175 419.7614 413.722 403.285 401.72135000000003 406.5488 415.4321 417.2884 418.9193 422.7702 428.2455 433.325 436.4584 436.6383 435.7186 435.0313 434.9445 435.2513 436.4037 437.2272 437.1326 436.3281 434.7187 433.6419 432.2978 431.643 431.1503
382.1635 383.6022 385.5276 388.8856 393.9426 399.907 413.0672 432.9738 452.7597 469.8047 475.423 474.1839 473.4539 471.547 468.0756 464.5143 460.7494 455.7428 452.0734 448.0702 447.1625 445.0625 442.8665 443.8097 439.5082 436.4776 437.5602 438.0153 437.1591 435.864 433.9177 431.6591 430.3178 429.2979 428.333 425.6016 423.9344 420.5296 417.4299 406.5775 402.0534 404.6647 416.0677 418.581 419.9679 423.523 428.2411 433.6344 437.9044 441.191 440.9174 438.7819 438.7005 438.3349 438.0175 438.2016 438.8425 438.8 437.2294 434.9538 433.3378 432.8477 432.6656
381.8984 383.2462 385.6358 390.0348 395.0874 402.4343 412.4029 428.7482 445.4616 462.5328 473.1964 474.4532 474.7735 473.1216 468.8373 465.7178 461.6402 458.6783 454.7219 452.6744 450.123 448.5822 447.2151 443.9317 442.6669 441.6458 442.0408 441.62 440.3575 438.1379 436.8782 435.5398 433.7251 431.7247 429.7764 427.2271 424.7799 422.3599 418.4427 413.2555 404.6775 403.492 413.0398 419.5553 420.8697 423.4201 426.986 432.6156 438.0109 442.763 444.9257 443.5065 443.6619 442.8823 441.1661 440.4535 441.2322 440.8173 439.4186 436.7061 434.626 434.0812 433.7649
381.4796 383.1591 385.8565 390.5308 395.7529 402.1919 410.5892 425.1832 444.9297 465.2801 474.7457 475.7316 475.7041 473.5456 469.5046 466.6518 463.4937 460.6232 457.7425 454.4864 453.4523 451.3744 447.821 446.6158 445.8744 444.7208 445.7213 445.3486 444.2552 441.6219 439.2081 437.9416 436.2037 433.6792 431.9665 430.5552 429.8042 428.4396 425.221 421.4327 411.8348 404.86185 406.8007 418.0178 421.7422 423.4581 426.8556 431.8161 437.3936 442.6439 446.9028 447.5213 447.7807 447.5803 446.6599 445.0115 444.1788 443.6457 442.1093 439.8 436.7361 435.0746 434.4379
381.1035 383.2072 385.8957 390.059 394.8951 400.1278 408.9296 424.5248 446.4931 467.7128 475.3292 475.6021 475.9449 474.369 471.2481 468.343 465.9639 463.2146 459.5962 456.7801 455.8509 453.3527 450.3419 449.8199 449.3977 448.8891 449.4177 448.9496 447.7799 445.3698 442.6478 441.1891 439.9219 438.6585 438.0627 437.3434 436.7515 435.9394 432.341 427.64 417.5681 406.2317 408.122875 414.6298 422.1915 424.2051 426.8162 431.4227 437.0535 442.8394 447.5741 449.9439 450.2315 450.3581 450.3795 449.5916 448.4615 447.9492 446.7031 444.9212 441.4121 438.1777 436.3738
380.8054 383.0387 385.7079 389.1136 392.987 397.7031 407.42 424.3589 443.4396 462.0156 472.8724 474.9265 476.0858 476.7025 473.2442 469.1068 466.5884 464.0424 460.9078 459.1074 457.7403 455.768 453.5364 453.1751 453.351 453.6969 453.3105 452.4018 450.9151 448.9678 448.3145 448.2563 447.5656 447.7436 447.1334 447.155 446.1942 444.4856 440.0315 433.3708 424.0289 410.8131 407.52864999999997 411.3839 421.0009 424.7383 427.4464 431.6453 437.4768 442.7624 447.2974 450.0682 451.5891 451.6598 452.6994 453.1853 452.6807 450.9472 448.5813 447.8976 445.1049 442.2457 440.0873
380.5755 382.7715 385.2291 388.549 392.3466 397.286 405.2571 419.4454 435.5272 453.129 468.0012 475.1973 477.6373 477.9991 476.0899 473.5217 468.9626 466.7361 464.7533 462.4344 460.4513 457.8556 456.4701 455.9131 456.041 456.8591 457.357 456.2391 454.1691 453.1981 454.1602 455.1599 455.9518 456.7004 456.475 456.8424 455.978 452.8403 446.6161 439.7854 429.0136 415.3932 408.5974833333333 408.8256 419.7057 425.1476 427.9684 432.0438 437.5994 442.4469 446.6183 449.3649 451.2474 452.0635 453.4988 454.5056 454.8682 454.0746 452.1283 450.5976 448.8232 447.0844 444.8867
380.8312 383.223 385.5947 390.55 394.5195 399.1806 406.2658 414.8708 427.4179 445.2861 461.4492 473.1126 478.9314 480.3474 479.7942 478.6169 475.3985 473.293 471.5204 468.9333 465.9727 462.1159 459.4992 458.4154 458.4954 459.7182 460.4149 459.658 458.0912 457.2551 457.5846 458.4736 460.1147 460.6629 461.032 460.7325 457.8445 455.1344 450.6669 443.3613 431.3892 418.7064 408.86469166666666 412.13352499999996 418.8618 425.2056 428.4335 432.4648 437.2243 441.8417 445.5692 448.4559 450.5245 451.8069 453.7031 455.1346 455.8727 455.8321 454.7784 453.3869 452.5025 450.6522 448.617
381.1245 383.6122 387.3467 391.7767 397.123 401.7852 407.6002 414.5749 424.1732 438.9698 452.7299 464.5246 477.5852 484.3825 484.0538 482.8006 481.9989 478.337 474.7804 472.2253 470.1759 466.7907 463.8998 464.6357 464.7794 463.8002 462.591 461.228 460.0291 458.8037 458.2284 458.3871 459.4768 460.0437 459.9799 458.7525 456.805 454.4864 450.5614 444.1607 433.5135 421.4218 409.1319 410.776275 418.5585 426.5471 430.722 434.6587 438.3239 441.0555 444.4618 447.6655 450.2034 452.2382 453.9593 455.2793 456.3336 456.9511 456.5607 456.3404 454.2957 453.4591 451.5844
381.8345 384.9829 390.0573 393.0833 399.3602 404.0953 408.5529 415.2916 423.0054 433.9601 447.3875 462.1642 479.4269 487.9503 488.5128 488.1947 487.2436 482.5417 476.8119 474.0071 471.8341 470.1319 468.2541 468.8069 468.4095 467.3195 465.1461 463.1733 460.1656 458.0675 456.5616 455.8259 455.9127 455.6294 455.401 454.828 453.5184 451.8275 449.0921 444.8629 435.8544 422.9707 411.4678 412.27815 416.7384 426.1817 430.8663 435.6434 438.4069 442.0071 445.5739 448.8861 451.1642 452.9365 454.3107 455.5183 456.5114 457.3333 457.557 457.5038 456.5581 455.6448 454.1549
382.7764 387.4532 392.9935 395.6165 401.1344 405.372 409.3578 415.6468 421.8175 431.1051 447.1597 466.3939 484.2246 490.9925 492.2903 492.0889 490.6846 485.9709 479.3946 475.7224 472.6384 470.9348 469.9621 469.9487 469.9028 469.3087 466.9839 463.1553 459.1612 456.1644 454.5061 453.7129 452.9211 452.0646 451.3634 450.9889 450.3121 449.2596 447.6971 443.8606 436.8066 425.3494 412.0553 412.74585 415.4244 424.7372 429.3755 433.7444 437.9569 441.9616 446.1554 449.2691 451.3192 452.8585 454.3859 455.7979 456.7907 457.812 458.1835 458.0945 457.3477 456.7865 456.0321
383.0386 388.3253 394.0695 398.0781 402.9955 405.8603 410.0461 415.0762 420.7643 429.472 447.7846 468.6327 485.6269 492.838 494.8319 494.59 492.1582 487.1094 481.5439 477.4863 473.6756 470.8466 468.982 468.7656 469.2622 469.0763 467.1431 462.3655 458.2014 454.9325 452.9278 451.9636 450.7002 449.6648 448.6611 447.7544 447.001 446.758 445.6676 442.0827 436.3935 428.0432 413.3716 415.1725333333333 414.0239 423.361 427.4376 430.8872 435.5611 440.7751 445.3828 448.3655 450.4818 452.5688 454.4238 455.9011 457.1234 457.7986 458.6064 458.5649 458.2113 457.6974 457.2222
383.1717 387.3565 393.2779 399.0848 405.6622 407.1356 410.7247 414.4002 419.0046 430.6846 450.3208 470.0581 484.2768 491.4948 493.729 493.3163 491.2372 487.3376 483.1193 479.0185 475.2519 471.0283 467.3123 466.3466 466.8444 466.6686 465.115 462.5567 458.859 454.1188 451.5212 450.0043 448.4749 446.9263 445.9146 444.8118 443.9556 443.469 442.1217 439.4841 434.9903 428.5081 415.1561 414.23490000000004 416.257475 421.6916 425.8894 428.9783 432.8888 438.882 444.4822 447.3743 449.7283 451.7061 453.9896 455.6733 457.0304 457.6277 458.2537 458.2565 458.0009 457.8124 457.666
382.8653 386.6064 392.6586 398.978 406.0513 408.7014 412.481 415.5711 419.1445 432.7938 450.6317 469.0158 481.0727 489.0597 492.1147 491.5236 490.6992 488.5201 485.0968 480.6454 475.9808 471.241 466.8474 464.397 464.0292 463.9386 463.0743 460.9548 457.3332 452.5674 449.8467 448.2338 446.405 443.8569 442.4695 441.83 441.0939 439.8545 437.9032 436.0051 432.9078 426.8488 414.784 421.12732500000004 416.4363166666667 416.5665 422.443 427.0785 430.5303 436.4149 442.6784 446.7001 448.5455 450.626 452.6831 454.5266 456.1146 457.1699 457.4163 457.8434 457.6106 456.967 456.8578
383.2746 387.623 393.6786 399.1156 404.7971 408.8091 413.7842 417.5445 423.0602 435.7289 447.6209 464.8905 477.0504 486.5235 490.7739 490.788 490.1955 488.7796 485.7826 481.9011 476.8216 470.9973 466.2527 463.3246 460.7043 459.3202 459.4564 458.5733 454.8169 451.2043 448.2836 446.1313 444.0988 441.6922 438.8315 438.6658 437.3588 436.2 434.908 433.1984 428.1949 420.1589 421.408975 418.82985 416.7191583333333 416.78854333333334 417.8539269780785 421.0238 427.3499 433.2826 438.2647 442.483 446.5723 448.9035 451.1877 452.791 454.7857 456.0548 456.4173 456.8398 456.7605 456.262 456.3924
385.2736 389.0966 395.2348 399.3502 404.0455 408.5168 413.0446 419.5735 428.014 441.0106 452.3703 464.5498 475.1788 484.4843 488.0217 488.2212 487.7426 486.6622 484.7931 482.0179 477.4849 470.8792 465.2286 461.6464 458.0219 455.5526 454.6426 454.8878 452.7432 449.6069 446.2867 443.8422 441.4124 439.104 436.575 435.4517 434.0813 432.6943 431.031 429.0534 421.8573 423.57075521996364 419.20065 417.45415404499505 417.002 417.0249 416.8545858333333 417.8187534158248 422.8032 429.6278 433.7751 437.7413 441.3505 444.4182 447.4429 450.7621 453.0442 454.3524 455.5666 456.3238 456.2843 456.051 455.8627
388.1509 391.0192 395.3863 399.4027 404.8112 408.9825 412.5398 422.7966 433.6062 446.2972 461.4429 469.7471 476.0733 483.1138 486.2527 485.6991 484.9152 484.0089 483.2437 481.2048 477.4167 471.1021 464.9397 460.3507 457.1171 454.5853 452.0399 451.322 450.2644 447.7432 444.6223 442.0098 439.3363 436.8049 434.9282 433.1024 431.3326 429.9652 427.3182 423.4456 420.44627362661817 420.2829311027897 418.94661043992727 423.4248 429.6951 429.8416 421.7562 416.8692619444444 417.9989 425.7915 429.6265 432.884 435.5706 438.4012 442.3683 446.6323 449.8821 452.5447 454.3387 455.7042 456.2126 455.8395 455.2785
390.507 394.8203 398.6581 401.0043 404.7156 408.2136 414.5296 426.253 439.6807 450.852 459.9341 467.384 474.5261 481.9286 485.9436 485.233 484.3049 483.4677 481.9954 479.9184 476.0139 470.1449 464.6211 460.1114 456.8395 453.7804 451.0151 449.0727 447.8929 445.9628 443.1737 440.5926 438.1042 435.6267 433.4684 431.4854 429.7374 428.1326 425.1363 419.736 419.5206024653053 419.30520493061056 423.6173 432.3458 437.1577 438.26 432.015 418.9942 416.8729309722222 419.3417 422.642 427.7813 431.509 434.484 437.2424 440.9899 445.2133 449.4684 452.2853 454.1403 455.2848 454.9727 454.6253
391.1699 396.3472 401.1294 402.8249 405.976 408.7067 417.5175 430.1664 440.7744 448.827 456.6151 463.9442 472.0586 479.3339 482.8681 484.1919 484.5679 482.231 479.2934 476.3922 472.5213 467.6946 463.0593 459.1165 455.2598 451.6727 448.5278 446.9578 445.8392 444.935 441.7721 439.2913 437.2257 434.7012 432.5734 430.8967 429.3906 426.9975 424.514 419.532 419.399146524231 420.0194448997203 426.4198 432.6663 437.1765 439.6761 436.3406 426.5977 419.0831 416.8766 418.258 421.3677 424.493 428.9383 433.8123 436.4454 440.5509 445.1323 448.9395 451.4559 453.3134 453.8103 453.7393
393.3864 398.788 402.4888 404.2958 408.0813 410.821 418.6697 431.0924 439.4088 446.9034 454.3282 461.2984 468.1162 475.0749 480.2151 482.9897 483.3204 479.0909 475.1785 471.8765 469.1913 465.4346 460.3567 455.9261 451.8941 448.9522 445.8673 444.8636 443.7532 442.6233 439.8127 437.7588 436.0703 433.8976 432.2469 430.4107 428.7982 426.1964 422.3356 419.59303840673397 419.5115041278993 419.98706286067545 426.3112 431.4565 437.2543 442.0572 442.0461 434.2486 427.7294 422.4313 419.3636 419.3495 420.0359 422.7137 426.5719 432.2024 436.3292 440.4376 444.2711 447.8098 450.5693 451.9962 452.179
394.1862 399.9938 405.01 407.0508 409.5599 413.2242 418.4492 427.6241 436.2413 445.1498 452.9233 459.6456 465.3991 471.9654 478.2714 480.3004 479.549 474.5722 471.3228 468.7404 466.2045 462.6921 457.6451 452.7105 448.7251 446.4301 444.3505 443.2672 441.8704 440.4368 438.321 436.2888 433.9804 432.4196 431.3002 429.1259 427.5641 425.6062 424.2238 420.37317590198876 419.62386173156756 424.1997992355866 426.5009 431.4377 438.6766 444.1234 448.4518 445.3413 438.6549 432.4478 427.696 424.9932 421.6428 421.1494 423.0952 426.4463 432.0648 436.3968 439.7529 443.1367 446.696 448.8799 450.1897
394.6484 399.8531 405.2062 408.7436 413.2639 420.5112 423.3174 427.6027 435.317 443.455 450.9062 458.6436 464.3085 470.0565 475.1507 475.3408 473.5183 470.3941 468.0461 465.857 463.2038 459.7431 455.5988 451.1366 446.9291 444.8723 443.3409 441.6446 440.1449 439.1669 437.6862 435.761 433.187 431.4239 430.295 428.782 427.729 426.9413 427.1683 420.3364 419.65786888431325 421.66198181714543 425.4318 432.8909 440.9751 447.2665 453.6687 456.1685 452.7868 446.8199 442.0037 437.6673 432.2229 426.7368 422.4812 424.6174 427.8794 432.607 436.6188 440.0675 442.6832 445.1316 447.8537
