Example_Watersheds/WA_MashelWatershed/DataInputs/m_1_DEM/Mashel_mosaic_mask_flat_exp_8-4-2015_30m.asc
ncols 923
nrows 455
xllcorner 550005.67551598
yllcorner 5180549.8134422
cellsize 30.0
nodata_value -9999.0
[rows 0 to 27 of 455, columns 189 to 251 of 923]
138.9889 138.9889 138.9889 138.9889 138.9889 138.9889 138.9889 138.9889 138.9889 138.9889 138.9889 138.9889 138.9889 138.9889 138.9889 138.9889 138.9889 138.9889 138.9889 138.9889 138.9889 138.9889 138.9889 138.9889 138.9889 138.9889 138.9889 138.9889 138.9889 138.9889 138.9889 138.9889 138.9889 138.9889 138.9889 138.9889 138.9889 138.9889 138.9889 138.9889 138.9889 138.9889 138.9889 138.9889 138.9889 138.9889 138.9889 138.9889 138.9889 138.9889 138.9889 138.9889 138.9889 138.9889 138.9889 138.9889 138.9889 138.9889 138.9889 138.9889 138.9889 138.9889 138.9889
237.675 239.328 240.077 239.964 240.3581 240.5956 241.1621 241.0107 237.5079 235.2435 235.5842 232.8164 236.7344 238.6178 239.2536 240.8543 242.5966 248.3588 255.0438 260.3185 259.9513 262.8145 266.7527 270.0665 272.9798 279.0235 287.1887 286.0919 291.1905 293.4737 292.7809 292.7554 292.7582 294.3603 296.8518 296.6154 297.1143 298.9048 301.2289 302.5395 301.2366 300.367 299.1985 306.4852 331.3611 361.7534 387.3787 379.7191 376.5508 388.8109 410.052 427.5966 434.785 442.09 449.2457 456.2244 461.9288 468.7212 474.4625 480.013 483.4997 486.8515 488.004
238.2751 239.5053 239.9188 239.9626 240.3374 240.6989 240.7713 237.785 236.29622376877123 236.78645 236.2618 233.83135 235.7329 237.6448 239.5211 240.9501 243.2345 251.3719 255.3547 258.1834 261.3298 263.4315 265.6695 268.9152 272.6485 275.3458 285.6225 287.3906 291.6618 293.7652 293.5759 293.1329 292.3456 292.2297 294.0333 294.7849 294.5132 296.2222 298.3719 300.1609 300.905 300.0516 298.7703 303.9447 324.6112 346.351 357.8091 364.9456 374.0948 390.4836 415.9083 431.3766 436.5761 445.3676 454.4602 460.1431 464.6768 470.731 475.8833 481.7538 485.1261 488.9727 489.8966
238.4422 239.6174 239.684 239.9328 240.2584 240.5923 237.684 236.87105950528522 236.9319 238.3294 236.9565 234.8463 238.4404 239.0886 240.4583 241.2436 246.0898 256.4543 259.2302 258.3143 261.2699 264.3172 265.7494 267.1871 270.6207 274.01 283.2656 289.1236 291.7023 294.2907 294.2751 293.59 292.8899 292.1473 291.5533 291.9378 291.9564 292.244 294.0943 295.784 298.2997 299.4697 297.6563 300.8155 313.5097 328.2573 344.9492 364.9235 381.4561 399.842 419.349 431.7087 439.268 449.0253 457.1759 463.0196 467.2735 471.7216 476.8068 481.7859 485.0406 488.1497 488.1163
238.3988 239.3746 239.7118 240.1651 239.7714 237.50939942003862 237.81054061595466 236.94603490499142 237.3111 239.2649 235.9016 237.6654 241.5456 241.2294 241.4448 242.6206 250.6938 260.7777 261.4629 259.438 261.5691 264.9286 265.9715 266.1916 267.2664 271.6143 279.863 288.4099 290.0861 294.1507 294.9798 294.3421 293.7383 291.8252 291.1839 291.6542 291.0862 290.2377 290.9291 291.9681 294.1205 296.9481 296.0084 299.5485 307.2295 325.9452 355.0463 372.7589 390.8892 412.8046 424.7647 434.2005 441.8703 450.2873 457.5411 463.4259 468.0149 472.4448 476.4637 479.6051 481.5511 483.0043 481.4294
238.2389 239.3194 239.9815 238.7593 238.33227601880827 237.29743333333332 237.9300309140929 237.02101030469763 237.47552060939526 236.5665 236.8715 241.1822 242.6443 243.7128 241.8207 242.8143 254.7562 262.0537 261.8661 261.2791 263.0696 264.8057 265.3784 265.6663838800237 266.28104863326774 266.9468 271.6631 281.9606 286.691 293.2443 294.472 293.6025 292.9252 290.369 294.6766 293.9984 290.3944 289.5326 288.7311 289.3011 291.1985 292.7904 295.532 298.6541 307.8725 333.0754 364.1262 376.3874 396.9787 417.2472 427.067 434.9108 442.2475 449.4773 455.767 462.8516 468.1692 472.3526 475.2914 477.1307 477.5947 477.2303 475.2686
238.1308 239.4159 238.305 238.84530962498445 237.7390481763298 237.3881785043351 237.17309635265957 237.96681522807683 237.14652955906698 239.1459 240.5617 241.0999 242.2934 243.3039 242.01827704693483 244.424 257.9415 262.1298 262.2639 262.2897 263.0573 264.5178 265.295 265.5843 265.74085 265.8974 268.5268 271.1562 281.8369 291.0192 290.0363 286.3341 286.7736 285.3518 297.5497 297.4518 290.9982 288.1955 288.0978039616189 288.211 290.243 291.2986 293.2615 296.3674 307.1857 334.1687 356.8997 379.3012 404.2103 421.0873 429.3533 436.6089 444.9444 452.6499 455.8474 462.6694 467.9581 471.5704 474.1424 475.3202 475.1368 473.7076 471.4579
237.7428 239.0972 238.6461345001528 238.19506900030564 237.7091192499689 238.48731508955083 237.31375655163203 237.46950565445616 238.5108 242.0735 241.7034 240.665 241.7258 242.2602 242.21585409386967 248.0581 259.9641 261.8944 262.5139 262.1663 263.1872 264.3938 264.9445 265.7323 266.2261 265.9458 266.7078 267.9565 275.2552 283.6749 282.3655 282.8774913888511 283.62399569442556 284.3705 285.3804 291.6381 290.79 288.091 288.0709140434692 288.7138 289.5108 290.4225 291.6952 294.2648 307.3305 343.7756 386.8033 406.83 419.9117 429.9916 433.2178 436.8964 446.3291 455.4104 460.1149 463.4601 467.179 470.9897 473.4196 474.225 473.4318 470.9666 468.3044
237.2546 238.4008 238.51742736808282 239.3185 237.5237 237.40071797527742 237.57013550953928 237.9601 240.4483 243.0653 243.1059 242.1021 240.8193 249.42863333333335 245.12396666666666 253.7333 261.1788 261.8269 262.2634 261.9372 263.3398 264.0647 264.5193 265.8508 266.339 266.0768 266.2939 267.5182 272.5309 278.716 280.4333 287.733 288.8016 284.5168 288.1302 286.2492 287.8739 288.0519 288.22665 288.4014 288.8726 289.29015 289.7077 292.5265 305.2272 352.5877 405.1029 420.7937 427.5652 433.8884 437.1656 439.3463 446.5833 455.4323 460.0131 463.3867 466.0052 469.9839 472.3643 473.5755 471.9912 467.8403 464.3107
236.717 237.999 238.6154 239.0 239.4744 239.7643 240.145 240.3643 240.2058 241.5166 243.5845 243.8117 241.75515000000001 247.43435 246.3874 258.787 261.3637 261.8495 261.9796 261.7865 263.4216 263.8351 264.2411 265.1269 265.862 265.6217 266.0352 267.662 279.3782 285.9784 292.3966 300.868 305.1517 298.085 293.6335 291.8899 289.0155 288.2105 288.2665577455235 288.3037 290.8800030982094 290.00885464731414 289.13770619641883 292.6223 307.9937 337.6699 392.5456 428.9239 433.4272 436.176 439.6718 441.6158 446.0099 454.1356 458.6647 461.917 464.7523 467.7101 470.3839 471.7839 470.6555 466.429 461.1995
236.5553 237.7601 238.247 238.7014 238.9035 238.9524 239.8629 240.1918 240.6605 241.1292 242.7932 242.7488 241.96311666666668 249.822975 254.0494 260.6435 261.3137 262.0648 261.8647 261.6903 263.4362 263.8557 263.9211 264.3691 265.0014 265.0984 265.5399 267.3094 282.0116 290.7227 300.5055 309.0591 309.9523 308.5668 306.3007 305.7764 300.4518 291.1431 289.2948281547749 288.3452596242539 288.36206568695593 288.39826532742416 288.5042767337646 290.9404 301.4609 321.3283 374.9904 425.0152 432.3883 438.6129 440.1039 441.7445 443.8298 451.3199 456.488 460.3197 463.4273 465.7034 467.8414 469.8521 469.6045 466.0652 460.1554
236.868 238.0689 238.255 238.9164 239.8043 239.5642 240.2066 240.2689 240.5682 241.585 242.9252 242.6633 242.01510833333333 246.5431 257.8908 260.774 261.317 262.1121 261.6507 261.6267 263.0917 263.6823 263.8928 264.1677 264.6438 264.5232 264.7473 265.0415 278.8868 291.2489 302.1438 315.1698 314.3304 313.0064 309.7149 310.2587 313.3968 304.5101 292.0741 288.3788 288.35785192485076 288.77992887276173 288.36552265873456 288.4296 294.2551 309.1824 335.3505 367.7715 404.4779 440.4757 439.6615 438.8219 441.4245 447.0276 452.7336 458.1272 460.9484 463.079 465.1576 467.3117 468.0748 465.3125 460.0471
236.8938 238.6109 238.2864 238.4815 239.2952 240.0038 240.2404 240.3114 240.3274 240.9446 243.2079 243.0147 242.0671 247.0201 258.284 260.8506 261.2833 261.99 261.1643 261.5011 262.8898 263.2698 263.7235 264.3445 264.59 264.6998 264.2391 264.2227 278.1108 291.2233 301.2817 312.027 315.8851 314.8817 312.9458 309.9798 309.8567 310.058 300.2423 294.3119 292.5362 288.36021298121267 288.5838385509996 288.5983478516999 290.533 303.4097 324.1577 341.7867 380.1625 426.8881 438.1928 438.3967 442.7733 442.1679 444.4517 451.1648 455.3408 459.0573 461.3982 462.9334 464.5769 463.4813 459.4617
236.593 238.9678 238.51835 238.4121 238.6418 239.7412 240.2303 240.38 240.3994 240.4296 243.0937 242.4913 241.65171883707876 245.4553 256.5356 261.0452 261.5247 261.9147 260.8826 261.3887 262.5765 263.0 263.6525 264.2711 264.4442 264.7674 264.187800834723 268.0801 280.4584 290.6136 299.1442 310.1536 313.2118 313.4176 311.6241 309.00311827254467 311.8252 307.6041 304.3159 302.5542 295.5 292.8752 288.3607376604042 288.4052481445425 289.2933 296.0935 314.1362 333.2603 354.5996 395.0806 441.0819 441.5129 439.2233 435.0611 426.1593 428.0157 444.3832 452.2961 454.6517 457.6715 459.7199 460.1938 457.3433
235.9603 239.0226 238.7503 238.45954222194828 238.5378 239.3376 240.2118 240.4208 240.2814 240.2024 241.5272 241.358 242.7973 248.3031 257.0022 261.2079 261.4389 261.6886 260.7991 261.1863 261.881 262.5178 263.4401 263.9873 264.505 264.1515268470864 266.8665 278.8021 287.7087 291.3585 296.6597 306.2672 308.771 309.1495 308.3125 311.418 313.5395 309.3917 304.6542 302.6819 296.3766 293.1151 288.37459892230567 288.3608688302021 288.9077 290.4169 302.1219 320.0556 338.2572 367.5548 423.753 435.1529 429.8526 424.7252 399.9433 401.7733 427.1175 435.7869 442.1016 451.3654 454.7416 455.2295 452.6581
234.829 238.5221 239.2988 238.8467 238.5563 239.384 240.2342 240.3572 239.745 239.93290000000002 239.7964 243.4597 247.8729 252.9254 259.0236 261.1039 261.1537 261.2175 260.4797 260.6045 261.5153 262.3558 262.8145 263.2247 264.2278 264.12505271241713 267.7106 281.968 290.4734 291.7875 293.4648 301.7256 306.8857 307.9848 305.8831 311.2462 309.7999 306.8139 302.4179 298.9715 295.1877 292.2301 289.0664 288.4351 288.361 291.0211 293.6812 310.5993 327.987 352.9563 400.4893 421.0192 412.389 389.5645 374.563 376.6221 395.2851 414.3582 437.2237 443.6697 444.3127 446.7265 446.5356
234.5016 237.5492 239.264 239.4342 239.1073 239.6013 240.171 240.2664 239.84 239.6634 242.3334 245.9132 250.7592 255.2827 259.8781 260.6991 260.6745 260.9145 259.9572584035951 259.9146 261.577 262.7504 262.4112 262.7598 263.8761 265.43992039990934 266.0958 279.4507 287.5027 290.7281 293.2931 301.9326 307.4662 308.9267 304.4987 304.4744 307.0684 304.2415 301.2537 298.1082 295.99 293.2567 290.9236 290.7242 289.1507 290.0681 294.47605 298.884 311.134 325.0678 343.3321 351.3483 353.1492 350.87 349.8842 354.6272 367.8493 387.0075 421.4588 425.7124 421.3127 434.4176 440.1732
233.9839 236.4286 238.7776 239.1216 239.4054 239.6805 239.7548 239.4729 239.4566265936279 240.5868 244.7833 246.2123 251.3979 256.5748 259.8772 260.2363 260.0562 259.8243391349528 259.83642485124255 259.82405895731785 261.2458 262.7009 262.6099 262.7097 263.1843 263.3463 265.3294 276.6809 283.3592 289.163 295.9896 304.0671 309.633 307.4752 303.1319 302.77495 302.418 302.1705 302.5442 301.6802 297.9349 296.8592 294.6793 291.584 292.3066 293.1845 290.2576913586282 291.0291428525061 293.1781 303.0884 311.034 313.0489 317.558 322.0565 330.3 339.4348 348.3822 361.7331 375.1211 386.0181 405.7774 426.7852 432.7813
232.7979 234.2844 236.5603 238.9236 239.1709 239.2139 239.1181 239.1855406582556 240.5278703291278 241.8702 245.7005 248.4232 251.431 256.3542 259.6754 260.098 260.0559 260.1570678818289 259.81042941437715 259.8734 261.2192 261.8227 262.6512 262.9994 263.6227 263.1451838474283 264.8379 273.9725 281.5065 290.1896 298.3571 304.7956 307.0237 304.7887 303.1505865885647 302.4646 303.2571 304.63745 303.2525 303.6153 299.571 297.5389 298.0322 298.6291 294.1647 294.1128 291.7471 290.4472827172564 293.75894534884793 290.64279332375173 293.2129 298.0495 305.8714 314.9708 318.0359 323.7459 333.7822 343.4007 350.9413 365.4901 387.1937 413.0331 419.5617
232.2463 231.6215 233.4478 238.4277 238.7185 238.92024525881763 238.98234691907084 240.0205207445493 239.3156 242.8417 246.2506 249.0288 250.1777 253.4833 258.4296 260.0045 259.7945 259.7920478646897 260.0032239323449 260.2144 261.4481 262.0167 262.6402 263.4107 263.3889 262.97689192371416 264.6355 274.4461 282.6277 290.672 300.3976 305.0419 307.4243 315.2302 317.9975 316.2713 310.8905 307.1044 308.0517 305.7019 302.098 298.0863 298.1152 299.4647 296.9009 293.5987 291.8369 291.12534135862825 290.4774413586282 290.4981785029531 290.5189156472781 293.1476 302.8506 309.3947 312.2894 313.3369 319.0032 327.6996 335.0719 348.6271 367.483 386.8957 395.86
231.4711 231.50979999999998 231.72276092645706 236.5199 238.7126 238.9322 238.84659383814164 239.1221 241.4269 243.2228 244.296 245.0372 248.0022 250.3719 255.2779 259.3255 259.4796 259.9834 259.9689 260.3432 261.4395 262.372 262.5104 263.2248 263.4081 262.8086 264.0273 274.4953 284.0023 292.0943 299.7766 302.1992 307.6166 322.7979 329.6273 326.4757 319.2317 315.0825 313.8437 311.7735 308.8391 302.6608 301.4724 300.3029 298.6765 296.9236 292.3126 291.8034 292.5688 290.5076 290.6443050876508 290.8799885324659 296.7346 306.3092 311.1835 309.1237 309.3934 313.3655 322.7164 333.6606 346.3265 357.8614 372.5027
231.4125 231.3981 235.5311491005057 234.0951 238.4933 238.3688 239.4083 240.4478 245.7655 243.6099 244.56380000000001 247.5009 246.8999 249.5642 252.0241 256.5866 259.1564 259.8716 260.1183 260.3362 261.6406 262.08 262.1516 262.3982 262.70726510602316 262.6045611967743 263.12442736368564 272.7363 285.9846 294.6812 297.1689 297.7649 305.3438 320.5651 326.4327 324.3906 322.2769 319.806 320.0657 318.345 312.8679 307.3557 305.0885 303.1886 301.0994 300.115 295.608 294.0257 294.7843 293.9592 292.0862 290.6952007271459 292.0281743213896 295.1226 301.6579 300.6843 299.3464 300.5362 306.6041 318.6846 326.5365 336.5981 349.5966
231.4699 230.9513 231.01317015459037 231.0655 237.9385 238.953 238.4022 241.4303 245.5752 243.7251 246.3758 245.9048 250.7058 251.6824 250.904 252.8764 257.5434 259.3181 260.0792 259.77 261.7856 263.088 262.6198 262.2117 262.46028397538817 262.486 263.26280098159475 267.8444 285.1493 296.093 295.2912 296.7839 307.7719 322.0575 326.9998 323.7859 321.0204 321.39099999999996 321.1559 321.8585 311.9428 310.7397 306.6146 305.416 307.1512 304.7048 300.0399 295.8318 296.575 295.1232 292.9936 290.743750363573 290.7460963666409 291.038665024978 292.46055 294.27149999999995 286.9209 288.6319 289.528 299.2881 309.1149 320.2575 332.0483
231.4449 231.0424 230.88734278140188 230.88742994888386 236.0989 239.4638 238.43585000000002 241.4952 244.4191 243.8403 246.56546214099976 249.1417 251.6395 252.5493 251.2417 253.2195 256.6447 258.8382 259.6423 259.9251 261.6556 264.1108 264.486 264.2812 262.9952 263.1181153855676 263.25526538556755 271.70198269278376 280.1487 296.7594 297.2057 298.9729 311.7 324.3517 328.7549 325.0779 321.9508 322.976 320.5916 319.0054 312.2582 308.8405 306.8344743443467 306.27459999999996 305.8649 305.5143 305.0072 302.8534 298.1835 292.7799 291.8753725786606 290.7923 291.2892 290.8359 291.2675 289.7985 286.88509999999997 283.9717 282.3613 286.2719 298.0177 307.983 320.4523
231.4891 230.8453 230.7615154082134 230.80774 234.1623 238.4287 238.4695 240.8114 245.2344 250.1923 253.1743 251.4705 250.6255 251.7643 251.271 254.2748 257.646 259.0255 259.2133 259.9626 261.879 266.7827 266.8516 265.4929 263.8409 263.50336776041445 266.7760702225205 264.0245307711352 274.9455 296.3752 299.1287 297.9905 307.3304 320.0479 324.8754 320.6822 324.3862 322.9954 322.1862 320.1693 315.0374 310.91880000000003 306.8002 307.1332 306.9101 304.6753 308.0617 304.5392 299.1953 290.5356 291.3360628150056 290.54603333333336 292.2968 296.3326 302.2155 293.6189 293.0873 293.0714 282.4281 278.2985 284.5339 299.4384 314.5915
231.3879 230.7899 230.71702698067975 230.89365999999998 232.0065 236.0631 238.9497 240.8064 245.0385 253.9653 256.4138 255.3882 251.8784 252.5972 251.4579 254.3592 258.5724 259.4745 259.1848 259.5246 262.5075 269.6804 268.592 264.965 264.4653 267.4681443928659 264.01153552082894 264.1730573631401 277.1167 298.4404 300.2512 299.47715 300.1202 308.7022 313.7501 313.408 321.1273 321.1447 322.646 322.6672 316.7126 308.1276 309.2795 310.9218 309.5878 305.8136 304.6278 299.8412 297.317 291.3778 290.47925 290.6024 295.1134 301.175 295.4521 289.8345 297.9325 296.8945 285.2078 277.90716716831616 277.4538 290.3662 313.1657
231.2356 231.0734 230.7129 230.97958 232.0759 234.837 237.9449 240.2758 246.6255 253.6514 256.5582 256.2562 254.7995 253.9123 254.8111 256.2114 258.2444 259.2186 259.1494 259.2681 262.2924 269.0808 268.7167 265.2567 265.3586 264.56950789749266 267.97631215328033 265.8845 290.0389 304.707 302.8492 300.9638 298.1892 298.2209 303.3903 311.3717 313.2189 315.3559 316.3026 317.009 315.5668 311.0706 311.403 312.9259 310.2078 307.8524 301.8533 295.7737 295.419 294.1382 291.5529 290.4229 294.0336 293.3832 286.3746787014136 289.0995 295.2517 292.1772 284.6711 279.09170212231095 277.40807916666665 282.0536 303.5469
230.8939 230.8513 230.6596 230.6359 231.2768 233.4799 237.183 239.948 249.6393 256.1215 256.589 256.1213 254.82729775928217 253.98045256314262 254.3029 257.907 258.2659 258.8686 258.9445 259.0046 260.5509 264.8813 266.662 263.9747 264.1226 264.8701202708528 271.9410887857318 272.6594 303.5577 309.3458 306.4292 303.1217 300.7317 297.3947 302.1071 313.1604 313.9412 309.0937 305.1349 306.1328 308.6826 311.9385 315.2207 313.9106 310.8147 308.8734 301.6507 296.6738 295.7253 296.3545 293.2444 287.5883 287.3975 286.293276210722 286.2968759657971 290.8502 290.6481 287.5694 282.4818 279.57779127774535 277.36235833333336 278.5328 296.4044
