Example_Watersheds/WA_MashelWatershed/DataInputs/m_3_Age/agezonal_0_9_randomized_no_neg.asc
ncols         923
nrows         455
xllcorner     550005.67551598
yllcorner     5180549.8134422
cellsize      30
NODATA_value  -9999
[rows 290 to 347 of 455, columns 288 to 383 of 923]
59 56 59 57 9 8 1 9 1 9 0 8 2 3 1 3 7 2 57 53 54 57 57 59 59 53 53 56 51 42 44 41 51 51 51 51 57 53 54 58 54 51 54 55 59 59 59 98 92 52 52 52 59 99 99 95 95 36 37 38 35 35 0 38 35 34 35 34 34 32 35 33 30 36 34 39 39 36 33 35 31 33 35 37 35 33 36 52 55 58 52 0 1 2 39 34
59 51 59 7 9 2 8 8 0 7 2 2 7 1 5 0 4 7 7 59 51 57 51 59 51 51 59 59 51 51 59 51 51 59 59 51 56 55 54 54 58 59 58 55 59 59 79 91 92 99 99 93 99 92 95 35 35 31 31 32 33 37 34 38 36 32 35 31 34 38 38 33 32 33 34 34 35 37 30 33 33 33 30 33 35 37 31 56 55 59 56 59 0 35 39 39
59 50 59 9 2 5 9 8 1 2 1 6 1 8 8 3 6 5 9 51 50 59 59 56 51 51 57 59 51 51 59 52 59 58 58 56 57 59 51 57 51 51 51 0 79 99 2 99 91 92 92 92 92 92 33 39 34 31 33 38 37 36 38 36 37 37 35 37 35 38 37 33 33 33 31 34 35 32 35 30 32 37 39 33 35 37 36 56 58 55 55 55 52 34 38 37
59 54 59 9 7 8 5 3 7 3 3 8 6 5 9 4 9 5 3 51 52 51 51 51 59 51 51 59 59 58 59 55 59 55 53 53 56 56 51 59 57 51 59 79 70 71 79 99 91 71 71 72 72 72 74 0 34 37 37 33 33 35 33 31 34 34 39 35 32 34 33 33 30 39 34 33 32 31 36 35 35 39 33 33 36 39 38 54 53 51 58 55 58 52 37 38
59 59 9 9 1 1 4 4 7 3 2 9 7 3 2 0 1 6 2 20 21 0 59 59 55 51 51 59 59 53 53 53 58 57 58 53 59 53 59 59 59 59 59 74 79 71 79 72 79 71 71 72 72 74 73 75 34 31 32 35 33 34 35 36 35 34 30 30 33 34 31 33 39 37 39 39 31 34 34 37 39 32 37 31 31 31 39 51 59 57 51 57 58 55 51 56
53 1 9 5 2 4 0 4 2 6 1 4 8 5 1 2 5 5 2 0 21 91 93 97 59 51 59 51 58 57 53 53 58 55 53 57 51 53 59 59 59 52 77 74 71 71 72 72 79 79 79 79 72 72 79 78 72 77 70 37 35 38 34 35 35 35 35 38 34 38 35 33 33 37 37 37 33 39 39 33 37 39 36 37 34 33 36 53 58 54 55 58 58 58 58 59
4 6 3 6 2 3 4 8 9 3 3 5 0 9 8 5 6 1 3 21 23 20 23 24 21 93 53 51 50 55 53 53 59 58 55 51 59 54 59 57 59 51 71 79 72 72 72 79 72 79 79 72 73 79 72 72 74 79 75 75 36 37 30 35 34 32 35 35 34 34 36 39 33 33 39 36 37 37 37 38 39 34 34 34 35 33 56 55 59 55 51 58 58 52 58 56
15 9 2 7 1 4 9 6 8 3 2 3 5 1 2 4 3 8 1 23 29 23 21 26 23 93 91 59 55 55 58 53 58 57 57 52 56 59 59 59 59 52 0 79 72 79 79 78 78 75 72 72 79 79 72 72 79 75 74 78 72 70 33 38 34 37 35 31 37 35 34 34 34 33 37 32 35 38 33 39 38 33 34 36 37 35 54 54 57 50 51 54 51 58 52 55
14 17 1 1 8 3 7 3 7 7 2 7 7 0 2 7 8 1 31 35 35 32 31 36 36 34 31 36 35 58 54 55 33 33 53 51 51 59 59 57 59 59 79 79 79 79 79 72 72 75 72 79 73 72 72 72 79 72 72 72 79 78 72 33 35 33 39 31 37 35 34 34 38 39 38 32 38 39 39 36 33 33 39 32 32 55 58 52 55 56 54 55 58 55 58 54
13 17 13 2 6 2 7 6 5 7 9 0 5 5 3 3 3 3 38 30 38 31 39 31 36 36 31 33 39 31 34 39 33 35 51 51 51 59 59 59 58 58 75 76 79 79 79 79 72 73 72 72 72 75 72 72 72 79 72 72 72 78 78 35 31 34 37 35 39 37 39 37 39 33 33 31 36 33 32 36 39 39 39 35 58 52 55 52 56 53 54 58 58 58 52 54
17 15 6 0 2 1 9 5 3 8 5 9 0 2 6 7 8 8 39 33 37 31 37 31 31 31 33 31 30 33 31 34 38 55 59 59 59 59 59 58 59 53 76 73 72 99 91 97 72 72 72 79 79 72 72 72 79 79 72 72 72 72 72 75 34 37 37 36 37 39 31 30 37 37 37 39 37 37 33 36 34 38 35 52 52 52 55 52 52 56 54 58 52 52 58 52
15 0 4 1 9 1 7 1 0 4 7 4 2 7 2 1 9 0 0 33 38 38 32 39 31 31 33 31 35 30 39 39 39 59 54 59 59 51 54 55 58 0 97 99 96 99 91 97 73 73 73 79 72 72 77 74 79 72 72 72 72 79 72 0 52 59 58 58 0 35 54 2 37 33 35 33 36 31 36 36 38 38 52 52 58 52 52 52 52 52 58 52 51 58 53 55
6 2 7 3 2 9 2 2 3 2 9 2 2 2 9 6 24 28 37 32 38 38 38 38 36 30 30 33 30 34 33 38 57 52 57 57 59 59 59 54 53 95 99 99 96 96 99 99 0 73 73 73 77 77 77 72 72 72 72 72 79 79 73 52 52 59 58 55 51 58 56 53 59 36 35 35 32 34 34 34 34 0 55 58 58 58 52 58 58 58 51 51 51 51 58 58
9 8 3 4 3 1 7 7 4 1 5 4 2 2 2 2 27 29 30 37 32 30 29 30 34 36 38 38 0 36 38 38 57 59 57 51 51 59 55 53 13 93 93 93 97 97 91 91 96 77 79 79 79 75 77 79 79 79 76 79 72 79 52 52 59 52 58 55 55 55 55 55 56 58 58 35 36 38 0 54 54 54 54 55 55 58 55 52 57 56 51 59 51 57 55 58
1 6 7 7 6 2 5 3 4 7 9 0 5 2 6 9 24 27 32 0 0 0 29 30 30 30 30 32 2 30 38 30 57 57 51 51 53 55 59 19 13 92 98 99 92 92 99 92 98 99 99 99 95 99 99 2 79 79 75 79 79 0 59 58 52 58 52 58 58 52 52 58 58 58 55 55 56 51 51 51 51 51 52 55 52 58 54 52 54 55 56 51 51 91 98 98
0 0 5 8 2 6 8 5 8 3 6 8 9 2 3 4 24 21 29 2 30 33 32 30 30 32 32 30 38 30 30 34 59 51 56 59 55 53 57 13 11 93 90 99 99 99 99 98 99 99 99 94 95 99 99 99 79 2 72 75 52 59 59 52 52 52 58 52 55 52 58 58 55 52 58 56 50 53 51 51 51 51 51 58 52 58 58 51 58 51 51 0 91 98 92 95
3 7 6 2 8 2 6 7 2 9 6 4 2 6 9 56 51 51 1 37 31 35 31 30 30 21 23 29 21 59 59 53 53 51 52 51 57 57 52 54 1 93 94 99 99 99 95 95 95 99 95 91 91 95 94 91 0 54 52 55 52 52 52 52 54 52 58 58 58 52 52 58 53 55 55 52 52 56 57 51 51 51 52 58 56 58 58 59 59 51 56 99 99 93 92 94
2 7 4 2 1 6 3 2 1 6 8 4 2 1 4 58 57 51 0 71 71 76 23 21 23 23 21 29 28 23 57 57 53 57 52 57 54 53 51 51 53 97 97 99 95 99 99 95 95 95 93 95 99 96 96 98 0 52 59 55 52 52 59 58 58 55 52 52 58 58 52 52 52 59 59 56 59 50 57 51 51 52 58 55 58 52 54 59 52 58 59 0 92 99 99 95
6 3 6 4 4 3 5 2 2 7 9 9 9 1 59 51 59 54 55 59 0 24 21 23 23 23 21 29 26 26 23 53 53 58 55 55 57 54 53 53 53 94 92 99 99 99 93 99 99 97 99 95 90 94 94 98 57 59 59 52 55 52 52 52 55 58 52 58 52 52 52 52 52 59 55 52 54 58 56 51 51 58 55 52 51 52 52 58 57 52 52 0 98 98 98 91
5 6 4 1 5 1 2 2 2 4 0 53 51 51 52 57 57 59 54 59 54 24 21 21 26 21 25 26 23 23 23 59 51 55 53 51 15 13 14 13 12 0 94 99 99 99 93 95 93 99 99 99 97 94 91 58 55 52 52 52 58 52 58 58 55 58 55 52 58 52 58 52 0 72 0 52 52 58 58 58 58 58 58 58 51 58 50 52 59 52 53 96 96 99 99 91
6 9 8 1 1 0 52 52 52 53 52 54 57 54 53 59 59 54 51 56 54 0 21 21 21 23 22 29 23 23 23 29 54 58 53 59 19 16 14 13 18 13 95 91 91 93 92 99 91 99 99 94 97 97 98 52 52 52 58 59 58 58 58 55 58 55 52 59 54 59 59 59 72 72 59 59 59 52 55 55 52 58 58 58 51 58 53 59 53 53 90 96 96 94 99 96
4 6 1 49 58 51 51 52 52 51 59 59 53 51 52 58 56 54 53 51 61 61 61 21 21 21 21 26 24 23 23 0 54 56 53 59 19 19 19 13 18 1 98 97 91 99 93 92 92 93 94 96 96 90 96 95 52 58 58 58 55 58 52 55 58 55 58 58 58 54 61 65 0 79 52 52 59 52 58 59 58 58 58 51 58 58 58 53 56 56 52 92 96 92 94 96
3 43 46 45 41 51 59 51 52 52 55 57 55 52 55 58 57 58 58 57 61 64 61 0 23 21 23 26 23 23 25 25 53 54 56 53 2 51 43 59 53 53 0 51 91 91 99 99 92 93 96 96 96 96 97 96 56 59 58 59 59 53 58 55 52 58 58 51 51 0 62 0 79 79 78 52 55 59 52 52 52 58 52 52 58 58 58 58 56 51 50 99 92 92 96 96
43 43 41 41 41 51 51 59 53 51 51 55 57 58 55 55 53 51 53 0 63 69 69 69 22 25 27 23 23 29 23 29 59 59 0 43 41 43 43 2 54 54 53 51 0 91 94 93 93 99 99 96 96 93 95 92 52 51 51 58 52 55 54 52 52 52 58 67 61 61 65 63 69 78 71 0 58 52 52 52 58 58 59 55 52 54 51 59 56 51 93 92 98 91 95 96
43 46 41 43 41 41 1 51 51 56 55 55 53 53 59 52 52 53 52 65 63 69 61 69 63 61 67 64 63 63 63 69 67 61 41 48 43 46 41 43 53 58 57 54 51 99 93 99 99 97 99 95 95 95 99 99 99 0 52 59 58 52 54 52 59 58 61 63 61 61 68 69 69 0 71 61 59 52 59 58 58 58 57 55 52 54 57 56 51 51 76 94 96 91 97 77
43 43 47 44 44 44 51 59 59 51 51 52 55 55 53 51 55 56 52 0 64 61 61 61 61 61 68 61 69 61 61 63 69 62 43 47 48 40 48 49 47 53 59 51 59 57 95 93 99 99 93 95 95 95 95 99 99 99 71 92 52 58 52 58 62 52 69 68 61 67 62 62 62 71 71 51 52 59 52 59 59 50 53 51 55 58 58 58 56 53 79 98 97 0 79 79
43 43 43 42 43 41 44 59 57 57 1 59 53 54 56 59 51 51 52 59 53 61 61 61 61 61 61 68 64 61 62 67 64 65 43 42 44 41 41 49 2 51 51 51 51 99 95 93 99 95 99 99 99 99 99 99 79 78 79 1 98 58 58 62 68 67 62 63 61 69 61 61 61 91 51 54 54 51 52 52 51 56 52 54 58 58 58 58 52 59 79 79 0 72 79 72
42 43 49 42 43 43 0 53 58 0 2 59 51 52 59 52 58 58 52 52 55 69 63 61 61 61 61 61 61 61 61 61 64 61 49 43 49 41 49 43 41 41 47 47 94 99 92 91 99 95 99 99 91 99 92 92 79 79 72 78 72 78 79 0 62 64 65 63 61 67 66 65 0 97 59 59 53 59 51 56 54 52 58 58 58 58 51 51 52 73 79 70 96 79 70 71
43 42 49 42 43 47 51 53 51 0 0 59 0 53 53 57 58 55 52 53 0 69 61 63 69 67 61 65 61 64 61 61 61 61 41 41 43 41 41 49 49 41 41 41 99 99 91 91 91 99 99 99 92 99 92 92 79 79 78 72 2 79 72 72 92 0 94 93 99 69 60 91 92 91 59 51 51 51 51 57 66 64 58 58 58 51 57 51 52 72 79 74 78 76 79 70
0 41 41 49 43 43 56 2 2 71 71 2 71 2 67 0 58 92 98 95 2 65 61 61 61 61 61 61 61 61 61 61 61 63 43 47 41 42 49 49 49 49 49 41 2 99 99 91 95 99 99 99 99 92 92 72 72 72 76 72 74 72 72 72 92 2 95 91 94 0 90 0 91 93 51 57 56 54 56 66 66 70 58 58 58 51 51 51 52 71 70 79 78 75 79 71
51 61 48 41 0 61 51 66 63 61 66 0 61 61 69 93 97 92 92 93 98 68 63 0 61 69 61 61 63 61 67 63 61 69 42 48 41 42 49 49 49 49 49 49 41 99 94 91 99 99 92 94 95 95 94 75 74 72 76 77 76 72 72 72 92 0 95 93 99 91 99 99 91 0 52 56 56 56 68 70 62 52 58 52 58 58 53 58 0 71 71 73 78 76 77 72
51 61 0 42 61 67 54 63 63 61 69 59 61 62 62 2 1 99 99 52 58 58 55 52 52 59 68 62 61 61 61 61 63 61 49 44 41 49 49 49 41 41 49 49 49 94 99 98 91 99 99 98 94 95 0 74 72 72 77 75 77 72 72 2 92 99 99 91 99 91 91 91 96 92 55 58 67 64 65 70 58 58 52 58 58 58 59 52 73 71 72 79 70 79 76 74
51 61 1 0 68 62 52 63 64 63 51 59 54 0 51 53 99 97 91 53 92 59 55 59 52 51 52 1 62 68 71 0 61 31 41 49 49 49 49 44 49 41 49 49 49 46 49 94 91 99 99 99 99 99 94 0 77 73 78 77 73 73 0 92 92 93 95 90 91 92 94 51 56 56 56 69 64 54 51 58 58 58 52 58 58 58 59 72 72 72 79 77 76 76 76 74
51 0 52 55 62 53 59 0 2 59 50 58 53 53 53 51 99 93 99 52 59 59 59 52 54 52 52 52 0 79 78 77 31 31 49 49 49 49 49 49 49 44 49 49 49 45 49 41 91 99 93 96 95 95 93 95 75 72 79 75 75 75 79 77 79 75 91 90 93 59 55 56 56 81 69 67 58 52 52 58 58 58 52 71 52 58 58 79 72 72 74 74 76 76 73 74
58 50 59 55 51 53 53 55 54 51 51 55 58 55 51 0 99 99 2 59 59 59 59 58 58 59 52 52 52 72 74 72 35 31 0 49 44 49 49 49 49 43 49 49 41 41 49 41 49 91 99 96 99 93 92 97 97 97 91 95 2 99 0 91 91 90 92 95 2 56 53 68 68 66 67 51 52 58 56 58 58 59 59 70 64 58 52 72 79 79 77 76 79 79 79 79
58 51 52 55 55 59 58 54 57 51 51 53 51 52 53 91 95 93 97 53 53 59 52 58 58 59 57 52 52 72 73 0 32 34 36 2 39 39 2 49 49 41 49 49 49 49 47 41 44 0 92 96 92 92 92 95 95 91 91 93 92 99 92 91 99 99 0 56 59 68 68 64 66 70 58 58 52 52 52 58 58 58 70 63 64 64 2 99 79 79 76 79 72 72 92 92
51 51 52 51 59 55 55 57 54 59 58 51 58 55 55 92 92 95 91 54 53 59 0 1 58 58 58 52 52 52 72 0 32 32 36 39 33 39 31 41 41 43 49 49 49 49 49 49 44 91 93 99 92 92 97 99 99 99 95 99 95 99 99 92 99 0 51 56 63 66 70 57 52 58 58 52 58 58 58 52 58 60 70 71 70 70 92 99 79 79 79 79 79 72 2 79
51 58 52 51 58 59 57 57 53 52 53 56 59 51 92 95 92 92 99 59 59 59 59 58 58 58 52 52 52 52 92 99 33 35 36 39 39 39 39 31 43 43 49 49 49 49 49 49 49 98 98 92 99 92 99 99 99 99 99 91 91 99 91 91 94 51 56 68 68 54 58 58 58 52 53 58 58 51 51 58 70 70 70 63 71 67 71 92 2 72 79 79 77 73 96 0
59 51 52 51 51 58 55 59 59 52 55 51 59 59 99 91 98 99 92 59 59 59 58 58 58 58 52 52 57 51 92 91 32 33 35 39 39 39 31 33 33 42 42 49 43 49 49 49 49 99 98 93 99 99 99 99 91 91 91 92 93 94 91 96 54 83 67 58 54 54 58 58 58 58 58 55 58 54 58 70 70 66 63 64 63 63 71 85 99 94 0 71 74 73 96 96
59 51 51 50 52 57 52 0 54 58 55 53 54 58 93 93 96 94 2 52 52 52 58 58 55 58 52 52 51 91 98 91 93 31 31 39 39 31 31 36 33 42 43 43 49 49 49 49 49 93 99 99 99 99 91 91 91 91 91 91 93 99 99 82 68 69 56 52 52 56 51 58 58 58 58 54 57 51 63 71 70 70 66 67 63 70 65 98 0 73 76 79 77 72 98 77
89 78 73 55 59 55 53 75 52 51 50 59 59 59 99 97 91 92 98 52 52 52 52 58 58 52 52 52 58 91 91 92 91 33 39 39 31 31 39 33 31 32 32 2 41 49 49 49 99 99 95 99 95 92 92 91 92 96 92 94 99 78 68 69 69 69 52 51 58 58 58 58 52 58 51 51 51 63 63 71 70 65 70 71 70 71 77 94 76 74 74 0 56 51 51 54
89 79 77 73 74 75 73 75 72 56 51 59 59 99 92 92 91 91 92 52 58 52 58 57 58 58 58 58 52 91 91 91 35 39 39 31 31 39 32 32 39 35 32 31 45 49 49 41 91 91 99 90 99 99 99 95 99 94 66 66 69 63 69 66 66 54 56 54 58 58 58 52 52 58 58 54 66 63 63 63 64 65 64 64 69 67 72 71 76 77 58 59 53 54 56 57
83 73 78 71 72 71 75 78 79 0 53 53 98 99 91 91 96 97 91 52 52 51 50 58 58 58 58 52 52 92 93 95 99 39 39 31 39 31 32 32 33 38 33 2 49 45 43 2 91 93 99 91 99 99 99 99 99 66 63 63 69 69 69 58 58 58 58 52 52 51 58 52 52 70 63 69 71 64 70 63 63 71 64 67 68 72 72 76 77 57 59 58 52 52 52 55
83 79 71 71 75 71 71 76 72 79 73 92 98 99 91 96 97 77 79 52 58 51 52 52 58 58 52 52 57 51 97 97 93 39 39 31 39 39 32 32 33 39 39 21 48 42 44 98 91 92 99 99 99 99 99 99 99 99 99 66 0 69 56 54 58 58 58 58 58 58 59 59 59 63 63 66 66 64 71 70 63 65 71 64 68 76 71 76 74 77 51 52 52 58 52 58
81 77 76 74 76 74 73 75 75 75 73 92 99 94 99 97 96 97 99 99 52 58 52 52 59 52 52 52 56 59 93 93 99 39 31 32 32 29 22 0 23 23 21 24 28 0 53 98 96 92 91 91 91 91 91 99 98 95 97 91 81 71 71 54 58 58 58 51 51 51 59 53 64 63 64 63 69 70 64 66 64 64 70 71 72 76 73 76 76 79 52 52 58 58 58 52
87 88 73 74 71 71 71 71 78 73 1 98 93 95 94 94 99 99 91 91 52 51 52 52 52 52 52 52 95 93 99 99 91 31 31 39 2 29 22 23 23 29 21 21 21 51 52 96 93 95 91 91 91 91 99 99 98 96 90 91 71 78 64 1 51 58 51 53 58 66 66 71 65 71 70 70 70 64 64 71 64 64 66 2 72 74 76 76 77 73 78 58 58 58 58 58
87 0 76 77 76 71 71 72 74 72 99 99 99 92 96 99 99 91 91 96 0 1 0 52 52 52 52 91 95 99 93 99 0 39 31 21 29 24 21 23 23 23 29 28 59 51 55 53 0 95 95 95 91 91 91 99 98 95 90 0 58 0 64 64 54 1 70 70 64 64 66 63 63 1 70 64 64 64 64 64 71 72 0 0 76 77 77 76 77 72 72 78 58 58 58 58
89 74 77 71 71 71 71 76 74 72 2 92 99 99 93 99 99 98 95 98 58 1 52 52 57 52 52 92 91 93 93 99 91 91 2 29 28 21 23 23 23 29 24 28 51 55 53 52 56 55 92 0 91 99 91 91 99 99 99 109 109 108 64 64 70 71 71 70 64 67 63 63 63 71 70 64 64 64 64 71 139 79 0 76 76 76 79 79 79 72 72 72 72 58 58 58
89 72 78 74 71 0 0 76 71 77 77 92 92 99 99 99 92 92 98 98 58 52 59 52 52 57 51 97 93 93 93 99 99 91 23 21 24 23 20 24 23 2 43 2 57 59 53 58 52 55 51 55 51 52 91 96 99 99 99 109 79 72 72 71 71 64 64 64 71 63 71 70 63 64 64 64 64 69 72 76 72 77 76 76 76 76 79 79 72 72 72 72 52 52 52 58
0 79 77 74 71 71 71 71 72 74 2 99 99 92 98 99 99 99 2 2 52 58 52 52 52 51 55 98 93 99 99 99 99 0 23 21 23 24 27 33 39 43 43 49 59 51 59 51 58 55 55 59 71 51 92 96 97 99 79 76 76 72 72 71 64 64 64 64 64 64 70 71 71 70 64 66 75 79 76 77 77 76 77 77 71 76 77 72 72 72 72 72 52 52 52 58
91 71 77 74 71 71 79 71 79 71 91 98 93 99 99 96 99 99 79 53 52 52 58 58 58 51 55 93 99 0 93 24 24 21 23 23 22 23 21 1 39 49 43 44 53 52 59 55 58 55 55 51 78 0 79 96 96 94 75 75 76 75 72 64 64 64 64 64 64 64 64 71 64 64 68 76 76 76 76 77 72 77 72 77 77 77 75 75 72 72 72 72 72 52 52 58
4 77 79 79 71 72 79 73 71 2 91 98 99 91 94 94 92 99 79 53 52 52 58 58 58 51 57 98 99 23 93 23 23 21 21 22 26 22 0 33 38 46 1 54 56 59 54 58 58 55 55 59 79 72 2 91 99 96 96 2 76 77 73 71 64 70 64 64 64 64 64 64 64 71 72 77 77 76 77 77 72 78 72 77 77 77 72 72 72 72 79 79 72 72 52 58
1 76 79 74 74 72 74 71 71 71 99 91 99 91 92 92 72 72 78 70 51 59 58 58 58 51 51 39 90 21 21 21 21 21 0 0 24 0 52 135 56 56 51 54 51 51 51 59 52 52 53 53 73 75 71 71 92 96 0 71 71 75 69 70 71 64 67 66 71 64 64 64 64 64 79 76 77 71 77 74 77 75 72 72 79 79 72 72 72 72 76 79 72 72 72 72
19 0 73 73 78 75 79 73 72 72 91 98 95 93 91 2 72 72 78 78 52 58 58 52 52 51 52 2 31 0 0 22 21 23 43 50 58 58 51 52 52 51 56 52 50 51 58 58 52 52 53 59 73 70 79 75 2 94 76 79 79 79 2 64 64 64 71 64 71 63 68 64 64 0 96 76 79 72 79 72 72 72 72 72 72 72 72 72 78 79 79 79 79 72 72 78
0 0 72 77 73 78 0 52 92 98 98 96 99 51 71 79 72 72 78 78 58 59 58 58 58 51 53 53 43 49 42 42 43 43 43 54 53 58 58 52 59 53 54 51 51 51 58 78 0 50 73 71 73 71 2 78 0 95 79 71 76 91 99 2 63 64 64 71 2 0 68 64 71 94 96 0 78 79 0 72 72 72 72 79 72 72 72 72 72 78 79 79 79 72 72 72
6 3 72 78 77 79 52 52 99 98 98 98 57 51 78 79 79 72 78 72 58 58 55 52 58 59 51 51 41 43 42 43 43 40 0 51 53 58 58 58 59 57 51 54 59 51 71 78 70 79 76 73 79 71 99 99 99 99 91 99 96 99 91 99 77 64 64 70 71 82 82 92 99 94 96 92 92 72 2 79 72 72 79 79 79 72 72 72 72 79 72 79 72 72 72 72
8 4 1 78 77 79 0 59 99 98 98 98 51 51 71 79 70 72 72 0 52 54 57 58 58 59 51 51 41 42 42 49 43 55 59 51 54 58 58 58 58 58 58 51 76 79 76 79 79 79 71 75 70 79 99 95 99 91 92 91 91 93 91 94 97 95 92 92 92 91 99 99 99 99 96 96 92 72 79 79 79 79 79 75 79 72 92 92 78 71 70 79 72 72 72 72
8 4 8 0 77 77 72 52 52 58 98 0 56 58 52 73 76 79 72 72 72 54 56 52 58 52 52 52 0 42 40 40 52 52 58 56 55 58 53 58 58 55 52 58 0 133 0 0 131 132 136 0 71 99 94 94 92 93 92 92 98 91 91 91 91 96 99 99 94 96 96 96 99 97 96 99 99 72 91 73 71 71 79 71 79 99 92 99 99 91 91 99 99 92 72 72
