Example_Watersheds/WA_MashelWatershed/DataInputs/m_3_Age/agezonal_0_9_randomized_no_neg.asc
ncols         923
nrows         455
xllcorner     550005.67551598
yllcorner     5180549.8134422
cellsize      30
NODATA_value  -9999
[rows 116 to 173 of 455, columns 576 to 671 of 923]
54 54 54 54 54 54 45 48 54 54 54 47 52 54 35 35 32 32 32 32 39 33 38 38 32 32 32 32 34 34 38 35 33 33 33 39 38 33 31 32 31 33 34 30 37 42 42 42 42 34 35 39 34 34 34 34 38 36 36 49 0 44 49 44 2 33 37 39 37 37 34 39 37 32 34 34 36 34 32 35 39 39 34 37 39 39 34 34 34 32 34 34 34 34 39 31
49 54 0 54 54 54 47 45 47 47 49 54 36 30 30 39 35 39 34 39 39 39 34 32 38 31 34 32 32 38 30 38 36 31 33 39 39 39 39 39 33 30 37 33 37 37 35 38 37 34 37 34 37 37 36 36 36 49 49 0 36 49 44 46 37 37 37 34 34 32 37 37 32 32 36 34 34 39 36 33 39 32 34 35 33 39 34 34 39 37 30 31 37 30 34 34
50 46 48 54 49 54 50 51 45 50 51 54 35 30 35 32 34 33 39 39 38 39 38 38 35 32 35 32 38 38 38 32 39 33 30 38 39 39 39 39 31 33 39 37 36 36 40 36 37 35 34 37 37 36 38 23 0 31 31 32 38 35 36 36 32 32 37 32 34 37 34 34 34 34 34 34 39 37 39 34 34 34 34 37 37 37 39 34 33 34 31 33 31 34 38 39
51 49 51 50 48 47 52 49 47 51 51 39 34 32 33 39 33 34 39 39 34 39 29 38 38 34 31 34 38 29 36 39 39 33 34 39 39 34 39 33 34 35 37 34 40 36 34 34 36 35 35 36 37 36 24 23 44 44 2 39 38 38 32 34 37 37 32 37 37 37 38 32 32 36 39 37 33 37 39 39 33 39 39 39 39 39 33 34 34 33 34 33 34 34 34 37
45 50 50 50 54 33 33 31 33 37 52 39 32 32 35 35 37 38 39 39 34 39 38 38 38 38 32 32 30 30 32 39 33 32 36 39 35 31 39 39 34 37 34 31 35 34 36 38 37 34 37 36 34 36 23 23 46 43 44 32 39 32 34 34 37 37 37 34 34 33 37 32 32 37 34 31 37 37 39 39 33 34 39 37 39 39 34 34 33 39 34 33 32 32 34 34
54 50 48 50 39 39 38 38 33 38 32 39 39 39 34 32 36 39 37 39 39 39 29 30 38 33 34 38 32 36 31 31 39 34 36 31 39 39 39 32 33 33 36 39 34 36 42 38 36 36 38 0 39 24 2 0 46 44 44 48 38 32 32 31 34 32 32 35 39 37 37 37 32 37 33 37 37 39 39 39 39 34 34 39 38 39 34 34 37 37 34 36 39 34 32 37
48 54 46 54 35 39 39 35 39 32 35 39 31 34 31 34 35 33 37 32 38 35 37 37 38 34 34 34 34 30 33 33 38 38 37 39 39 39 32 39 30 34 36 39 33 33 42 37 36 36 36 44 0 41 41 44 47 44 48 44 34 44 44 36 34 37 34 37 31 37 37 32 31 39 37 34 37 36 33 39 39 34 34 39 34 39 34 39 39 37 34 37 37 37 34 36
48 46 51 54 38 31 36 39 39 37 39 32 32 31 32 39 35 39 39 30 37 39 35 36 34 38 38 34 32 38 38 34 36 38 31 39 30 39 39 39 37 33 34 32 31 35 35 37 37 37 44 46 42 41 44 42 44 42 42 46 44 45 49 39 37 37 37 39 37 37 37 37 33 38 35 37 34 30 39 34 33 39 33 32 34 33 32 34 39 39 37 34 34 37 37 36
52 47 47 54 49 31 31 39 39 31 33 31 32 33 39 33 32 32 33 37 36 39 31 38 38 34 35 32 38 38 34 34 38 32 33 39 37 30 31 37 39 39 34 39 35 34 37 0 0 43 42 43 45 44 41 44 47 49 41 46 44 44 47 39 39 37 37 37 37 37 38 35 32 31 35 34 38 34 31 37 35 34 32 34 34 39 34 34 39 36 38 37 39 37 37 34
54 54 54 54 46 34 37 31 38 36 33 33 33 39 33 37 37 33 37 31 33 39 38 38 38 34 38 38 34 38 34 34 31 38 37 33 33 33 39 33 31 37 34 34 35 36 37 37 44 44 43 43 41 44 44 44 47 41 41 42 46 44 37 39 32 32 37 36 35 32 38 39 36 36 34 35 33 31 33 33 39 34 39 34 34 39 39 39 39 39 30 37 34 36 37 37
51 52 54 54 54 36 31 31 39 33 33 33 39 34 37 38 37 33 37 37 39 35 31 31 38 38 38 34 30 38 38 31 31 38 33 34 39 33 34 33 34 33 31 34 34 34 36 37 37 37 39 49 41 47 44 44 44 44 49 44 30 34 34 34 38 35 37 35 38 30 37 38 36 31 38 35 38 34 33 39 33 33 37 33 39 39 34 34 34 33 37 32 34 32 32 39
54 51 54 52 54 39 31 31 30 33 33 33 35 35 34 31 32 36 31 34 39 36 38 32 38 38 30 37 32 31 30 31 38 39 33 33 31 33 39 38 33 33 31 39 31 44 44 44 49 44 41 40 48 42 44 49 47 45 47 0 37 36 56 0 58 58 35 38 38 36 28 28 21 29 26 21 33 39 33 33 34 31 36 39 34 33 35 37 37 34 33 39 34 39 39 32
54 51 52 54 39 39 39 31 34 34 39 39 34 39 31 32 34 39 39 34 33 39 36 38 31 33 31 38 34 38 31 38 38 33 37 37 31 33 36 0 39 39 39 31 37 38 44 47 49 44 41 42 48 44 44 48 47 48 44 57 54 58 58 58 55 57 55 55 1 24 26 21 28 21 21 29 0 36 39 35 34 39 39 38 39 34 36 37 33 39 39 31 39 37 39 39
69 65 33 35 39 35 39 39 32 31 32 31 36 36 31 32 32 38 34 34 35 39 38 36 32 31 32 38 38 32 38 36 31 32 34 33 31 31 23 23 31 39 31 31 31 33 37 31 39 41 41 42 42 48 44 0 0 0 0 54 57 52 58 56 56 58 53 58 21 21 21 26 28 29 29 26 0 39 35 31 36 38 37 35 33 37 37 32 37 39 38 31 37 37 37 39
65 0 71 68 39 39 36 35 32 32 36 37 31 36 32 32 32 34 38 34 34 34 38 38 38 32 34 34 36 38 38 32 30 34 37 33 33 32 0 2 39 31 39 38 32 37 37 31 34 38 0 46 47 46 2 36 36 34 36 54 55 58 56 56 55 51 51 21 21 28 22 29 28 25 29 2 19 32 39 34 38 38 39 39 39 37 38 37 33 39 34 37 31 33 34 33
65 68 63 68 70 68 34 32 34 32 38 31 38 31 38 36 39 36 37 34 33 33 30 38 38 32 33 33 36 38 34 34 30 32 35 30 39 34 0 0 37 35 33 36 34 38 34 32 32 38 36 37 49 46 39 34 34 34 39 59 55 58 58 58 58 56 56 26 26 26 23 29 26 28 39 36 38 36 39 34 39 39 39 33 39 37 38 31 37 34 34 34 35 36 37 37
70 70 70 67 67 68 69 35 39 39 34 32 40 31 31 36 38 39 37 38 32 33 34 32 30 32 33 30 38 38 32 33 33 32 33 30 32 34 33 32 37 34 39 38 37 34 33 32 34 32 37 34 37 36 31 37 34 34 38 1 56 56 51 58 58 0 26 28 29 28 29 22 24 34 38 38 38 36 38 30 38 39 39 39 33 36 34 34 33 38 39 32 34 38 38 34
72 63 69 67 69 72 72 72 39 52 56 39 36 33 33 32 38 38 39 38 34 34 30 33 37 37 31 31 33 38 31 35 34 34 33 30 32 30 35 32 37 39 34 33 34 34 35 32 34 31 34 37 37 38 32 34 32 34 34 32 58 58 58 52 56 28 24 28 28 29 29 29 37 36 36 36 36 36 32 32 38 36 35 33 38 39 31 38 33 39 37 34 37 39 39 32
71 66 67 70 70 72 48 56 48 56 56 39 33 36 34 36 32 36 35 34 32 35 33 38 29 37 31 33 35 36 33 34 34 32 33 34 32 33 33 32 39 39 36 33 39 34 37 37 34 36 38 36 37 36 34 39 36 37 34 34 38 55 58 26 21 28 22 26 28 29 21 31 37 35 35 39 38 39 35 39 39 30 37 35 39 39 35 32 37 39 37 35 36 32 39 31
49 48 49 63 72 56 49 56 56 56 52 39 41 41 41 41 41 41 39 32 33 30 32 32 34 34 33 32 32 32 32 38 38 33 32 30 30 31 32 32 31 31 31 39 39 39 37 34 37 37 36 36 36 36 35 33 32 37 37 38 38 34 30 26 26 23 28 28 21 29 39 39 31 36 36 39 35 39 33 34 39 31 31 33 33 39 39 39 37 39 33 33 36 37 36 39
55 50 51 51 53 49 52 50 56 56 52 39 41 37 33 41 41 41 38 39 41 41 31 32 38 34 36 33 33 30 38 38 38 37 30 36 37 31 34 49 0 34 31 37 34 43 48 44 0 36 37 37 37 37 32 34 34 34 37 39 34 27 25 26 24 22 24 21 26 26 36 39 39 39 39 35 39 39 37 39 36 37 39 39 33 39 39 36 39 37 39 38 33 32 37 37
49 53 50 48 53 50 56 54 52 56 56 39 33 36 36 39 37 34 37 39 41 41 35 35 33 31 30 33 32 30 30 32 38 30 37 32 34 34 34 0 0 32 39 36 34 42 49 42 44 0 34 32 39 37 32 36 36 32 36 34 37 25 25 26 26 24 24 23 21 26 39 39 39 33 39 39 39 39 39 38 39 39 39 39 39 39 37 39 37 35 37 37 31 39 34 39
52 55 50 54 47 55 54 56 52 52 56 33 33 41 41 36 34 37 36 36 39 39 37 32 30 32 34 36 33 32 32 30 33 32 34 32 34 0 33 42 42 34 2 39 43 48 46 48 44 41 39 37 32 32 37 36 32 32 34 34 36 2 25 29 23 21 29 21 21 0 36 33 37 37 33 39 39 39 39 38 39 37 34 39 39 34 34 34 36 36 39 34 32 37 39 39
52 52 48 47 48 56 56 48 50 53 39 36 41 33 36 36 33 36 36 40 39 41 39 39 34 34 33 34 32 29 31 34 33 0 32 35 34 0 31 49 42 44 42 43 48 49 46 42 46 44 37 32 32 32 32 38 32 32 34 36 36 39 25 28 29 29 21 23 14 11 0 38 36 36 39 39 39 39 36 30 34 34 39 35 39 39 37 34 37 39 37 39 37 37 39 39
51 50 56 47 49 52 50 53 48 53 36 33 33 33 36 36 36 36 36 33 32 41 33 39 39 39 35 30 33 37 35 31 34 35 31 0 32 33 31 0 40 43 42 42 48 44 47 41 42 42 46 32 34 32 32 39 34 32 34 33 34 35 27 27 28 0 21 26 11 11 12 34 37 36 39 39 39 39 39 39 39 35 37 39 39 37 37 37 37 37 37 37 39 39 39 34
49 56 53 53 52 52 48 53 36 39 36 33 33 36 33 36 36 36 36 41 36 36 36 33 39 39 36 32 31 31 31 32 34 36 25 23 34 34 39 31 43 0 44 44 42 42 42 43 46 42 42 36 34 32 32 37 37 34 35 33 34 0 12 24 11 15 26 16 19 11 18 12 32 38 38 33 39 39 39 39 39 39 39 30 39 39 37 37 37 37 33 38 37 34 39 30
56 56 49 52 38 35 38 38 39 39 41 33 36 36 36 36 36 41 33 36 34 38 33 33 39 39 39 34 39 32 30 32 0 24 23 22 0 31 31 34 32 38 36 0 49 45 47 46 46 42 44 0 32 32 32 37 32 33 33 35 34 18 15 14 18 11 12 19 13 13 16 11 34 34 33 37 32 39 39 39 34 31 39 36 39 32 39 37 32 33 33 30 36 39 39 39
48 47 51 53 41 41 38 41 41 41 41 31 35 34 35 32 31 39 36 34 37 39 39 34 33 39 39 39 39 39 34 38 32 0 27 27 34 31 37 33 36 32 33 0 0 42 47 44 44 44 42 46 37 36 32 32 38 38 33 36 2 8 14 18 10 16 26 12 10 11 16 18 26 32 38 37 35 39 39 39 33 39 39 39 39 32 38 35 37 37 32 39 33 39 39 38
48 47 53 53 34 41 41 41 41 41 41 39 39 39 36 36 39 39 34 34 39 39 39 32 37 39 37 39 39 39 32 39 38 36 27 24 31 39 34 37 37 34 34 39 34 44 44 42 42 42 47 31 34 31 39 31 37 35 36 4 2 0 7 8 16 12 0 11 14 11 19 19 11 18 2 36 33 33 39 39 39 35 39 39 32 31 33 32 37 36 33 36 34 39 38 33
48 53 53 51 41 38 33 37 37 41 41 41 41 41 41 39 38 37 32 36 36 39 35 33 39 39 30 39 39 36 39 33 38 34 31 34 34 39 32 32 39 39 32 32 34 34 44 44 0 44 39 39 35 36 32 31 35 35 0 5 0 8 1 8 0 18 14 14 16 16 16 14 12 11 19 19 19 38 32 39 30 39 34 34 39 31 25 21 28 29 29 39 39 39 35 33
49 52 52 48 37 33 2 32 39 41 41 41 41 41 41 41 38 34 32 37 39 39 32 39 31 32 33 32 38 37 39 34 37 37 37 31 32 38 34 35 37 37 37 38 34 33 34 34 34 34 34 31 35 36 31 31 34 2 2 4 8 8 8 7 13 11 0 19 14 14 10 12 18 23 29 19 16 33 39 39 36 39 34 34 39 25 26 29 21 24 29 24 22 31 38 35
55 57 55 52 37 37 33 35 41 41 41 37 41 41 41 41 41 41 39 31 39 39 39 32 39 34 34 37 36 33 37 39 39 31 31 33 31 30 38 34 33 39 38 31 37 34 36 34 34 34 34 37 32 32 33 0 1 2 4 3 5 8 1 1 12 11 11 19 14 14 14 14 18 12 21 14 13 2 28 29 34 0 21 28 29 24 29 24 24 22 28 24 22 29 35 33
58 58 56 55 52 37 34 37 41 37 41 34 41 41 41 41 41 41 40 36 34 37 39 34 36 38 35 34 39 39 34 37 39 34 34 37 33 34 31 34 39 39 33 34 34 35 35 33 32 33 33 32 35 34 0 5 7 2 6 4 6 5 8 0 13 15 14 14 18 15 14 14 18 28 25 12 12 24 22 22 29 29 24 22 24 22 25 29 29 22 22 25 22 29 21 37
57 54 55 58 59 56 34 41 34 36 37 37 41 41 41 41 36 40 41 36 34 37 33 33 38 34 39 39 37 36 34 34 30 34 31 34 36 39 39 34 32 33 39 31 39 38 34 31 33 34 36 39 34 35 5 4 4 4 4 7 5 7 1 14 13 15 15 16 18 18 14 12 18 12 28 12 18 16 22 25 24 24 25 22 24 22 24 25 24 25 24 22 22 24 28 39
54 55 122 52 59 56 0 37 36 33 37 37 41 55 39 41 41 34 39 38 34 34 33 34 39 39 31 37 39 39 30 34 34 39 39 32 36 34 32 34 32 34 37 37 39 31 36 38 35 38 32 32 34 15 0 1 4 4 7 4 9 1 1 16 11 19 11 16 14 15 14 12 14 28 24 13 12 15 24 22 22 24 27 22 22 22 24 24 22 25 22 24 24 28 28 39
52 0 124 56 56 57 54 35 0 40 36 36 37 53 50 52 34 39 35 38 33 39 33 39 32 39 32 36 33 34 37 37 34 33 33 37 33 34 34 36 34 34 37 37 39 33 38 36 37 17 11 32 19 0 14 5 6 9 0 0 4 6 5 14 18 18 15 14 11 14 10 12 28 28 29 24 16 26 24 24 24 22 25 22 24 24 28 29 23 28 25 21 28 24 24 0
122 122 122 127 129 0 0 34 0 0 33 41 48 53 53 52 53 56 38 32 33 38 33 39 32 33 33 39 35 34 34 33 37 31 32 33 33 34 34 32 35 34 34 32 39 33 31 38 38 0 36 34 0 12 14 15 12 0 29 1 8 6 13 13 14 12 11 11 11 18 18 18 21 22 28 24 0 24 20 24 26 28 21 22 24 22 24 26 26 28 22 28 28 2 28 0
122 122 126 125 124 55 52 52 54 52 59 55 54 54 48 56 53 54 58 1 38 32 32 30 37 34 31 34 33 37 31 33 32 36 36 39 43 0 32 36 36 31 34 37 39 34 32 1 12 19 13 12 12 15 14 14 15 0 19 11 19 16 14 11 14 10 16 11 12 16 16 13 0 23 22 24 19 22 22 24 29 22 24 24 22 28 26 54 52 52 52 56 56 53 54 24
129 121 125 124 125 57 55 52 55 53 55 54 48 48 47 52 54 54 51 54 50 50 35 31 33 37 37 37 33 33 31 31 32 31 32 39 43 49 35 36 30 35 39 39 30 38 31 38 18 18 12 12 14 13 13 18 14 24 24 14 14 18 12 19 13 18 15 16 12 19 13 18 29 21 17 22 12 26 24 26 24 21 21 28 17 54 52 57 52 54 55 52 56 55 54 20
122 129 122 126 124 55 55 52 52 56 55 48 53 54 54 54 48 54 54 48 53 53 34 34 34 31 32 33 39 31 33 32 34 31 32 33 49 39 39 34 25 25 24 21 33 31 31 19 13 15 12 18 22 22 29 28 24 22 28 28 23 0 12 14 11 16 12 16 19 14 19 11 11 11 11 22 26 27 27 24 28 22 22 23 52 54 52 54 55 58 58 58 54 55 0 26
58 89 83 91 52 55 52 57 55 55 58 51 53 53 50 54 51 54 54 48 53 55 32 31 35 35 35 39 39 33 34 34 31 39 0 22 22 21 39 29 21 22 29 27 22 22 25 26 24 29 10 12 22 25 29 21 21 23 20 28 28 12 15 12 14 16 16 13 14 14 11 11 10 19 11 14 11 19 14 14 21 24 22 25 54 58 59 54 58 58 55 55 58 56 56 25
51 51 51 51 56 43 55 52 54 54 57 55 52 54 1 51 49 51 54 48 48 49 37 33 32 34 35 39 37 33 31 31 39 32 32 31 39 0 39 28 21 29 23 24 22 26 25 27 25 25 29 22 25 23 24 26 26 22 22 23 28 18 18 18 16 12 12 13 14 12 12 11 18 11 19 19 18 12 12 12 24 26 22 1 58 52 52 56 56 26 0 51 1 25 24 29
50 51 51 56 51 51 54 54 59 56 55 57 48 54 54 51 0 53 48 48 52 54 34 34 33 35 34 34 34 31 34 32 32 22 21 24 0 22 24 24 25 24 29 22 22 23 22 22 21 25 20 28 28 27 25 24 27 29 29 27 15 18 15 14 15 16 12 19 12 14 12 12 26 15 12 16 14 18 18 12 28 28 29 28 55 59 54 55 0 26 25 29 28 25 23 26
50 51 51 54 55 56 56 54 54 57 51 50 56 50 51 51 53 55 48 49 49 48 34 34 39 39 34 34 34 34 30 30 34 22 0 21 34 0 34 28 21 24 24 24 24 26 24 24 28 24 23 23 28 25 29 0 19 29 2 18 15 19 12 13 17 12 12 18 14 14 12 12 22 19 12 12 11 11 18 0 28 28 25 28 1 56 56 55 28 21 0 51 0 24 22 23
54 51 51 51 53 49 50 58 49 52 54 52 52 50 0 53 50 48 49 48 50 50 31 39 39 39 34 31 37 37 39 32 34 34 0 24 22 21 21 24 28 21 21 24 26 24 21 27 26 29 22 25 21 22 23 22 26 26 0 15 15 14 16 17 17 14 12 12 19 12 19 18 15 12 12 12 18 14 21 22 26 28 28 28 28 28 27 22 25 27 20 23 24 29 39 32
56 54 54 51 56 51 55 56 58 51 54 54 54 50 53 53 55 48 55 48 50 54 34 39 32 34 37 37 37 33 31 31 39 25 22 27 21 24 24 21 21 27 23 26 22 23 27 29 27 26 21 29 29 21 29 9 4 1 18 11 16 12 15 19 18 19 19 14 17 12 17 18 15 12 18 16 12 16 27 26 28 27 28 28 21 28 24 26 21 23 26 29 26 29 39 35
51 54 54 55 57 54 56 55 57 53 53 54 54 49 0 53 48 50 48 48 48 48 30 39 34 34 34 34 34 39 33 31 32 27 24 29 27 29 21 24 24 22 23 26 24 29 21 25 29 22 26 21 27 20 0 1 8 6 2 19 12 16 16 16 16 12 18 15 15 14 19 19 12 12 12 12 15 16 26 26 21 24 22 28 25 26 26 26 24 23 21 28 29 29 29 20
55 54 54 55 50 52 49 55 55 51 51 51 56 55 46 1 51 50 48 54 48 53 34 34 32 34 34 35 38 34 39 21 21 24 27 24 21 21 21 24 24 24 24 21 1 24 23 22 22 3 26 21 24 2 1 1 9 5 1 19 11 14 11 17 16 11 18 11 18 18 19 14 16 15 16 18 16 0 22 25 24 24 24 20 24 23 29 28 26 24 24 29 21 26 26 22
54 54 54 54 54 54 55 55 55 55 55 53 55 51 49 0 51 52 53 51 32 39 31 39 39 39 36 34 39 31 37 39 29 29 26 24 24 23 27 24 24 24 21 24 24 24 28 22 0 8 6 6 1 8 6 9 8 1 4 5 11 1 0 19 11 16 10 19 14 16 18 18 11 12 13 18 14 19 29 21 24 22 29 22 24 24 25 25 24 24 24 21 24 28 28 22
54 55 55 54 54 55 55 55 55 54 55 50 54 53 49 52 51 54 51 51 54 58 46 39 39 32 39 32 36 34 37 0 26 24 26 24 21 24 21 21 23 23 23 34 34 34 25 25 24 7 23 26 26 1 1 8 9 2 1 1 1 8 6 8 8 9 2 6 2 21 13 16 16 16 19 16 19 19 16 17 24 29 26 21 22 24 24 24 25 24 25 21 26 28 21 29
55 54 54 54 54 55 54 54 51 52 55 54 57 58 54 50 50 51 50 57 51 51 50 33 37 34 39 39 38 37 39 37 29 23 25 23 24 24 28 21 24 31 33 37 37 34 35 32 34 0 24 21 25 1 4 6 2 1 9 1 1 1 1 8 9 9 9 3 7 29 26 28 21 11 13 19 13 21 26 23 22 26 21 24 20 21 28 24 28 24 27 27 24 20 31 31
53 54 55 54 58 58 58 58 56 56 58 58 58 55 58 54 51 53 55 54 51 55 56 39 34 33 37 36 38 34 34 38 23 27 21 21 21 21 24 21 39 34 33 34 39 36 32 32 34 32 22 16 21 8 7 4 2 1 2 1 1 2 1 9 4 4 9 4 8 2 29 24 28 0 16 10 19 21 22 2 22 21 28 26 23 29 29 29 28 22 24 24 22 26 22 26
51 49 54 55 55 58 58 54 53 54 58 55 58 58 58 58 58 55 55 50 53 53 53 34 34 39 39 31 31 39 39 31 29 21 27 21 22 24 22 24 30 34 34 39 31 33 36 34 33 32 30 11 21 3 4 2 2 2 6 4 2 1 9 8 4 4 4 1 4 27 29 26 26 29 24 18 18 23 23 13 28 23 22 28 22 22 27 29 21 22 22 24 22 27 28 26
50 50 52 57 58 54 57 54 50 57 51 54 58 50 58 51 56 58 53 56 53 53 53 33 39 34 37 39 37 37 39 31 29 21 24 24 29 21 24 24 31 36 34 37 37 36 32 34 34 33 13 12 12 11 14 0 3 1 2 4 9 0 8 2 9 9 9 1 2 20 28 29 26 26 24 12 12 28 24 22 22 22 26 23 24 23 22 28 26 29 26 22 27 23 22 23
50 50 51 52 54 54 50 54 2 58 52 51 50 49 55 54 49 57 56 56 56 50 50 39 39 31 37 39 34 34 0 0 29 27 23 25 29 29 22 36 36 32 36 31 31 39 39 38 34 14 14 12 12 19 14 12 12 2 4 2 1 5 7 7 1 5 9 5 5 22 22 26 23 23 23 12 12 24 24 22 18 22 22 22 22 29 24 25 26 26 22 24 22 28 26 26
51 54 50 54 58 58 54 55 58 58 58 58 49 50 51 56 52 52 58 56 56 51 50 39 39 31 31 39 39 0 27 24 29 29 27 26 21 24 33 39 33 31 38 30 39 39 33 38 38 14 14 12 12 19 13 16 12 14 14 8 3 9 9 4 1 4 6 9 22 22 26 22 29 25 25 18 14 22 0 12 14 23 23 18 18 22 27 29 29 24 24 22 22 21 21 28
54 54 54 54 54 2 2 2 54 54 51 58 54 55 55 58 53 53 58 1 56 53 50 39 39 39 39 39 32 0 29 21 21 27 23 28 24 32 34 33 34 32 32 39 39 39 35 34 32 1 16 12 12 12 12 16 13 14 11 9 4 9 9 9 2 2 4 6 27 26 22 22 21 24 24 14 12 15 0 12 12 11 0 14 17 22 22 22 22 24 22 22 24 22 22 21
54 56 56 87 54 54 53 0 54 54 50 50 55 53 55 57 52 56 57 52 53 57 53 34 31 39 34 39 32 31 31 34 26 27 29 22 0 32 32 33 31 31 31 32 39 39 31 34 31 34 16 18 11 13 12 15 18 17 18 2 2 9 4 8 8 6 25 21 25 25 23 22 22 23 24 22 0 26 29 26 0 29 11 14 15 14 13 17 11 11 26 22 27 22 22 23
