Example_Watersheds/WA_MashelWatershed/DataInputs/m_3_Age/agezonal_0_9_randomized_no_neg.asc
ncols         923
nrows         455
xllcorner     550005.67551598
yllcorner     5180549.8134422
cellsize      30
NODATA_value  -9999
[rows 174 to 231 of 455, columns 768 to 863 of 923]
43 46 47 42 44 45 50 44 49 44 49 49 49 51 47 49 51 51 49 37 35 35 89 31 33 37 34 39 32 39 38 49 49 48 42 47 53 53 58 51 58 56 52 58 55 58 54 56 31 35 35 59 59 57 51 55 59 54 59 41 45 45 41 49 47 47 45 48 46 41 48 46 44 44 41 48 42 42 48 82 82 85 1 0 54 59 51 52 0 54 57 54 0 36 37 39
57 45 50 49 49 46 50 51 47 51 49 49 49 48 51 44 44 49 49 37 39 35 39 34 33 35 33 33 47 2 39 43 46 44 47 42 42 51 52 58 59 58 58 58 51 54 55 39 31 31 38 59 59 57 57 59 59 59 1 45 49 45 45 41 41 44 46 45 49 44 48 41 41 44 47 40 42 42 44 41 0 45 42 49 54 59 0 35 31 31 0 38 31 32 8 9
58 57 51 49 49 47 49 45 51 46 44 44 51 51 51 44 45 49 43 35 37 37 37 39 39 39 47 41 47 42 43 45 43 42 48 47 48 42 52 52 58 58 58 58 34 59 34 34 34 34 36 36 2 58 59 47 45 43 49 49 49 49 49 41 49 44 46 48 44 48 48 49 42 42 48 48 45 45 48 45 42 43 48 45 47 49 2 35 32 44 44 45 47 49 7 7
59 52 46 47 51 42 49 49 45 47 50 50 46 2 49 49 50 45 43 35 36 35 39 33 39 32 43 47 45 49 42 48 49 43 49 40 48 96 92 99 58 57 57 32 38 34 35 34 34 34 38 36 56 58 58 49 49 48 49 45 46 45 44 45 49 44 45 49 44 44 47 47 49 41 41 49 48 42 45 45 44 48 44 44 44 44 42 31 49 42 42 44 49 47 43 2
54 55 43 50 47 45 45 44 44 51 45 51 49 47 51 50 44 49 37 37 34 33 39 37 37 34 49 46 46 48 44 46 44 48 48 49 49 92 99 95 99 37 38 37 38 35 34 34 34 34 38 36 34 44 48 49 48 48 49 49 49 49 49 42 48 49 49 44 44 49 49 49 41 41 49 45 48 42 42 48 44 48 49 49 49 44 49 46 49 42 42 42 49 49 47 43
48 86 51 52 52 43 50 50 45 48 51 49 44 46 49 50 45 49 37 31 36 37 31 33 37 94 94 44 70 77 73 70 74 42 44 49 2 99 99 99 99 0 39 37 35 38 34 34 34 38 31 32 54 46 46 46 44 48 45 41 49 45 45 42 49 45 49 44 41 49 49 46 41 41 49 45 45 45 44 45 47 47 44 47 49 44 49 44 46 49 44 44 49 49 49 47
84 2 86 58 59 58 42 51 50 50 49 46 42 50 48 46 47 46 51 39 38 39 38 96 94 94 73 0 77 77 77 70 74 75 69 49 96 92 99 99 99 97 38 39 34 34 34 37 34 35 38 38 34 55 55 49 49 45 49 45 44 45 49 48 49 47 47 49 49 44 41 46 49 49 49 48 41 46 45 44 44 46 49 45 49 49 47 41 45 44 47 44 48 49 49 49
91 86 91 2 59 50 55 49 51 50 48 48 45 44 45 48 48 50 51 51 39 97 91 72 72 72 77 77 77 77 70 74 74 74 73 77 99 99 99 92 99 99 94 31 33 37 39 37 35 36 35 39 36 37 59 49 49 49 49 44 49 47 41 49 45 47 47 47 49 49 49 45 49 49 41 48 45 38 34 36 37 47 47 41 49 49 49 43 49 44 44 47 48 49 49 29
84 87 82 87 91 59 49 48 46 46 47 48 44 48 42 46 51 49 46 51 92 70 74 70 77 77 77 70 77 70 73 73 72 74 74 73 92 92 99 99 99 99 97 39 35 31 39 34 35 35 38 36 35 39 2 47 45 47 47 49 45 49 49 47 45 43 47 47 49 49 49 45 44 48 48 48 32 34 34 38 35 47 47 44 46 46 41 41 45 48 44 44 47 29 29 29
91 88 88 85 89 83 42 44 46 42 47 47 42 47 49 51 49 51 45 76 71 77 77 77 74 77 77 73 77 77 77 70 74 77 77 70 95 91 99 92 92 97 97 39 38 31 36 34 38 34 34 35 35 35 44 49 42 49 49 45 45 48 49 49 49 46 43 48 49 49 49 49 47 44 44 39 34 34 34 38 35 47 45 45 46 44 47 47 44 41 49 49 49 23 23 23
89 86 89 82 85 91 91 84 49 44 46 49 72 72 72 47 99 77 72 77 77 77 77 77 77 77 77 77 77 77 77 71 73 77 77 77 45 0 91 92 99 97 92 32 35 38 38 31 34 34 32 38 35 36 47 43 43 49 47 44 44 45 49 49 49 49 41 49 49 45 45 44 49 46 49 38 34 34 34 35 46 46 45 45 49 49 49 44 44 41 44 48 23 29 25 23
91 83 91 91 91 91 91 91 49 84 91 49 49 70 70 71 77 77 70 77 77 77 77 77 77 76 77 77 77 77 68 68 77 77 70 42 49 42 0 72 99 99 99 37 37 34 34 31 34 34 34 34 36 34 49 47 47 49 43 43 45 42 42 49 59 49 44 48 49 45 49 44 49 49 49 38 32 36 35 38 34 45 45 46 49 49 49 49 42 42 49 23 27 29 25 25
91 91 91 91 88 90 91 91 46 49 91 91 49 42 77 72 70 77 77 77 70 77 77 77 77 77 77 77 70 77 77 76 77 73 74 85 85 85 85 79 85 49 49 39 35 34 34 31 34 34 34 34 39 39 49 49 47 49 49 45 43 44 0 51 51 52 59 44 49 47 45 49 43 49 44 38 34 38 38 34 34 32 47 48 45 49 49 49 44 44 8 25 5 27 8 27
91 91 91 91 82 87 91 91 91 45 43 91 49 42 44 72 77 77 77 76 77 77 70 77 72 72 77 77 77 77 77 70 77 73 73 82 89 82 85 89 85 80 42 36 36 37 37 37 34 34 34 34 31 39 49 49 43 49 2 55 45 44 54 51 51 59 2 49 47 49 49 49 49 41 41 34 35 36 35 32 31 44 48 48 45 45 49 44 2 8 9 8 4 7 5 5
91 91 91 91 88 83 91 91 91 96 83 82 87 85 49 70 77 77 68 73 75 70 77 72 72 77 77 77 77 77 77 77 77 75 70 82 82 82 89 2 85 0 40 48 33 39 35 35 34 34 34 34 31 30 49 49 49 2 55 59 55 45 52 51 59 59 59 49 49 43 43 49 47 49 49 34 33 38 35 34 34 1 48 42 42 41 49 7 9 5 6 9 2 9 9 5
99 91 91 85 89 91 91 91 91 94 91 91 83 85 49 2 77 73 73 73 77 77 75 74 70 77 99 99 92 99 97 75 70 71 70 87 82 82 82 89 89 49 45 40 49 32 37 35 34 34 34 34 38 35 46 49 49 59 55 55 55 55 51 51 51 55 59 0 43 45 49 44 49 49 49 48 47 36 35 35 35 45 48 44 48 44 4 5 5 5 2 9 5 7 9 9
99 91 91 91 89 87 91 91 83 99 91 0 91 91 49 2 77 69 74 68 77 70 75 72 72 98 99 99 99 90 98 95 82 82 82 87 82 82 82 82 49 49 43 41 44 38 38 34 34 35 34 34 39 45 45 46 48 49 56 55 55 59 51 51 51 51 59 59 43 41 49 48 49 49 44 42 44 35 34 34 30 33 35 44 44 56 3 5 0 5 8 3 5 9 1 6
99 99 91 91 87 91 91 91 91 91 82 88 0 91 49 0 70 70 77 74 74 76 77 71 71 99 99 99 90 93 98 99 83 82 89 82 82 87 82 82 2 49 40 46 40 48 35 38 38 39 35 34 49 42 45 46 49 49 55 51 55 54 51 51 51 58 59 2 41 49 41 41 44 49 42 48 44 44 38 34 38 38 38 44 49 7 5 5 5 9 8 4 1 0 6 1
91 99 99 91 86 91 91 89 84 91 84 88 2 91 49 0 77 70 69 77 76 76 72 68 74 99 99 92 94 90 99 92 83 89 87 87 87 82 82 49 42 47 49 48 46 45 0 48 45 44 44 49 47 46 43 46 49 49 59 55 51 54 51 51 51 55 59 52 49 49 49 41 48 44 42 48 44 47 34 32 33 38 34 47 0 1 5 9 5 9 8 9 4 9 9 3
82 91 99 99 91 91 91 89 85 90 87 88 91 91 77 2 77 77 77 76 69 76 70 71 77 99 99 98 97 99 92 99 0 2 82 83 89 89 87 49 47 47 46 46 46 49 0 45 45 42 48 49 45 45 46 46 45 1 59 59 55 55 52 51 51 51 59 41 49 46 49 43 43 49 48 42 44 37 34 39 38 38 4 4 7 5 2 9 5 9 9 2 4 1 5 4
91 91 99 99 91 91 91 82 90 70 73 76 68 91 71 68 77 73 70 76 76 73 77 70 70 92 96 98 90 92 93 99 94 52 82 82 82 82 0 57 52 48 44 46 49 45 46 49 49 46 43 48 0 46 46 49 45 55 54 59 51 55 52 51 51 51 51 41 45 46 45 49 49 49 48 38 39 34 38 34 38 5 4 8 3 3 6 9 9 5 7 7 6 5 7 7
91 91 91 91 99 91 91 84 91 73 71 73 73 73 77 71 77 73 73 76 73 76 74 74 74 99 92 97 96 97 92 98 91 0 98 87 0 52 56 57 57 0 42 49 47 44 44 44 44 48 47 49 58 57 47 2 46 55 54 59 59 55 51 55 56 41 0 49 41 45 49 42 49 49 48 37 39 34 34 34 2 8 4 9 7 6 5 9 9 9 3 2 2 4 3 1
82 91 91 91 91 91 91 91 84 72 77 0 77 77 77 77 77 74 77 73 69 77 77 77 77 77 77 71 68 94 99 95 95 95 95 0 0 58 58 58 58 56 42 46 49 44 44 42 46 43 42 44 58 59 54 49 45 55 54 54 54 54 42 41 49 46 41 47 49 48 49 42 42 49 49 49 44 34 34 4 4 6 9 9 6 5 9 9 9 9 9 6 9 9 5 8
91 85 91 91 91 91 91 91 77 75 72 77 77 77 77 77 71 0 77 77 70 77 77 77 77 77 77 77 77 77 73 70 77 45 46 44 46 48 0 54 54 58 48 46 49 47 44 42 45 48 45 54 54 56 56 59 56 2 55 45 49 44 44 46 44 42 48 44 49 44 49 41 49 49 47 44 44 34 4 4 4 9 4 5 9 3 5 5 9 8 4 6 9 5 6 8
91 90 91 91 83 91 71 77 77 77 72 74 70 75 75 70 77 77 77 77 72 69 77 71 77 77 77 77 71 77 77 77 77 77 47 49 42 46 45 49 49 44 46 48 48 44 45 48 38 52 52 56 56 57 58 57 43 47 46 46 48 48 46 46 49 47 49 44 47 46 49 49 49 44 44 44 44 34 1 0 0 4 5 9 6 3 9 5 7 8 2 4 7 2 1 7
86 91 86 91 90 91 77 77 77 77 77 77 69 76 76 77 75 70 70 77 77 74 74 77 77 77 77 77 77 77 77 77 70 74 70 44 48 48 49 48 46 44 44 47 48 44 36 36 35 42 48 46 56 0 58 48 43 42 49 47 49 48 45 46 49 49 49 49 46 46 48 44 44 44 49 39 37 7 3 2 4 8 2 0 4 5 9 5 9 3 3 0 4 7 0 5
91 91 91 87 90 90 77 77 72 75 73 77 63 88 38 73 71 69 68 0 77 69 77 77 77 70 77 77 77 75 70 77 77 77 47 49 44 42 42 45 43 48 42 47 48 44 33 0 36 46 47 43 0 45 55 48 48 44 44 45 49 49 48 46 46 49 49 49 49 49 49 44 47 47 42 39 34 8 9 6 0 0 7 4 6 8 5 5 9 0 8 1 0 2 4 5
99 99 84 89 90 90 76 77 73 77 77 42 89 89 85 81 71 72 73 70 77 77 74 70 77 0 69 70 75 0 72 70 70 67 42 41 49 43 42 48 40 43 48 45 44 44 46 42 0 46 45 44 46 47 46 45 46 44 44 43 49 42 46 45 49 49 44 49 41 49 49 49 48 42 42 34 4 7 9 9 4 7 6 9 2 8 3 9 5 5 9 9 4 8 4 7
99 97 99 0 84 90 73 77 73 77 77 63 89 89 88 83 88 76 77 75 77 71 72 71 77 77 72 69 71 73 48 62 69 69 42 2 48 49 43 42 42 42 47 46 46 45 44 58 56 46 58 54 46 47 41 45 49 48 43 49 49 49 46 49 49 41 49 49 48 42 41 42 42 44 41 9 2 2 9 8 0 6 7 3 4 9 5 9 9 9 8 5 1 2 4 5
99 99 55 56 59 82 75 77 77 69 77 63 62 88 86 87 88 73 75 71 77 74 71 71 43 73 70 41 43 47 48 49 69 65 46 2 42 42 48 42 44 42 42 42 42 49 44 42 1 48 59 44 47 47 0 47 44 49 43 49 49 49 49 49 49 49 47 47 43 41 42 42 41 47 2 7 9 9 8 6 8 5 4 4 4 9 9 1 8 9 9 9 8 8 2 4
59 59 59 59 55 59 68 77 77 77 42 63 61 60 89 85 88 83 75 77 75 46 44 44 48 48 43 44 43 44 49 66 66 66 46 67 42 47 45 49 44 44 44 47 47 49 44 46 0 49 1 48 49 49 49 44 47 49 49 43 44 49 48 47 47 49 41 42 49 49 49 42 47 2 9 8 8 8 8 8 8 9 8 4 9 9 1 8 6 9 5 8 9 7 4 3
59 54 50 52 55 77 75 73 77 72 63 61 56 63 89 85 86 83 71 39 49 49 43 45 49 45 45 43 46 47 0 69 68 61 68 67 66 41 44 44 49 47 44 44 47 40 35 38 37 41 59 41 49 44 49 49 49 49 46 46 42 44 42 45 47 49 43 43 43 42 49 44 4 9 6 8 4 9 8 8 8 8 9 9 9 9 6 4 9 7 9 3 9 5 0 9
51 57 55 55 63 75 77 73 77 71 57 62 63 56 89 83 82 84 33 33 39 2 43 43 46 49 47 43 46 43 62 69 66 62 68 67 66 0 45 48 49 47 47 47 44 34 38 34 39 49 48 44 49 49 49 45 49 49 45 49 44 44 42 48 49 49 49 42 43 42 2 49 7 4 4 9 7 9 8 2 1 9 5 5 9 9 8 8 9 5 9 3 8 9 5 3
52 54 60 62 58 68 77 77 77 77 63 60 59 56 89 82 2 88 85 39 39 36 33 43 43 43 42 43 49 63 68 64 67 68 66 66 66 66 44 33 48 1 0 0 37 35 31 36 37 43 43 41 49 41 49 43 42 42 42 44 34 34 34 37 0 42 48 42 49 2 39 0 7 7 8 9 5 4 8 5 3 5 5 8 0 40 9 1 6 3 7 9 9 5 9 7
38 54 62 62 59 38 77 73 77 77 63 61 63 63 2 89 83 88 81 31 31 39 39 35 33 43 43 48 48 67 61 62 68 63 66 65 68 62 32 32 33 35 37 37 39 37 39 38 38 48 43 44 44 42 49 43 43 43 49 38 39 34 35 37 37 0 33 39 2 33 33 57 0 9 9 9 6 0 9 8 9 49 49 9 48 42 0 48 2 7 7 7 5 4 5 5
41 39 57 54 62 54 69 77 77 57 57 63 58 63 89 89 89 80 82 88 39 34 36 39 36 42 42 45 67 66 61 62 65 66 66 62 65 68 0 33 33 39 39 39 39 39 39 39 36 44 43 43 42 42 49 48 43 44 45 0 37 39 34 37 37 37 37 36 33 33 33 57 2 4 7 3 9 9 8 7 9 49 45 49 49 45 45 43 49 5 7 7 7 8 7 9
37 39 56 63 62 55 55 34 41 63 57 57 63 63 80 89 88 83 84 88 62 39 34 36 33 49 0 92 91 92 65 67 63 66 63 69 68 68 66 64 34 38 39 37 34 31 39 38 36 1 54 0 44 49 46 49 43 44 32 35 36 36 34 35 39 37 37 37 43 35 35 58 59 9 9 5 9 9 9 7 9 26 29 25 49 45 45 41 49 9 8 9 9 9 9 5
41 38 56 54 61 62 0 63 59 63 61 61 57 61 89 89 82 80 89 88 89 59 33 39 96 92 92 99 92 92 99 63 66 66 65 65 66 67 67 64 62 30 34 35 32 38 39 37 37 36 34 54 54 48 48 49 43 34 34 34 32 37 38 34 39 37 37 37 37 33 39 54 59 59 0 0 1 9 7 7 5 25 25 29 45 45 45 49 49 49 0 9 9 7 2 0
40 35 59 56 58 56 55 61 63 63 57 61 56 63 89 82 89 80 86 86 0 85 89 87 85 84 98 92 99 99 99 2 63 66 2 65 62 65 66 69 68 33 38 34 35 38 38 39 39 37 39 53 54 0 39 49 43 34 34 34 34 39 35 39 39 34 34 39 33 33 39 58 55 59 35 37 38 38 34 37 27 29 24 41 49 45 41 47 41 49 7 7 4 7 2 7
41 38 58 62 61 54 63 57 63 63 63 63 57 63 89 82 89 82 85 81 80 83 89 87 87 86 88 99 92 99 99 92 62 69 64 62 68 65 61 65 68 0 36 37 38 38 33 39 31 38 34 59 57 34 37 33 33 36 38 34 32 39 37 39 34 0 34 45 37 33 35 55 59 55 37 37 38 38 39 37 2 22 25 45 45 45 49 49 48 49 7 8 8 8 7 5
37 43 63 55 58 60 63 60 2 63 63 63 60 63 89 89 89 87 80 88 82 86 87 87 84 88 89 96 92 99 99 97 64 62 65 65 65 68 61 62 66 67 30 39 38 36 36 31 36 33 35 34 0 34 33 33 33 36 36 31 37 34 34 39 39 49 54 47 45 33 35 55 55 55 35 35 38 37 37 35 35 25 24 45 44 44 49 49 49 48 9 7 7 6 6 0
36 59 61 55 56 60 57 59 63 63 63 63 63 56 83 86 83 87 89 82 89 84 89 89 89 89 85 91 99 99 99 92 66 68 65 61 66 61 66 67 67 66 38 36 35 36 34 31 36 35 35 33 0 39 37 33 39 33 31 33 34 34 34 37 49 49 44 47 49 43 33 57 59 59 35 37 38 32 32 35 31 37 0 45 45 47 47 49 49 47 9 7 2 6 5 8
36 43 63 58 55 59 63 61 61 63 61 61 63 63 89 89 89 89 82 88 89 89 89 89 89 89 89 91 92 97 0 52 62 68 65 62 68 69 69 67 67 66 67 37 36 38 36 34 34 35 34 0 59 59 57 39 33 0 54 54 54 34 2 48 42 49 49 49 49 43 43 55 54 54 39 39 33 34 37 35 31 37 47 43 45 49 47 49 49 49 9 9 4 1 9 8
36 36 59 63 62 56 58 59 62 0 61 56 61 61 82 83 83 89 86 89 89 89 89 86 83 89 89 93 96 52 57 59 63 66 69 65 66 68 66 62 66 67 63 32 37 38 34 34 34 31 34 39 50 51 55 2 33 54 54 54 54 0 44 48 48 48 44 44 44 49 45 54 59 54 37 33 34 38 35 37 31 37 0 45 49 42 41 49 49 49 9 9 6 4 4 3
41 41 52 63 61 58 63 56 55 0 61 63 61 59 87 87 89 89 89 89 89 89 89 89 83 82 82 92 59 52 54 54 52 65 68 66 68 66 62 67 62 67 67 37 37 33 34 35 31 39 38 39 55 57 57 33 31 53 54 53 54 34 42 0 0 0 44 44 48 43 45 59 59 54 35 33 34 31 28 21 0 27 47 49 49 49 49 49 47 37 7 4 7 4 0 1
41 36 37 63 63 63 63 61 56 62 62 59 63 89 89 89 89 89 89 89 83 89 89 89 89 87 88 87 92 50 53 54 63 65 68 68 66 66 62 67 62 67 67 33 36 33 34 34 34 38 34 39 32 34 39 33 32 33 54 53 52 38 32 67 62 54 44 47 48 43 43 43 34 59 38 35 33 34 28 29 25 21 49 45 49 47 49 47 2 34 4 9 4 4 9 3
36 36 36 59 63 58 54 55 62 61 62 63 89 89 89 89 89 89 89 89 89 89 89 89 89 84 88 88 99 52 53 54 0 62 66 63 65 66 60 61 67 62 69 33 35 35 35 35 37 38 36 31 34 34 38 33 33 33 54 54 51 38 62 69 69 64 54 44 36 36 43 39 39 34 34 39 37 34 29 23 29 25 2 44 49 47 49 47 49 39 9 9 2 1 2 5
41 36 43 59 56 63 56 61 56 59 63 63 89 89 89 86 89 86 89 89 89 89 89 84 80 86 83 88 88 58 54 52 0 63 67 67 67 67 62 62 63 2 59 58 58 55 55 35 37 32 32 39 34 34 35 33 33 39 53 53 53 32 68 68 69 64 44 49 49 43 43 49 39 44 2 37 33 1 24 27 25 27 25 46 47 49 49 49 2 37 9 3 7 7 3 6
41 40 43 43 56 60 62 63 56 57 99 82 89 89 89 89 89 89 89 82 89 89 89 89 89 83 88 82 85 81 52 51 57 63 65 67 62 62 64 67 67 49 59 57 58 54 57 54 37 31 32 32 31 39 34 38 33 53 59 54 52 48 1 69 64 1 47 49 45 43 49 49 44 44 40 45 33 28 24 21 27 29 25 41 45 49 41 49 47 32 0 7 1 7 9 9
41 43 36 92 54 56 61 63 56 63 93 93 89 89 89 89 89 86 86 80 88 83 83 87 86 89 93 93 89 92 92 53 52 92 0 67 119 115 118 42 49 47 57 59 59 54 54 54 39 37 31 39 34 2 1 59 53 0 59 59 58 48 48 47 0 34 41 46 44 44 42 44 49 45 42 40 0 27 26 26 25 29 25 49 49 45 41 49 47 47 1 7 7 7 7 9
37 36 43 92 63 56 61 57 63 93 93 93 82 87 89 83 89 89 83 85 85 88 81 84 93 86 93 93 89 93 99 99 0 0 90 2 116 111 111 118 0 53 51 54 55 58 53 55 0 39 37 31 35 2 44 44 44 44 49 47 48 47 46 0 34 34 44 46 44 49 44 49 49 48 42 45 0 24 26 23 25 25 22 41 48 49 44 49 49 47 47 9 2 9 9 5
36 41 43 91 93 58 54 93 99 93 93 84 93 89 89 82 83 89 80 85 85 87 93 86 93 93 93 85 92 92 99 99 0 82 85 89 87 112 112 1 47 52 59 56 55 55 53 55 0 34 35 37 34 49 44 44 46 48 44 47 41 49 44 38 37 38 37 37 34 44 44 49 44 44 49 49 0 25 26 23 25 21 25 45 45 45 49 48 49 42 44 44 0 5 8 5
41 36 59 92 99 99 99 93 93 93 93 93 93 91 88 89 83 89 87 93 92 93 93 93 93 93 93 93 90 90 98 99 92 87 89 2 0 92 91 93 47 47 48 1 1 58 55 56 0 38 34 35 35 43 47 44 46 44 49 47 49 46 44 0 2 37 39 38 34 0 49 49 49 49 49 0 9 0 25 24 25 25 25 49 41 45 44 49 49 47 44 44 49 44 44 0
39 36 50 59 59 93 93 93 93 93 93 93 93 85 93 88 93 93 93 86 93 93 93 86 86 93 93 89 92 85 92 98 98 85 83 99 84 91 84 89 1 82 90 0 99 97 54 54 58 34 38 32 35 47 47 46 47 47 49 47 49 49 49 58 2 0 34 34 39 0 47 49 44 29 2 1 3 5 25 28 21 25 41 49 41 49 41 49 49 43 49 49 0 0 48 0
38 36 53 57 87 85 93 86 93 86 93 93 93 91 88 93 93 93 86 92 93 99 99 99 99 92 99 93 95 91 99 99 2 88 2 91 91 84 91 84 88 84 84 88 2 94 54 55 58 58 38 35 34 0 44 49 49 47 49 47 47 0 57 57 52 51 0 29 22 27 21 29 29 29 49 42 0 9 5 2 24 59 58 49 0 42 41 41 48 44 49 49 49 41 45 40
37 51 59 93 93 93 93 93 93 93 93 93 92 87 93 93 99 99 99 90 99 94 91 101 101 99 99 99 99 99 82 91 0 87 84 0 91 84 84 89 84 84 86 85 87 100 54 53 1 31 33 37 37 34 2 44 49 49 49 49 57 57 58 52 59 53 54 22 22 27 21 24 29 29 45 44 40 49 41 51 51 59 55 58 54 41 47 41 48 44 49 49 44 45 46 49
36 52 53 88 88 87 93 93 93 89 91 93 93 89 99 99 99 91 91 91 91 101 91 91 91 91 91 87 82 85 84 0 85 83 89 0 91 84 84 84 84 84 89 89 89 99 52 59 34 0 33 36 36 34 0 49 49 49 49 45 57 57 51 51 57 53 25 23 22 25 25 25 24 24 0 49 45 51 54 58 55 57 55 51 54 49 49 43 44 47 45 49 46 48 49 41
40 57 58 92 93 85 0 86 86 84 93 93 99 99 99 91 84 91 91 91 91 91 91 91 91 91 85 87 88 82 90 86 83 83 89 89 89 90 84 91 84 84 84 0 89 101 38 39 34 39 39 35 36 37 37 45 49 49 49 49 57 57 52 53 53 53 23 23 23 25 25 25 25 21 29 59 59 51 56 56 56 51 55 51 58 2 47 49 49 48 49 49 49 45 48 49
