Example_Watersheds/WA_MashelWatershed/DataInputs/m_3_Age/agezonal_0_9_randomized_no_neg.asc
ncols         923
nrows         455
xllcorner     550005.67551598
yllcorner     5180549.8134422
cellsize      30
NODATA_value  -9999
[rows 232 to 289 of 455, columns 480 to 575 of 923]
52 52 59 135 132 135 130 138 139 137 137 137 137 132 132 61 68 64 49 52 55 63 67 67 61 61 68 60 61 52 52 79 72 69 62 67 61 62 62 60 68 61 81 89 9 9 6 9 2 4 7 7 0 6 6 2 7 3 4 7 3 3 7 7 5 0 126 120 121 121 0 0 52 52 63 126 120 0 35 38 31 32 39 32 32 39 2 45 41 103 129 123 124 122 44 44
0 139 132 132 131 138 138 138 139 131 133 132 136 139 132 132 64 61 51 51 49 60 61 67 61 62 68 61 61 57 59 92 72 61 61 61 62 62 62 62 66 66 88 81 106 8 5 4 6 2 7 4 6 6 6 6 6 7 8 3 3 6 126 123 123 126 126 126 121 63 62 68 62 66 69 128 42 42 35 41 44 39 31 32 0 42 49 44 48 46 126 129 129 126 42 41
116 113 115 115 115 115 110 116 110 117 115 115 111 117 133 137 69 71 0 71 71 71 79 79 71 72 52 52 59 52 91 95 78 63 69 62 61 62 62 62 62 66 0 0 0 91 0 9 1 1 1 7 7 6 7 6 6 7 6 6 7 124 124 126 123 123 126 66 62 62 62 68 69 68 69 49 48 48 2 49 49 49 42 44 45 42 42 46 42 43 123 122 129 122 0 42
116 110 114 112 115 115 113 109 110 111 113 115 111 114 113 132 132 0 71 72 72 71 78 73 73 72 0 56 72 93 95 95 98 66 66 66 69 62 62 0 63 66 79 72 72 99 2 96 2 102 109 9 4 7 1 0 137 137 136 133 133 124 124 123 123 122 122 121 63 1 63 58 55 56 50 52 49 48 34 49 49 44 42 44 49 49 42 49 42 49 128 121 129 122 122 42
132 116 116 110 115 115 115 112 115 109 115 115 115 115 111 112 132 132 1 72 72 78 79 72 73 72 71 71 75 75 0 0 75 71 61 69 0 62 62 72 63 69 99 92 99 97 96 99 99 102 102 109 107 97 91 0 137 137 137 137 134 123 123 126 123 122 122 122 1 51 51 51 51 51 56 59 54 54 42 44 49 44 49 47 44 40 41 46 46 102 129 124 125 122 122 42
135 139 108 108 115 115 115 115 115 115 115 115 115 115 115 114 114 131 132 0 72 72 72 72 72 72 71 71 71 74 72 72 79 71 71 79 99 69 72 72 77 69 0 92 0 97 91 91 99 109 102 109 106 91 99 99 131 137 131 131 131 127 126 121 121 122 122 122 51 51 51 51 51 51 56 52 54 59 46 47 43 40 46 45 40 44 49 49 45 106 129 129 123 122 122 0
139 137 115 115 115 115 115 115 115 115 115 115 115 115 110 115 114 135 132 136 132 0 72 72 71 72 78 71 71 74 71 79 76 79 70 76 91 73 78 72 71 79 92 92 91 91 91 99 99 99 109 109 106 99 2 109 134 131 137 131 131 127 127 122 126 122 122 128 51 51 51 51 51 56 51 52 54 54 44 42 47 49 42 42 49 44 41 43 43 126 126 124 129 129 129 42
139 137 136 115 114 117 115 111 115 115 115 115 115 115 115 115 115 115 132 137 131 132 72 71 77 72 78 71 71 71 79 72 79 73 75 76 99 92 0 0 92 92 92 92 92 92 99 99 93 109 106 109 109 109 109 107 107 0 101 134 107 107 126 123 125 1 62 61 0 51 61 0 51 58 58 52 51 41 44 121 118 118 46 49 47 47 41 43 2 126 129 126 126 126 122 42
130 137 134 115 114 109 115 115 115 115 115 115 115 115 112 115 115 115 115 115 137 131 72 72 72 72 73 71 76 72 72 72 79 73 76 0 93 98 0 0 92 92 92 92 92 99 99 99 92 91 109 108 106 109 109 109 109 109 109 0 107 0 91 0 125 62 62 62 68 63 68 68 68 68 68 68 68 68 2 120 114 120 48 48 48 49 46 0 61 0 126 122 129 126 122 42
139 132 136 136 115 115 114 115 115 117 117 117 117 115 115 115 115 115 115 113 131 131 91 77 72 72 73 72 73 72 72 72 72 73 0 93 93 99 71 71 0 91 96 92 99 99 99 97 99 94 105 109 109 109 109 109 106 109 109 96 94 91 94 97 62 62 60 62 62 62 62 68 68 62 68 68 62 120 117 113 118 113 85 88 83 82 132 139 66 69 129 126 126 126 42 42
139 136 134 137 114 115 114 114 115 112 115 117 117 109 117 115 115 115 115 111 137 131 97 0 72 71 79 72 72 72 72 79 79 72 72 0 92 95 0 0 62 91 97 92 92 99 96 96 94 0 86 86 105 109 109 106 109 109 106 96 94 94 97 93 0 92 66 66 69 62 69 69 68 68 62 62 62 0 114 114 113 81 86 88 82 86 134 132 66 69 69 0 62 0 44 42
99 99 132 134 134 114 115 114 114 112 112 109 109 115 117 115 113 115 115 115 115 137 97 0 71 71 72 72 72 72 71 72 73 73 72 0 92 95 99 69 0 92 91 97 97 96 96 99 99 99 89 86 86 107 109 106 109 109 106 99 96 97 91 91 93 93 93 63 61 62 62 68 68 62 0 62 113 114 113 113 118 81 81 85 85 82 136 61 64 66 62 64 63 64 45 42
99 99 99 132 132 138 134 114 109 117 117 114 117 115 115 115 115 117 112 115 114 136 97 75 72 72 72 72 72 72 71 73 73 72 0 91 92 92 96 99 92 91 91 91 96 99 99 99 99 0 83 85 86 107 109 104 102 109 106 96 99 94 96 92 96 94 94 97 92 0 0 99 94 61 114 114 114 117 117 113 120 88 82 80 89 82 67 64 67 65 64 65 65 65 62 46
95 98 1 139 139 139 2 131 114 117 117 117 115 115 115 115 115 112 117 115 114 114 0 75 71 71 72 72 72 72 72 71 79 79 99 92 92 92 94 99 92 93 99 92 96 99 99 90 99 99 0 83 85 102 107 106 109 109 109 96 96 96 91 92 91 97 99 99 99 114 0 116 113 117 113 115 114 118 112 114 120 82 89 81 87 84 67 67 64 61 65 65 65 62 66 45
1 90 138 135 139 138 96 91 99 116 117 117 109 115 115 115 115 115 117 113 110 0 114 71 77 71 72 72 72 72 71 79 2 99 91 92 92 92 94 62 62 93 99 93 93 97 94 99 86 0 2 2 106 106 106 106 176 106 0 97 119 113 0 99 99 99 99 121 114 114 113 113 113 118 118 118 113 117 0 117 113 81 84 87 1 152 67 67 65 66 65 68 61 62 66 48
0 84 89 132 133 138 99 97 90 131 117 117 117 115 114 114 115 114 114 114 110 109 110 109 77 71 72 72 72 72 71 73 2 99 91 92 92 92 94 0 62 0 92 92 96 95 91 99 82 89 99 99 104 103 106 84 2 107 0 94 115 113 113 116 113 121 113 114 113 113 0 118 117 117 117 120 117 118 0 112 113 84 81 88 0 120 154 0 61 68 68 61 61 61 65 98
87 87 82 138 131 131 91 93 1 131 136 114 115 115 115 115 114 113 113 109 110 113 116 112 109 75 72 72 72 72 72 79 93 2 97 92 92 92 67 2 72 79 71 91 96 97 99 89 89 89 89 101 109 109 106 89 0 2 0 94 94 94 96 119 116 113 121 114 113 113 119 118 116 114 120 120 117 120 118 1 113 89 83 83 0 117 117 151 151 61 61 61 66 65 0 92
87 86 84 86 134 131 131 133 138 138 131 134 117 117 117 115 114 115 114 110 110 109 109 111 111 75 72 72 78 72 72 70 99 99 99 92 92 61 69 72 72 71 71 71 96 98 99 84 84 89 99 109 100 109 109 86 0 95 99 94 96 67 0 91 91 121 121 114 113 118 117 119 114 120 115 115 115 115 115 0 118 118 86 82 113 115 117 117 119 61 61 61 65 65 62 92
87 87 81 84 89 0 81 138 138 138 131 135 112 112 117 117 115 114 117 109 110 110 110 109 110 110 72 72 73 79 79 93 99 91 92 92 92 61 69 72 72 72 72 79 0 96 92 93 0 99 99 109 106 107 101 79 74 74 0 94 96 0 93 99 99 91 99 0 113 117 117 121 120 113 119 115 119 113 113 113 113 120 158 151 155 118 121 117 117 113 61 65 66 62 62 0
87 87 84 81 87 84 81 86 138 95 98 91 99 117 117 117 110 114 109 115 110 110 110 110 110 111 78 71 79 73 73 73 71 71 92 0 62 64 67 72 72 72 72 79 0 0 92 97 0 99 2 109 106 109 109 0 0 91 91 97 93 121 99 99 91 92 92 151 152 117 117 121 117 117 117 120 119 113 117 115 114 114 153 157 155 152 113 117 117 117 118 68 68 68 102 102
86 87 87 81 84 81 85 88 134 134 138 0 95 117 117 112 117 117 117 117 110 110 110 110 113 112 75 72 79 77 71 73 79 72 92 62 62 63 0 72 72 72 72 72 73 76 93 92 97 91 99 101 105 100 109 91 99 94 96 91 112 113 121 121 113 114 91 151 155 155 117 119 114 117 113 116 0 113 113 113 113 0 156 158 151 155 115 117 116 116 116 69 68 62 109 102
84 87 86 81 86 87 86 88 81 139 91 91 92 95 99 99 110 110 117 117 114 114 110 110 110 112 109 79 79 76 73 71 71 72 62 62 62 62 72 79 72 72 72 72 78 78 93 93 93 2 109 100 105 109 104 106 99 94 91 91 91 114 113 113 113 114 0 117 150 155 121 117 117 117 113 114 114 1 115 113 114 113 118 156 156 116 117 115 118 116 0 63 63 102 102 102
81 86 86 84 87 87 84 84 130 136 139 91 91 91 91 90 99 99 112 114 114 114 0 110 110 116 112 111 79 74 73 71 72 72 62 62 62 72 79 78 71 72 72 72 72 79 79 93 105 2 106 106 106 109 109 103 2 94 93 94 99 120 113 114 114 114 0 113 117 117 117 117 117 117 118 116 117 117 114 113 118 113 113 112 119 117 115 117 0 116 116 103 103 102 109 104
85 84 88 86 131 134 134 139 139 136 136 131 91 91 91 91 99 99 99 117 114 114 2 0 110 110 116 109 2 64 61 64 61 62 62 62 62 72 73 74 70 79 72 72 72 72 71 2 0 0 109 107 106 109 108 103 103 95 94 97 101 101 121 118 113 114 114 113 117 117 117 117 119 113 118 120 113 113 117 115 115 117 113 117 117 117 113 117 119 114 105 103 109 102 109 102
0 0 86 136 130 134 139 135 137 132 131 131 131 91 91 91 99 99 99 109 117 117 115 115 110 110 110 112 69 62 67 77 62 0 0 62 62 72 72 79 76 72 72 72 72 72 71 92 0 96 2 101 0 107 101 102 101 107 92 102 101 101 101 101 114 114 114 114 121 116 119 121 117 113 114 117 117 119 113 121 118 114 117 115 120 119 116 106 109 101 107 105 102 102 102 102
134 136 137 137 137 137 137 134 135 136 132 134 131 131 94 99 98 99 99 114 2 110 117 110 0 110 113 0 62 62 0 74 72 72 72 72 71 72 72 79 76 76 72 72 72 79 78 99 132 132 131 137 137 103 109 104 103 102 101 108 101 105 101 101 102 114 114 114 121 121 121 117 119 119 117 117 117 121 113 113 116 117 117 117 117 112 116 112 106 107 101 104 102 102 102 102
136 137 137 137 136 137 137 137 135 131 133 136 136 136 99 98 98 99 99 117 2 114 112 110 116 110 113 113 62 65 72 72 72 72 72 72 71 71 71 72 76 79 72 72 72 79 2 102 102 101 107 107 107 107 106 104 104 102 102 101 101 101 101 108 109 102 102 114 114 121 121 117 117 113 113 114 114 114 113 113 117 117 117 117 120 114 106 106 101 107 102 104 102 102 102 102
136 137 137 137 137 137 137 137 135 137 132 138 137 139 95 98 95 98 117 110 110 114 117 110 110 117 109 67 65 62 72 72 72 78 73 72 72 72 72 72 76 79 72 72 72 79 109 102 101 109 107 107 107 107 101 109 108 101 102 102 102 109 101 102 102 102 101 100 101 107 2 0 121 2 117 114 114 121 113 113 117 117 117 114 114 120 0 112 101 108 102 102 102 102 102 102
137 137 137 137 137 137 137 131 137 134 137 137 137 139 95 92 111 110 110 117 110 116 110 110 110 0 113 65 65 62 72 72 72 78 73 72 72 72 72 72 77 72 72 72 72 72 109 102 109 102 109 108 107 107 109 109 101 101 102 102 102 102 102 102 105 105 108 108 103 107 137 159 0 0 118 114 119 114 121 117 117 117 117 117 113 113 112 108 102 108 102 102 102 102 102 102
137 137 137 137 137 137 131 131 137 137 137 137 137 137 132 92 110 109 2 2 117 110 110 117 110 110 72 62 62 62 72 72 75 72 72 72 72 71 71 72 71 74 72 0 99 99 109 109 109 107 107 102 109 107 109 109 101 101 102 102 102 102 102 105 102 102 102 102 108 55 133 0 135 135 0 138 152 153 118 120 155 155 117 117 114 112 0 108 105 108 102 102 102 102 102 102
137 137 137 137 137 137 137 131 137 137 137 137 137 137 134 139 88 116 116 109 109 110 0 117 112 0 72 0 0 72 72 72 74 72 72 72 72 71 72 72 79 2 92 92 94 99 99 101 102 107 103 102 109 107 109 109 101 101 102 102 102 102 102 102 102 102 108 68 68 62 61 61 0 81 1 134 155 153 157 158 153 155 115 118 118 115 64 101 101 105 102 104 102 102 102 102
136 137 137 137 137 137 137 137 137 137 137 137 131 131 138 137 87 116 116 112 110 109 109 117 117 77 72 72 72 72 72 72 72 72 72 72 72 79 72 79 79 72 0 99 99 96 96 101 109 102 102 102 102 102 102 102 109 102 102 109 109 102 102 102 102 108 68 68 65 68 65 65 1 1 131 134 138 158 151 157 0 67 117 120 116 62 101 102 105 102 102 102 102 102 102 102
134 137 137 137 137 137 131 131 131 131 139 137 131 131 131 132 88 88 117 117 110 117 117 115 115 72 72 72 72 72 72 72 75 72 72 72 79 72 72 73 76 72 92 92 98 95 90 104 100 109 102 102 102 102 102 102 102 102 109 101 102 102 102 105 102 102 66 69 62 62 0 0 0 112 114 118 117 113 0 0 120 117 117 116 68 68 101 105 105 104 102 102 102 102 102 102
133 131 137 137 137 137 137 137 137 137 137 137 131 131 139 133 132 138 117 117 117 117 117 112 110 72 78 72 72 72 72 72 74 78 74 72 72 72 73 72 93 92 92 99 99 96 91 106 107 109 108 102 102 102 102 102 102 102 109 105 102 102 102 102 102 0 68 68 66 62 117 117 0 117 120 117 118 113 117 119 113 114 118 66 61 0 101 102 105 105 108 102 102 102 102 102
62 133 133 134 136 137 137 137 137 131 131 131 131 137 137 137 136 130 110 112 110 117 109 110 72 72 72 72 76 72 72 72 74 72 72 72 72 72 72 72 99 96 99 99 99 96 99 97 104 101 109 102 108 108 108 102 102 102 102 102 109 102 109 102 102 62 62 62 152 151 113 117 120 117 118 121 120 120 119 119 119 63 63 64 61 61 101 108 108 102 102 102 102 102 102 102
62 62 133 136 136 137 137 137 131 131 138 137 137 137 137 135 136 138 76 114 110 110 110 72 72 72 72 78 79 72 92 0 72 72 72 72 72 72 72 92 99 91 99 98 99 99 99 94 94 101 102 106 102 102 102 102 102 108 102 102 109 102 108 102 65 65 62 61 155 155 151 117 117 114 114 117 113 118 113 119 115 62 68 64 66 61 107 105 104 108 102 102 102 102 102 102
62 62 63 136 137 137 136 137 131 131 131 131 137 137 137 132 132 135 0 112 117 72 72 72 72 72 72 78 78 92 95 93 92 72 78 79 72 72 93 93 92 93 95 92 99 99 99 99 97 102 102 101 102 104 102 102 102 102 102 108 108 102 108 109 62 69 62 62 155 151 157 157 113 113 114 117 0 0 119 120 120 62 67 60 65 61 102 105 101 102 102 102 102 102 102 102
62 62 68 62 136 137 130 131 132 131 137 137 137 137 137 136 130 136 138 79 72 72 72 72 72 72 78 78 78 92 98 92 92 92 92 98 2 92 91 91 91 93 92 95 99 98 98 99 97 0 102 102 102 102 102 102 102 103 103 105 105 101 0 61 62 62 65 135 150 157 155 157 0 113 114 114 117 120 114 119 114 65 62 65 65 62 102 106 102 101 102 102 102 102 104 102
62 62 62 62 68 135 134 130 136 137 137 137 137 137 137 137 137 137 94 79 75 72 72 72 72 72 72 98 98 92 95 98 92 92 92 92 92 98 91 93 99 90 92 99 99 98 99 99 99 92 92 62 0 62 102 102 102 101 101 102 102 101 101 101 62 62 137 135 137 137 0 137 135 132 114 0 114 114 117 119 64 62 68 65 65 68 102 106 106 108 102 102 102 102 104 92
62 62 62 62 62 93 134 136 137 137 137 137 137 137 137 137 136 131 91 92 79 71 79 72 72 72 92 99 92 92 98 92 92 92 98 92 91 91 92 99 93 97 91 91 99 91 93 99 99 92 92 61 62 68 102 102 102 96 101 101 101 102 91 0 67 145 0 147 149 142 135 131 139 131 0 114 114 113 119 119 64 61 65 65 62 68 108 108 101 102 102 102 102 102 95 92
62 62 62 62 69 93 99 131 136 132 137 136 137 137 137 139 137 131 92 98 93 96 91 99 92 92 92 92 92 92 98 92 98 98 92 92 92 98 96 91 91 91 91 91 91 99 96 94 99 92 92 92 102 1 102 102 101 92 102 101 102 101 101 101 141 141 136 147 141 142 135 132 133 132 138 62 116 119 115 63 61 65 65 66 62 66 102 101 101 102 102 102 102 92 92 91
62 62 62 62 62 63 93 137 131 138 136 136 136 137 137 131 131 131 92 98 91 91 91 99 96 92 92 92 92 92 92 92 98 94 98 92 92 92 96 91 91 92 91 91 91 91 99 99 92 92 92 91 72 92 0 101 91 92 101 102 101 102 0 0 144 142 146 144 147 146 147 140 135 0 64 62 66 119 68 61 61 65 65 65 62 66 56 54 51 54 52 52 52 92 91 91
61 63 61 62 62 0 91 0 131 136 136 131 136 136 137 137 137 131 92 92 92 98 98 91 91 92 99 92 92 92 92 92 92 93 92 92 92 92 98 91 97 97 91 91 99 99 99 99 92 92 92 0 72 92 0 102 92 92 101 102 102 107 109 109 144 144 141 144 141 148 147 147 68 66 62 62 62 119 61 61 61 61 61 65 62 1 56 50 54 54 52 52 55 91 91 93
61 62 62 62 62 91 91 91 139 136 131 137 137 97 133 91 91 91 91 96 92 98 99 91 91 91 91 99 97 92 92 92 92 92 92 92 92 92 91 99 91 95 98 97 91 94 99 92 92 92 92 72 72 99 99 102 0 92 105 109 108 101 0 105 142 144 144 144 144 144 144 64 64 64 64 66 67 64 61 61 61 61 61 66 66 68 57 51 54 53 52 52 52 91 91 92
67 65 65 61 61 91 93 98 92 91 91 97 97 97 91 91 91 96 91 92 92 99 96 91 91 91 91 91 99 92 92 92 92 92 92 92 99 92 95 93 94 91 91 93 98 98 99 99 92 92 92 72 79 95 99 109 0 92 102 102 102 109 101 102 142 144 147 144 144 144 144 61 61 62 66 67 61 68 61 61 61 65 68 65 68 60 54 54 54 55 51 53 52 1 91 92
62 65 62 65 95 94 93 91 91 91 96 96 97 97 91 91 91 97 91 92 98 99 97 91 91 91 91 91 91 94 98 92 92 92 92 92 91 98 91 91 91 91 91 99 93 99 99 99 92 92 92 72 72 93 92 98 99 98 108 102 101 101 107 0 132 0 137 144 147 144 145 62 64 65 69 66 68 61 68 68 68 61 65 62 66 56 56 52 54 51 51 53 55 54 0 98
62 62 62 0 94 94 93 91 91 96 93 92 97 97 91 91 91 97 91 92 98 98 99 134 131 0 91 91 91 91 99 92 92 92 92 98 91 91 91 91 91 91 91 91 91 91 91 91 99 92 92 72 72 0 0 103 108 1 101 102 103 101 107 107 137 0 134 144 147 146 144 63 68 63 60 61 64 61 61 61 61 61 60 68 66 52 56 54 54 51 51 58 52 52 56 91
62 62 62 62 62 0 91 91 91 91 97 90 92 92 91 97 97 97 91 92 98 94 92 137 131 130 91 91 91 92 92 92 92 92 99 91 91 99 93 91 91 91 91 91 91 91 91 97 99 92 92 92 92 91 102 102 0 0 101 102 102 106 102 106 0 132 132 142 145 144 147 65 61 61 61 61 61 61 61 61 61 61 66 66 56 56 56 51 51 52 57 57 51 52 56 96
62 62 62 62 62 68 96 1 63 61 67 96 66 92 91 0 0 91 91 98 91 134 138 132 139 134 95 99 99 92 92 92 92 99 99 98 91 93 99 99 91 95 90 91 99 99 91 96 99 92 92 92 92 92 102 102 102 102 108 105 103 108 108 102 107 131 137 132 157 155 65 68 62 61 61 61 61 61 61 65 61 61 65 65 55 56 52 56 54 56 58 57 51 56 56 94
65 62 65 62 62 66 66 63 68 66 65 66 62 68 66 61 61 96 92 98 131 131 130 138 133 137 0 98 95 98 98 98 99 92 98 98 93 93 91 94 91 97 98 91 99 99 91 91 92 99 92 92 102 102 100 101 101 102 108 105 102 104 102 108 107 135 135 135 157 157 68 68 65 65 61 68 68 65 61 66 61 68 65 65 56 52 58 58 52 58 57 51 51 54 59 0
61 68 68 68 68 65 61 61 61 69 62 66 62 70 70 62 64 62 92 0 132 132 139 133 133 139 137 94 92 92 91 99 92 92 98 91 99 93 91 91 91 91 96 97 91 90 91 91 99 99 92 102 102 108 105 102 100 102 102 105 107 107 107 107 57 52 52 55 154 152 0 66 63 65 61 61 62 65 61 61 65 68 61 68 56 55 58 58 58 58 51 58 56 59 56 0
62 62 63 68 61 61 66 69 69 65 62 75 70 70 70 70 66 61 91 91 138 135 138 138 137 130 133 94 96 92 99 92 92 92 92 91 93 93 91 91 91 98 92 97 91 91 91 91 99 92 99 109 103 109 102 101 108 101 102 102 102 102 102 108 52 52 52 52 52 51 0 0 65 65 68 61 62 68 64 65 65 67 61 65 54 58 54 51 51 58 51 51 59 59 71 92
62 66 65 62 68 64 65 69 69 62 70 73 70 70 70 70 70 62 0 91 0 134 138 132 131 134 139 99 99 99 98 99 99 98 98 92 93 90 94 91 98 93 91 91 91 99 91 91 92 99 99 101 101 101 103 101 102 102 107 102 102 102 1 58 58 58 58 52 52 57 0 155 152 0 138 131 0 60 65 65 0 65 63 65 68 58 56 58 51 51 51 51 59 0 0 91
62 66 68 65 64 68 66 65 65 75 70 70 72 70 70 70 74 66 61 0 52 132 138 132 132 139 52 92 92 92 91 98 98 99 91 91 93 97 92 91 98 91 91 91 99 99 99 91 99 99 99 0 101 103 103 102 102 101 102 102 102 102 51 58 52 58 58 58 58 58 51 155 157 155 0 0 135 138 1 131 138 135 135 65 61 50 58 52 58 51 52 51 52 72 92 96
68 61 62 62 62 0 68 73 73 70 71 72 70 70 70 77 1 71 7 13 19 8 136 136 0 2 92 98 98 99 91 91 99 99 97 93 97 93 96 92 91 98 91 99 97 98 98 98 94 99 99 93 107 109 101 102 102 102 102 102 102 102 51 51 51 51 58 58 58 54 57 154 157 159 155 152 138 138 1 138 138 138 138 68 66 56 58 52 58 58 58 59 59 72 126 0
68 68 65 62 62 76 70 70 73 69 75 77 70 0 71 76 69 77 6 13 19 0 0 19 93 99 98 93 91 91 91 91 99 0 18 11 94 92 92 91 98 91 91 94 96 91 92 99 97 99 99 93 103 101 102 109 102 102 102 102 102 102 52 51 51 58 58 56 58 58 51 51 157 159 153 155 138 131 68 68 131 1 0 68 68 68 65 62 58 53 0 52 58 121 122 92
61 62 65 65 0 76 0 0 76 77 71 1 77 17 12 11 11 7 12 12 19 17 0 1 0 14 93 91 94 91 92 92 0 19 18 11 10 92 92 91 94 91 92 97 99 96 91 98 94 94 97 94 2 108 101 102 102 102 102 102 102 102 59 51 58 58 58 58 52 58 51 53 152 150 157 155 155 65 68 68 61 61 61 61 68 62 61 62 138 123 122 122 122 128 123 0
61 68 65 65 0 70 0 73 70 69 77 0 76 18 18 18 18 11 11 13 19 0 9 4 0 11 11 13 12 18 12 14 13 18 11 14 13 12 92 92 92 97 91 91 94 99 92 91 99 94 97 96 106 106 102 102 101 101 102 108 108 102 108 52 58 58 58 58 58 58 55 58 155 153 159 156 155 65 68 61 61 61 61 61 68 68 65 0 132 122 122 122 122 128 122 123
